<?xml version="1.0"?>
<!DOCTYPE Section SYSTEM "section.dtd">

<Section index="197" thickness="0.048" alignLocked="true">
<Transform dim="6"
 xcoef=" 0.669351816276539 0.860892095937187 -0.0561842915519702 0 0 0"
 ycoef=" 4.72856392059958 -0.0773263750978154 0.772149269167974 0 0 0">
<Image mag="0.00220626" contrast="1" brightness="0" red="true" green="true" blue="true"
 src="FPNCT.197.jpg" />
<Contour name="domain1" hidden="false" closed="true" simplified="false" border="1 0 1" fill="1 0 1" mode="11"
 points="0 0,
	4096 0,
	4096 4096,
	0 4096,
	"/>
</Transform>

<Transform dim="6"
 xcoef=" 1.56937360757469 0.846455232617974 -0.0428213084407764 0 0 0"
 ycoef=" 0.098453598304773 -0.00489535937066404 0.953821325970165 0 0 0">
<Contour name="D06" hidden="true" closed="true" simplified="true" border="0 0 1" fill="0 0 1" mode="9"
 points="4.714 3.56324,
	4.71913 3.52369,
	4.73435 3.48545,
	4.75915 3.44979,
	4.79271 3.41787,
	4.83393 3.39077,
	4.88145 3.36937,
	4.93368 3.35438,
	4.9889 3.3463,
	5.04529 3.3454,
	5.10097 3.3517,
	5.15412 3.365,
	5.20297 3.38485,
	5.2459 3.41061,
	5.28149 3.44141,
	5.30857 3.47625,
	5.32625 3.51396,
	5.33393 3.5533,
	5.33136 3.59297,
	5.31863 3.63166,
	5.29616 3.66808,
	5.26469 3.70104,
	5.22526 3.72944,
	5.17919 3.75234,
	5.12798 3.76898,
	5.07333 3.77883,
	5.01706 3.78154,
	4.96103 3.77703,
	4.90708 3.76544,
	4.857 3.74717,
	4.81245 3.72282,
	4.7749 3.69319,
	4.74559 3.65926,
	4.7255 3.62215,
	"/>
</Transform>

<Transform dim="6"
 xcoef=" 1.56937360757469 0.846455232617974 -0.0428213084407764 0 0 0"
 ycoef=" 0.098453598304773 -0.00489535937066404 0.953821325970165 0 0 0">
<Contour name="d01p30" hidden="false" closed="true" simplified="false" border="0 1 1" fill="0 1 1" mode="9"
 points="5.72439 0.228665,
	5.74329 0.209765,
	5.66769 0.134162,
	5.68659 0.115262,
	5.76219 0.190864,
	5.78109 0.171964,
	5.78109 0.228665,
	"/>
</Transform>

<Transform dim="6"
 xcoef=" 1.56937360757469 0.846455232617974 -0.0428213084407764 0 0 0"
 ycoef=" 0.098453598304773 -0.00489535937066404 0.953821325970165 0 0 0">
<Contour name="D10" hidden="true" closed="true" simplified="true" border="0 1 1" fill="0 1 1" mode="9"
 points="7.9029 0.0995115,
	7.9111 0.0563908,
	7.93488 0.0174911,
	7.97193 -0.0133798,
	8.01861 -0.0332002,
	8.07035 -0.0400299,
	8.1221 -0.0332002,
	8.16878 -0.0133798,
	8.20582 0.0174911,
	8.22961 0.0563908,
	8.2378 0.0995115,
	8.22961 0.142632,
	8.20582 0.181532,
	8.16878 0.212403,
	8.1221 0.232223,
	8.07035 0.239053,
	8.01861 0.232223,
	7.97193 0.212403,
	7.93488 0.181532,
	"/>
</Transform>

<Transform dim="6"
 xcoef=" 1.56937360757469 0.846455232617974 -0.0428213084407764 0 0 0"
 ycoef=" 0.098453598304773 -0.00489535937066404 0.953821325970165 0 0 0">
<Contour name="D14" hidden="true" closed="true" simplified="true" border="1 0 0.5" fill="1 0 0.5" mode="9"
 points="2.33012 -1.82635,
	2.34 -1.9101,
	2.36866 -1.98564,
	2.41331 -2.0456,
	2.46957 -2.08409,
	2.53193 -2.09735,
	2.59429 -2.08409,
	2.65055 -2.0456,
	2.6952 -1.98564,
	2.72386 -1.9101,
	2.73374 -1.82635,
	2.72386 -1.74261,
	2.6952 -1.66706,
	2.65055 -1.60711,
	2.59429 -1.56862,
	2.53193 -1.55535,
	2.46957 -1.56862,
	2.41331 -1.60711,
	2.36866 -1.66706,
	"/>
<Contour name="D13" hidden="true" closed="true" simplified="true" border="0.5 0 1" fill="0.5 0 1" mode="9"
 points="2.02438 0.30344,
	2.03248 0.22517,
	2.05636 0.15083,
	2.09483 0.08414,
	2.14596 0.02845,
	2.20718 -0.013455,
	2.27543 -0.039468,
	2.34728 -0.048287,
	2.41913 -0.039468,
	2.48737 -0.013455,
	2.5486 0.02845,
	2.59972 0.08414,
	2.63819 0.15083,
	2.66207 0.22517,
	2.67017 0.30344,
	2.66207 0.3817,
	2.63819 0.45604,
	2.59972 0.52273,
	2.5486 0.57842,
	2.48737 0.62033,
	2.41913 0.64634,
	2.34728 0.65516,
	2.27543 0.64634,
	2.20718 0.62033,
	2.14596 0.57842,
	2.09483 0.52273,
	2.05636 0.45604,
	"/>
</Transform>

<Transform dim="6"
 xcoef=" 1.56937360757469 0.846455232617974 -0.0428213084407764 0 0 0"
 ycoef=" 0.098453598304773 -0.00489535937066404 0.953821325970165 0 0 0">
<Contour name="D18" hidden="true" closed="true" simplified="true" border="1 0 1" fill="1 0 1" mode="9"
 points="6.56729 -1.98046,
	6.57803 -2.06204,
	6.60947 -2.13757,
	6.65928 -2.20144,
	6.72375 -2.24893,
	6.79811 -2.27651,
	6.87684 -2.28213,
	6.9541 -2.26537,
	7.02417 -2.22749,
	7.08185 -2.17128,
	7.12285 -2.10092,
	7.14414 -2.02163,
	7.14414 -1.93928,
	7.12285 -1.85999,
	7.08185 -1.78963,
	7.02417 -1.73343,
	6.9541 -1.69554,
	6.87684 -1.67879,
	6.79811 -1.68441,
	6.72375 -1.71198,
	6.65928 -1.75947,
	6.60947 -1.82335,
	6.57803 -1.89888,
	"/>
</Transform>

<Transform dim="6"
 xcoef=" 2.08937360757469 0.846455232617974 -0.0428213084407764 0 0 0"
 ycoef=" 1.62845359830478 -0.00489535937066404 0.953821325970165 0 0 0">
<Contour name="D17" hidden="true" closed="true" simplified="true" border="0 0 1" fill="0 0 1" mode="-13"
 points="5.33474 -1.48592,
	5.34525 -1.56732,
	5.37589 -1.64181,
	5.42407 -1.70309,
	5.4857 -1.74595,
	5.55555 -1.76676,
	5.62771 -1.76375,
	5.69604 -1.73719,
	5.75476 -1.68932,
	5.79888 -1.6242,
	5.82468 -1.54735,
	5.82995 -1.4653,
	5.81425 -1.38499,
	5.77891 -1.31325,
	5.72693 -1.25614,
	5.66273 -1.21853,
	5.59173 -1.20358,
	5.51996 -1.21258,
	5.45351 -1.24476,
	5.39802 -1.29739,
	5.35818 -1.366,
	"/>
</Transform>

<Transform dim="6"
 xcoef=" 1.56937360757469 0.846455232617974 -0.0428213084407764 0 0 0"
 ycoef=" 0.098453598304773 -0.00489535937066404 0.953821325970165 0 0 0">
<Contour name="d14" hidden="true" closed="true" simplified="true" border="1 0 1" fill="1 0 1" mode="11"
 points="1.96797 -2.38927,
	2.01414 -2.48161,
	2.03723 -2.52778,
	2.1238 -2.60857,
	2.14111 -2.63166,
	2.15265 -2.67783,
	2.15842 -2.70091,
	2.16419 -2.71246,
	2.21036 -2.70668,
	2.22191 -2.70668,
	2.25076 -2.66052,
	2.26807 -2.6432,
	2.36041 -2.62012,
	2.45275 -2.61435,
	2.49892 -2.60857,
	2.59126 -2.57395,
	2.6836 -2.52778,
	2.72977 -2.49892,
	2.75285 -2.48161,
	2.79325 -2.38927,
	2.81057 -2.3431,
	2.87405 -2.25076,
	2.89136 -2.22768,
	2.9837 -2.16996,
	3.00679 -2.15265,
	3.01256 -2.10648,
	3.05296 -2.07763,
	3.14529 -1.89295,
	3.16838 -1.84678,
	3.24918 -1.75444,
	3.22609 -1.6621,
	3.22609 -1.65056,
	3.14529 -1.55822,
	3.12798 -1.53513,
	3.03564 -1.48319,
	2.9433 -1.41971,
	2.85096 -1.33891,
	2.75863 -1.29852,
	2.71246 -1.3216,
	2.68937 -1.33314,
	2.59703 -1.35046,
	2.41235 -1.41971,
	2.32002 -1.46011,
	2.27385 -1.47742,
	2.18151 -1.53513,
	2.15842 -1.55245,
	2.07185 -1.73713,
	2.03146 -1.82946,
	2.00837 -1.87563,
	1.99683 -1.89872,
	1.97952 -2.0834,
	1.97374 -2.26807,
	1.96797 -2.36041,
	1.96797 -2.3835,
	"/>
</Transform>

<Transform dim="6"
 xcoef=" 1.56937360757469 0.846455232617974 -0.0428213084407764 0 0 0"
 ycoef=" 0.098453598304773 -0.00489535937066404 0.953821325970165 0 0 0">
<Contour name="d14" hidden="true" closed="true" simplified="true" border="1 0 1" fill="1 0 1" mode="-11"
 points="4.64431 -1.86508,
	4.67374 -1.88163,
	4.67741 -1.88347,
	4.70684 -1.87244,
	4.72156 -1.86324,
	4.75099 -1.83749,
	4.76386 -1.82461,
	4.77122 -1.79519,
	4.77306 -1.78783,
	4.75467 -1.72897,
	4.74915 -1.71425,
	4.74731 -1.6554,
	4.74915 -1.53768,
	4.75099 -1.47882,
	4.75099 -1.44939,
	4.8172 -1.21396,
	4.83008 -1.18453,
	4.8687 -1.12567,
	4.91101 -1.06681,
	4.93124 -1.03738,
	4.94228 -1.02267,
	4.94228 -0.993238,
	4.94228 -0.978523,
	4.94228 -0.971166,
	4.94228 -0.967487,
	4.94596 -0.963808,
	4.94228 -0.961969,
	4.94228 -0.947254,
	4.93492 -0.945415,
	4.92756 -0.947254,
	4.92388 -0.947254,
	4.90365 -0.976684,
	4.89997 -0.984041,
	4.87238 -1.01163,
	4.79145 -1.12935,
	4.77122 -1.15878,
	4.705 -1.27649,
	4.69765 -1.29121,
	4.69581 -1.29857,
	4.70684 -1.41628,
	4.68845 -1.534,
	4.67741 -1.59286,
	4.66822 -1.71058,
	4.66454 -1.76943,
	4.65166 -1.82829,
	4.64615 -1.85772,
	4.64431 -1.86324,
	"/>
</Transform>

<Transform dim="6"
 xcoef=" 1.56937360757469 0.846455232617974 -0.0428213084407764 0 0 0"
 ycoef=" 0.098453598304773 -0.00489535937066404 0.953821325970165 0 0 0">
<Contour name="d14" hidden="true" closed="true" simplified="true" border="1 0 1" fill="1 0 1" mode="-11"
 points="4.23423 -0.700689,
	4.23791 -0.708047,
	4.23975 -0.709886,
	4.24895 -0.719083,
	4.25447 -0.722761,
	4.27654 -0.750351,
	4.28573 -0.765066,
	4.29493 -0.794495,
	4.29493 -0.800013,
	4.31149 -0.829443,
	4.3354 -0.858872,
	4.36299 -0.888301,
	4.3777 -0.903016,
	4.39242 -0.899337,
	4.39609 -0.899337,
	4.43656 -0.840478,
	4.4476 -0.825764,
	4.45311 -0.796335,
	4.47151 -0.766905,
	4.47335 -0.752191,
	4.47335 -0.744833,
	4.47151 -0.741155,
	4.44208 -0.739315,
	4.41265 -0.741155,
	4.38322 -0.739315,
	4.37586 -0.737476,
	4.34643 -0.711725,
	4.33172 -0.697011,
	4.32436 -0.691493,
	4.29493 -0.685975,
	4.28022 -0.682296,
	4.27654 -0.682296,
	4.26918 -0.676778,
	4.2655 -0.6731,
	4.23607 -0.674939,
	4.23423 -0.682296,
	4.23607 -0.689653,
	4.23791 -0.693332,
	4.23423 -0.697011,
	4.23423 -0.69885,
	"/>
</Transform>

<Transform dim="6"
 xcoef=" 1.56937360757469 0.846455232617974 -0.0428213084407764 0 0 0"
 ycoef=" 0.098453598304773 -0.00489535937066404 0.953821325970165 0 0 0">
<Contour name="d14" hidden="true" closed="true" simplified="true" border="1 0 1" fill="1 0 1" mode="-11"
 points="1.56295 -2.86451,
	1.57016 -2.9222,
	1.57016 -2.93662,
	1.57196 -2.94383,
	1.57377 -2.94743,
	1.60261 -2.94383,
	1.61703 -2.94203,
	1.62424 -2.94022,
	1.71438 -2.82485,
	1.73601 -2.79601,
	1.74863 -2.78158,
	1.75584 -2.77437,
	1.76846 -2.74553,
	1.77567 -2.73111,
	1.77928 -2.7239,
	1.78108 -2.72029,
	1.75224 -2.69145,
	1.73781 -2.67703,
	1.73421 -2.67342,
	1.67652 -2.66982,
	1.64768 -2.66801,
	1.63326 -2.66982,
	1.62605 -2.66982,
	1.60982 -2.69866,
	1.60261 -2.71308,
	1.57016 -2.82846,
	1.56295 -2.8573,
	1.56295 -2.86271,
	"/>
</Transform>

<Transform dim="6"
 xcoef=" 1.56937360757469 0.846455232617974 -0.0428213084407764 0 0 0"
 ycoef=" 0.098453598304773 -0.00489535937066404 0.953821325970165 0 0 0">
<Contour name="d14" hidden="true" closed="true" simplified="true" border="1 0 1" fill="1 0 1" mode="-11"
 points="3.78832 -1.91373,
	3.84824 -1.99199,
	3.86414 -2.01155,
	3.90327 -2.02011,
	3.90572 -2.02011,
	3.92039 -2.00055,
	3.92773 -1.99077,
	3.99009 -1.83424,
	3.99865 -1.81468,
	3.99987 -1.81223,
	3.95585 -1.73397,
	3.94485 -1.71441,
	3.90572 -1.68261,
	3.88615 -1.66672,
	3.87637 -1.65938,
	3.87392 -1.65693,
	3.83479 -1.64837,
	3.81523 -1.64471,
	3.80178 -1.68384,
	3.79566 -1.7034,
	3.79322 -1.71318,
	3.78955 -1.86971,
	3.78832 -1.90884,
	3.78832 -1.9125,
	"/>
</Transform>

<Transform dim="6"
 xcoef=" 1.56937360757469 0.846455232617974 -0.0428213084407764 0 0 0"
 ycoef=" 0.098453598304773 -0.00489535937066404 0.953821325970165 0 0 0">
<Contour name="d14" hidden="true" closed="true" simplified="true" border="1 0 1" fill="1 0 1" mode="-11"
 points="3.9703 -0.305592,
	3.99418 -0.38199,
	4.00612 -0.420188,
	4.0085 -0.429738,
	4.0849 -0.451225,
	4.09684 -0.432126,
	4.104 -0.413026,
	4.10877 -0.374827,
	4.12549 -0.298429,
	4.13026 -0.27933,
	4.12787 -0.241131,
	4.11594 -0.222031,
	4.09684 -0.207707,
	4.05864 -0.18622,
	4.04909 -0.181445,
	4.04431 -0.179058,
	4.02521 -0.188607,
	4.01566 -0.190995,
	3.99418 -0.226806,
	3.98463 -0.245906,
	3.97508 -0.284105,
	3.9703 -0.303204,
	"/>
</Transform>

<Transform dim="6"
 xcoef=" 1.56937360757469 0.846455232617974 -0.0428213084407764 0 0 0"
 ycoef=" 0.098453598304773 -0.00489535937066404 0.953821325970165 0 0 0">
<Contour name="d01" hidden="false" closed="true" simplified="true" border="1 1 0" fill="1 0.5 0" mode="11"
 points="5.08465 0.411531,
	5.08855 0.403729,
	5.09245 0.372523,
	5.10025 0.35692,
	5.10025 0.349118,
	5.10025 0.345218,
	5.10415 0.341317,
	5.10415 0.310111,
	5.10415 0.294508,
	5.10415 0.286706,
	5.11 0.278905,
	5.11195 0.271103,
	5.11195 0.267202,
	5.11585 0.263302,
	5.1178 0.2555,
	5.12756 0.241847,
	5.13536 0.237947,
	5.13926 0.232096,
	5.13536 0.230145,
	5.13731 0.214542,
	5.14121 0.206741,
	5.14121 0.175534,
	5.13536 0.113122,
	5.12561 0.0819161,
	5.12366 0.066313,
	5.12756 0.0585115,
	5.12756 0.0546107,
	5.15876 0.0390077,
	5.16656 0.0351069,
	5.17046 0.0273054,
	5.17241 -0.00390077,
	5.17437 -0.00780153,
	5.16461 -0.0702138,
	5.16461 -0.0780153,
	5.15486 -0.0897176,
	5.14706 -0.105321,
	5.14706 -0.120924,
	5.14706 -0.128725,
	5.15096 -0.136527,
	5.14901 -0.15213,
	5.13926 -0.165783,
	5.13536 -0.173584,
	5.13536 -0.189187,
	5.14121 -0.220393,
	5.15291 -0.251599,
	5.15681 -0.282805,
	5.16461 -0.314012,
	5.15876 -0.329615,
	5.15681 -0.345218,
	5.16266 -0.360821,
	5.16266 -0.364722,
	5.17827 -0.376424,
	5.20947 -0.392027,
	5.24068 -0.397878,
	5.25628 -0.401779,
	5.26408 -0.403729,
	5.26798 -0.40763,
	5.27579 -0.40958,
	5.28944 -0.423233,
	5.32064 -0.442737,
	5.32454 -0.446638,
	5.35575 -0.444687,
	5.37135 -0.438836,
	5.37916 -0.436886,
	5.40841 -0.411531,
	5.41426 -0.40568,
	5.41621 -0.397878,
	5.42791 -0.388126,
	5.44352 -0.374473,
	5.44742 -0.372523,
	5.47862 -0.374473,
	5.48643 -0.374473,
	5.50203 -0.366672,
	5.50983 -0.35887,
	5.52543 -0.349118,
	5.54494 -0.319863,
	5.55469 -0.30426,
	5.55469 -0.300359,
	5.55859 -0.298409,
	5.56054 -0.290607,
	5.57029 -0.275004,
	5.57419 -0.259401,
	5.57224 -0.228195,
	5.57029 -0.212592,
	5.57029 -0.20479,
	5.57029 -0.200889,
	5.5898 -0.171634,
	5.5976 -0.156031,
	5.6015 -0.148229,
	5.6054 -0.144328,
	5.61125 -0.128725,
	5.61125 -0.124824,
	5.6171 -0.117023,
	5.61905 -0.109221,
	5.6249 -0.10142,
	5.63661 -0.0702138,
	5.64051 -0.0390077,
	5.64636 -0.0234046,
	5.65026 -0.0156031,
	5.65026 -0.0117023,
	5.65416 -0.00780153,
	5.66001 0.00780153,
	5.67366 0.0195038,
	5.68927 0.0273054,
	5.69707 0.0312061,
	5.70097 0.0312061,
	5.71462 0.040958,
	5.73998 0.0721642,
	5.75948 0.10142,
	5.78483 0.130676,
	5.79459 0.146279,
	5.80044 0.161882,
	5.81019 0.171634,
	5.81799 0.173584,
	5.82189 0.177485,
	5.8375 0.179435,
	5.89991 0.200889,
	5.93111 0.214542,
	5.94672 0.224294,
	5.95452 0.226244,
	5.95842 0.230145,
	5.98963 0.241847,
	6.00523 0.243798,
	6.06764 0.241847,
	6.08324 0.237947,
	6.11445 0.218443,
	6.13005 0.212592,
	6.16126 0.216492,
	6.17686 0.222344,
	6.20612 0.247699,
	6.23537 0.267202,
	6.25098 0.273054,
	6.26658 0.273054,
	6.29779 0.267202,
	6.30169 0.263302,
	6.30949 0.261351,
	6.31729 0.2555,
	6.32509 0.25355,
	6.34069 0.243798,
	6.3719 0.232096,
	6.40311 0.232096,
	6.41091 0.232096,
	6.42651 0.237947,
	6.45577 0.261351,
	6.47137 0.275004,
	6.47527 0.282805,
	6.48892 0.296458,
	6.49867 0.310111,
	6.50258 0.314012,
	6.50258 0.317912,
	6.50648 0.321813,
	6.50648 0.325714,
	6.51233 0.333515,
	6.51818 0.349118,
	6.52403 0.380325,
	6.52988 0.395928,
	6.53378 0.45834,
	6.52793 0.489546,
	6.52793 0.505149,
	6.52208 0.536355,
	6.51818 0.551958,
	6.51038 0.567561,
	6.48502 0.594867,
	6.45382 0.600718,
	6.42261 0.61047,
	6.40896 0.641676,
	6.39335 0.651428,
	6.3836 0.66508,
	6.3797 0.680684,
	6.3719 0.696287,
	6.3641 0.700187,
	6.3602 0.702138,
	6.32899 0.688485,
	6.29779 0.686535,
	6.28218 0.686535,
	6.26658 0.680684,
	6.25098 0.670932,
	6.21977 0.643626,
	6.19051 0.624122,
	6.17491 0.614371,
	6.16516 0.598767,
	6.16126 0.594867,
	6.15931 0.587065,
	6.15151 0.579264,
	6.14956 0.575363,
	6.14566 0.575363,
	6.11445 0.553909,
	6.09885 0.542206,
	6.06764 0.530504,
	6.05204 0.526603,
	6.03643 0.526603,
	6.02083 0.522703,
	6.00523 0.514901,
	5.99743 0.50905,
	5.98963 0.495397,
	5.98182 0.489546,
	5.96622 0.487596,
	5.95842 0.487596,
	5.94477 0.471993,
	5.92526 0.40958,
	5.91551 0.378374,
	5.90771 0.362771,
	5.90381 0.347168,
	5.90186 0.339367,
	5.89601 0.331565,
	5.89016 0.317912,
	5.8804 0.302309,
	5.8648 0.288657,
	5.8492 0.278905,
	5.81799 0.267202,
	5.80239 0.261351,
	5.79849 0.261351,
	5.79459 0.257451,
	5.77898 0.257451,
	5.76338 0.261351,
	5.75558 0.265252,
	5.73998 0.267202,
	5.73412 0.273054,
	5.73608 0.275004,
	5.73217 0.282805,
	5.72827 0.286706,
	5.71657 0.317912,
	5.69902 0.349118,
	5.67171 0.374473,
	5.65806 0.390077,
	5.65026 0.403729,
	5.65221 0.419332,
	5.67951 0.481745,
	5.67951 0.489546,
	5.68342 0.497348,
	5.68342 0.512951,
	5.67756 0.528554,
	5.67366 0.536355,
	5.66586 0.542206,
	5.65806 0.544157,
	5.64246 0.540256,
	5.61125 0.526603,
	5.5976 0.514901,
	5.58785 0.499298,
	5.57419 0.485645,
	5.56639 0.481745,
	5.53519 0.485645,
	5.51958 0.485645,
	5.50398 0.489546,
	5.48838 0.489546,
	5.42596 0.514901,
	5.39476 0.526603,
	5.37916 0.528554,
	5.34795 0.538306,
	5.31674 0.551958,
	5.30114 0.553909,
	5.28554 0.548058,
	5.27774 0.544157,
	5.27383 0.544157,
	5.26993 0.540256,
	5.25433 0.534405,
	5.22508 0.516851,
	5.21727 0.512951,
	5.21532 0.50905,
	5.20752 0.507099,
	5.18022 0.489546,
	5.14901 0.485645,
	5.1178 0.485645,
	5.1022 0.471993,
	5.0944 0.45639,
	5.0905 0.452489,
	5.08465 0.421283,
	5.08465 0.413481,
	"/>
</Transform>

<Transform dim="6"
 xcoef=" 1.56937360757469 0.846455232617974 -0.0428213084407764 0 0 0"
 ycoef=" 0.098453598304773 -0.00489535937066404 0.953821325970165 0 0 0">
<Contour name="d03" hidden="false" closed="true" simplified="true" border="1 1 0.501961" fill="1 1 0.501961" mode="11"
 points="7.57461 -1.38339,
	7.58721 -1.40355,
	7.59477 -1.41362,
	7.60485 -1.41866,
	7.60989 -1.4237,
	7.63005 -1.42874,
	7.64012 -1.43378,
	7.72076 -1.4363,
	7.74092 -1.44638,
	7.75856 -1.46402,
	7.77872 -1.50434,
	7.78627 -1.54466,
	7.77872 -1.62529,
	7.77368 -1.64545,
	7.77368 -1.66561,
	7.78124 -1.67569,
	7.79131 -1.68073,
	7.80139 -1.67821,
	7.81147 -1.67065,
	7.82155 -1.65049,
	7.82407 -1.64041,
	7.82407 -1.63537,
	7.82911 -1.63033,
	7.85431 -1.5497,
	7.85935 -1.52954,
	7.85935 -1.48922,
	7.85179 -1.46906,
	7.86187 -1.38843,
	7.88455 -1.30779,
	7.89211 -1.26747,
	7.89715 -1.24732,
	7.89463 -1.207,
	7.89211 -1.18684,
	7.87951 -1.16668,
	7.84171 -1.144,
	7.82155 -1.144,
	7.78375 -1.15912,
	7.76612 -1.17424,
	7.73588 -1.21204,
	7.71824 -1.22464,
	7.68548 -1.25991,
	7.60737 -1.31283,
	7.58973 -1.32795,
	7.57713 -1.34811,
	7.57461 -1.36827,
	7.57461 -1.37835,
	7.57461 -1.38087,
	"/>
<Contour name="d03" hidden="false" closed="true" simplified="true" border="1 1 0.501961" fill="1 1 0.501961" mode="11"
 points="6.91441 0.473728,
	6.91945 0.453569,
	6.92953 0.433411,
	6.93457 0.425851,
	6.94465 0.420812,
	6.96481 0.418292,
	6.97489 0.418292,
	7.01521 0.395613,
	7.05552 0.377974,
	7.0656 0.372935,
	7.08576 0.372935,
	7.12608 0.390574,
	7.1664 0.413252,
	7.20671 0.430891,
	7.22687 0.435931,
	7.23191 0.435931,
	7.23695 0.44097,
	7.27727 0.458609,
	7.31759 0.453569,
	7.3579 0.453569,
	7.39822 0.44853,
	7.4083 0.44601,
	7.41838 0.43845,
	7.42846 0.43845,
	7.4335 0.433411,
	7.45366 0.425851,
	7.49145 0.393093,
	7.50405 0.372935,
	7.51161 0.362856,
	7.51413 0.352776,
	7.52673 0.332618,
	7.53681 0.2923,
	7.54185 0.272142,
	7.53681 0.231824,
	7.53933 0.211666,
	7.53681 0.171348,
	7.53429 0.15119,
	7.52673 0.131031,
	7.52421 0.0503966,
	7.52673 0.030238,
	7.52421 -0.0100793,
	7.53177 -0.0907139,
	7.53177 -0.110873,
	7.53681 -0.131031,
	7.53933 -0.133551,
	7.53429 -0.138591,
	7.52169 -0.219225,
	7.51665 -0.239384,
	7.51917 -0.279701,
	7.53681 -0.360336,
	7.54941 -0.400653,
	7.55445 -0.420812,
	7.54689 -0.44097,
	7.54689 -0.481288,
	7.54689 -0.501446,
	7.55193 -0.511525,
	7.55193 -0.551843,
	7.55193 -0.572001,
	7.55445 -0.582081,
	7.59477 -0.622398,
	7.6628 -0.690433,
	7.66784 -0.700513,
	7.688 -0.715632,
	7.70564 -0.73579,
	7.71824 -0.74839,
	7.72076 -0.758469,
	7.7384 -0.776108,
	7.75856 -0.783667,
	7.76864 -0.786187,
	7.77872 -0.783667,
	7.79887 -0.768548,
	7.81147 -0.74839,
	7.81147 -0.74335,
	7.81651 -0.73831,
	7.83415 -0.700513,
	7.83667 -0.680354,
	7.83415 -0.640037,
	7.83667 -0.619878,
	7.85683 -0.607279,
	7.86187 -0.602239,
	7.90219 -0.58964,
	7.91227 -0.584601,
	7.93494 -0.544283,
	7.94754 -0.503966,
	7.9551 -0.463649,
	7.96014 -0.44349,
	7.97274 -0.423331,
	7.9803 -0.403173,
	7.9929 -0.383014,
	8.02566 -0.350256,
	8.03826 -0.309939,
	8.03574 -0.28978,
	8.02818 -0.269622,
	8.02314 -0.267102,
	8.02062 -0.257023,
	7.97022 -0.178908,
	7.94502 -0.138591,
	7.93494 -0.118432,
	7.93242 -0.108353,
	7.92487 -0.0982734,
	7.92235 -0.088194,
	7.91731 -0.0831544,
	7.90975 -0.0629957,
	7.90471 -0.0529164,
	7.89967 -0.0125991,
	7.88707 0.00755949,
	7.86943 0.0251983,
	7.85935 0.0327578,
	7.85431 0.0327578,
	7.81399 0.0554363,
	7.7762 0.0831544,
	7.75856 0.103313,
	7.75352 0.113392,
	7.73588 0.131031,
	7.7132 0.168829,
	7.70564 0.178908,
	7.688 0.219225,
	7.68044 0.239384,
	7.6754 0.244424,
	7.67036 0.264582,
	7.67036 0.274661,
	7.66532 0.279701,
	7.65272 0.320018,
	7.64768 0.340177,
	7.63508 0.360336,
	7.62501 0.370415,
	7.60485 0.375455,
	7.59477 0.377974,
	7.57965 0.398133,
	7.57461 0.418292,
	7.56201 0.43845,
	7.54185 0.44349,
	7.53429 0.44853,
	7.52169 0.468688,
	7.50153 0.481288,
	7.46122 0.488847,
	7.44358 0.501446,
	7.43602 0.511525,
	7.43602 0.516565,
	7.43098 0.521605,
	7.43098 0.526644,
	7.42342 0.534204,
	7.40326 0.536724,
	7.39318 0.536724,
	7.3831 0.531684,
	7.36294 0.531684,
	7.3579 0.536724,
	7.35286 0.536724,
	7.33523 0.556882,
	7.32767 0.566962,
	7.31759 0.572001,
	7.31507 0.577041,
	7.27475 0.58964,
	7.23443 0.59216,
	7.22435 0.59468,
	7.21931 0.59972,
	7.20923 0.602239,
	7.18907 0.614839,
	7.17144 0.632477,
	7.13616 0.660195,
	7.12608 0.667755,
	7.08576 0.665235,
	7.08072 0.665235,
	7.04041 0.642557,
	7.03537 0.642557,
	7.02529 0.634997,
	7.01521 0.632477,
	7.01017 0.627438,
	6.99001 0.619878,
	6.98497 0.619878,
	6.96481 0.607279,
	6.93205 0.572001,
	6.92197 0.551843,
	6.91441 0.511525,
	6.91441 0.491367,
	6.91441 0.481288,
	6.91441 0.476248,
	"/>
</Transform>

<Transform dim="6"
 xcoef=" 1.56937360757469 0.846455232617974 -0.0428213084407764 0 0 0"
 ycoef=" 0.098453598304773 -0.00489535937066404 0.953821325970165 0 0 0">
<Contour name="d05" hidden="false" closed="true" simplified="true" border="1 1 0" fill="1 1 0" mode="11"
 points="6.31929 3.40424,
	6.34143 3.33982,
	6.34345 3.32372,
	6.34949 3.30761,
	6.3515 3.29151,
	6.35955 3.2754,
	6.3676 3.24319,
	6.37566 3.22709,
	6.37767 3.21903,
	6.37767 3.21501,
	6.3817 3.21098,
	6.39378 3.14656,
	6.3978 3.13851,
	6.40183 3.1063,
	6.40585 3.09019,
	6.40384 3.05798,
	6.3978 3.02577,
	6.39579 3.01772,
	6.38975 3.00966,
	6.38572 2.99356,
	6.38975 2.96135,
	6.39378 2.9533,
	6.39982 2.88888,
	6.40384 2.87277,
	6.40585 2.86472,
	6.40585 2.86069,
	6.41592 2.84459,
	6.41995 2.84056,
	6.41995 2.83653,
	6.43203 2.82043,
	6.44008 2.80432,
	6.45417 2.79023,
	6.46222 2.78218,
	6.49242 2.76809,
	6.50853 2.7701,
	6.51255 2.7701,
	6.5206 2.77614,
	6.52866 2.77815,
	6.53268 2.78218,
	6.56489 2.7862,
	6.5971 2.78419,
	6.62931 2.77815,
	6.66153 2.77614,
	6.66555 2.77614,
	6.67763 2.78822,
	6.68166 2.79224,
	6.68568 2.79224,
	6.69978 2.80231,
	6.71588 2.80231,
	6.7803 2.78017,
	6.81251 2.78218,
	6.82056 2.78419,
	6.82459 2.78419,
	6.8568 2.80231,
	6.88901 2.80432,
	6.90512 2.79426,
	6.90914 2.79023,
	6.91317 2.79023,
	6.9172 2.7862,
	6.94941 2.7862,
	6.96551 2.78822,
	6.98162 2.79426,
	6.99772 2.80432,
	7.02993 2.80835,
	7.04604 2.81036,
	7.06214 2.8164,
	7.07825 2.82647,
	7.08227 2.83251,
	7.09033 2.84056,
	7.10241 2.87277,
	7.10442 2.90498,
	7.10643 2.92109,
	7.10442 2.93719,
	7.10442 2.94524,
	7.11247 2.94726,
	7.12052 2.95531,
	7.1326 2.98752,
	7.15475 3.01973,
	7.18293 3.04993,
	7.20709 3.08214,
	7.22118 3.09422,
	7.25339 3.10227,
	7.26145 3.10428,
	7.27755 3.11636,
	7.28762 3.13045,
	7.29164 3.14656,
	7.28963 3.17877,
	7.28359 3.21098,
	7.27755 3.22709,
	7.27554 3.24319,
	7.28158 3.2754,
	7.29164 3.30761,
	7.30372 3.37203,
	7.29768 3.40424,
	7.28963 3.42035,
	7.27554 3.43645,
	7.26547 3.45256,
	7.26145 3.48477,
	7.25541 3.50087,
	7.24131 3.51497,
	7.23125 3.52906,
	7.2232 3.53308,
	7.21917 3.53711,
	7.18696 3.53912,
	7.17891 3.54114,
	7.17488 3.54114,
	7.14267 3.55926,
	7.12656 3.5653,
	7.11046 3.56328,
	7.10643 3.56328,
	7.10241 3.55926,
	7.0863 3.56127,
	7.07825 3.5653,
	7.06214 3.56731,
	7.02993 3.5814,
	7.01584 3.59348,
	7.0098 3.59751,
	6.97759 3.59952,
	6.96149 3.60958,
	6.94538 3.6116,
	6.92927 3.60556,
	6.91317 3.59549,
	6.89908 3.5814,
	6.89304 3.57335,
	6.89102 3.5653,
	6.87089 3.53912,
	6.86083 3.52302,
	6.8568 3.51899,
	6.8568 3.51497,
	6.82056 3.45256,
	6.81855 3.44451,
	6.80849 3.4284,
	6.80446 3.4123,
	6.78634 3.3821,
	6.78231 3.37405,
	6.77829 3.37002,
	6.77628 3.36197,
	6.77024 3.35391,
	6.76822 3.34586,
	6.74809 3.31566,
	6.74004 3.31164,
	6.734 3.30359,
	6.734 3.29956,
	6.69172 3.23916,
	6.6877 3.23514,
	6.68166 3.20293,
	6.68367 3.17072,
	6.69374 3.13851,
	6.69978 3.1224,
	6.7038 3.11837,
	6.7038 3.11435,
	6.70783 3.11032,
	6.70783 3.1063,
	6.71185 3.10227,
	6.72192 3.07006,
	6.73601 3.03785,
	6.74406 3.02174,
	6.75614 3.00564,
	6.76218 2.99759,
	6.76218 2.98148,
	6.75614 2.96739,
	6.76017 2.96538,
	6.75816 2.95732,
	6.74809 2.94323,
	6.71789 2.92109,
	6.70179 2.91102,
	6.63737 2.89894,
	6.62126 2.90095,
	6.61321 2.90297,
	6.5971 2.91505,
	6.58905 2.91907,
	6.55885 2.92109,
	6.55483 2.93719,
	6.55483 3.00161,
	6.55483 3.03382,
	6.55684 3.04993,
	6.56691 3.08214,
	6.57295 3.11435,
	6.57697 3.1224,
	6.59106 3.13649,
	6.59509 3.14455,
	6.59912 3.17676,
	6.61724 3.24118,
	6.62328 3.25728,
	6.63535 3.27339,
	6.63938 3.28144,
	6.64341 3.28345,
	6.64542 3.29151,
	6.65146 3.29956,
	6.65549 3.31566,
	6.65549 3.31969,
	6.65951 3.32372,
	6.66354 3.33982,
	6.66354 3.34787,
	6.66756 3.35593,
	6.66555 3.38814,
	6.64341 3.51698,
	6.64139 3.52503,
	6.63535 3.53308,
	6.63535 3.53711,
	6.61724 3.5653,
	6.61321 3.56932,
	6.61321 3.57335,
	6.59509 3.60355,
	6.59106 3.6116,
	6.58704 3.61562,
	6.58503 3.62368,
	6.57899 3.63173,
	6.57697 3.63978,
	6.57093 3.64783,
	6.56892 3.65589,
	6.55885 3.67199,
	6.54275 3.68608,
	6.52664 3.69212,
	6.52463 3.69615,
	6.50853 3.70018,
	6.49242 3.70018,
	6.48437 3.70018,
	6.47632 3.69414,
	6.47229 3.69414,
	6.44612 3.66595,
	6.42397 3.63374,
	6.41391 3.61764,
	6.41189 3.60958,
	6.40183 3.59348,
	6.39982 3.58543,
	6.37364 3.55523,
	6.36962 3.54718,
	6.36559 3.54315,
	6.36157 3.52705,
	6.36157 3.52302,
	6.35754 3.51899,
	6.35553 3.51094,
	6.33741 3.48074,
	6.32936 3.46464,
	6.32533 3.45658,
	6.3213 3.42437,
	6.31929 3.40827,
	6.31929 3.40626,
	"/>
<Contour name="d05" hidden="false" closed="true" simplified="true" border="1 1 0" fill="1 1 0" mode="11"
 points="6.84875 2.00913,
	6.85479 1.99302,
	6.85479 1.989,
	6.85881 1.98497,
	6.87291 1.92055,
	6.88297 1.88834,
	6.88499 1.88029,
	6.89706 1.86619,
	6.90512 1.8521,
	6.90914 1.84808,
	6.91518 1.83398,
	6.92927 1.81989,
	6.94337 1.78768,
	6.94538 1.77963,
	6.94538 1.7756,
	6.94941 1.77158,
	6.95343 1.75547,
	6.96149 1.73936,
	6.96149 1.73534,
	6.96551 1.73333,
	6.96551 1.7293,
	6.96954 1.72527,
	6.96954 1.72125,
	6.98363 1.71118,
	6.98766 1.70715,
	7.00376 1.70313,
	7.01987 1.70715,
	7.03597 1.71722,
	7.05006 1.73131,
	7.0561 1.74742,
	7.0561 1.76352,
	7.06617 1.79573,
	7.06617 1.79976,
	7.1165 1.86015,
	7.14468 1.88029,
	7.16079 1.89035,
	7.16481 1.89438,
	7.16884 1.89438,
	7.23326 1.93464,
	7.24735 1.94471,
	7.25541 1.9588,
	7.26748 1.97289,
	7.27151 1.98094,
	7.27151 1.98497,
	7.27554 1.989,
	7.28963 2.01718,
	7.29366 2.02523,
	7.29768 2.02926,
	7.30976 2.06147,
	7.3158 2.07757,
	7.31781 2.08563,
	7.32184 2.08965,
	7.33996 2.15407,
	7.346 2.17018,
	7.346 2.17823,
	7.35002 2.18628,
	7.34801 2.31513,
	7.346 2.33123,
	7.346 2.33526,
	7.33191 2.34935,
	7.32788 2.35338,
	7.29567 2.35942,
	7.28762 2.36143,
	7.27554 2.37351,
	7.27151 2.38156,
	7.27554 2.41377,
	7.29768 2.47819,
	7.30573 2.5104,
	7.30976 2.51846,
	7.30976 2.52651,
	7.31379 2.53456,
	7.31379 2.54261,
	7.31781 2.55067,
	7.31781 2.58288,
	7.31781 2.59898,
	7.31177 2.61509,
	7.30775 2.62314,
	7.2997 2.63119,
	7.29164 2.63119,
	7.27554 2.62113,
	7.27151 2.61307,
	7.25742 2.59697,
	7.24534 2.58489,
	7.23527 2.56878,
	7.23125 2.56476,
	7.23125 2.56073,
	7.2232 2.55268,
	7.21514 2.54865,
	7.21112 2.54865,
	7.20709 2.54463,
	7.19904 2.54261,
	7.18293 2.53053,
	7.17488 2.52248,
	7.17085 2.51846,
	7.16683 2.51846,
	7.15072 2.50436,
	7.14267 2.49832,
	7.13864 2.4943,
	7.13462 2.4943,
	7.13059 2.49027,
	7.11448 2.48624,
	7.10643 2.48222,
	7.10241 2.48222,
	7.09838 2.47819,
	7.08227 2.47215,
	7.07422 2.45806,
	7.04604 2.43189,
	7.02389 2.39968,
	7.01785 2.39163,
	7.01785 2.3876,
	7.01383 2.38357,
	7.01584 2.36747,
	7.0098 2.35942,
	7.00779 2.35136,
	7.00376 2.34734,
	6.99168 2.31513,
	6.98564 2.30707,
	6.98564 2.30305,
	6.97558 2.28694,
	6.96954 2.27889,
	6.96551 2.27486,
	6.96551 2.27084,
	6.96149 2.26681,
	6.95746 2.2346,
	6.95746 2.22655,
	6.95142 2.21044,
	6.94941 2.20239,
	6.94941 2.19836,
	6.94538 2.19434,
	6.92525 2.12992,
	6.90512 2.09771,
	6.89304 2.0816,
	6.86485 2.05543,
	6.85277 2.04134,
	6.84875 2.02523,
	6.84875 2.01114,
	"/>
</Transform>

<Transform dim="6"
 xcoef=" 1.56937360757469 0.846455232617974 -0.0428213084407764 0 0 0"
 ycoef=" 0.098453598304773 -0.00489535937066404 0.953821325970165 0 0 0">
<Contour name="d02" hidden="true" closed="true" simplified="true" border="0.5 0 1" fill="0.5 0 1" mode="-11"
 points="7.25826 1.04807,
	7.26063 1.03859,
	7.27486 1.01962,
	7.28434 1.00065,
	7.29146 0.991164,
	7.29383 0.981679,
	7.30569 0.96271,
	7.34363 0.936626,
	7.37919 0.920028,
	7.38868 0.915286,
	7.39816 0.915286,
	7.41476 0.927142,
	7.43136 0.965081,
	7.43847 0.984051,
	7.44084 0.993535,
	7.43373 1.03147,
	7.43373 1.03622,
	7.41239 1.07416,
	7.40053 1.09075,
	7.39105 1.10024,
	7.38631 1.10972,
	7.36734 1.12395,
	7.35074 1.13344,
	7.33177 1.13818,
	7.3128 1.13818,
	7.29383 1.13344,
	7.27723 1.11684,
	7.263 1.0789,
	7.25826 1.06941,
	7.25826 1.05044,
	"/>
</Transform>

<Transform dim="6"
 xcoef=" 1.56937360757469 0.846455232617974 -0.0428213084407764 0 0 0"
 ycoef=" 0.098453598304773 -0.00489535937066404 0.953821325970165 0 0 0">
<Contour name="d05ax18ssvdb" hidden="false" closed="true" simplified="false" border="1 0.501961 0" fill="0 0 1" mode="-11"
 points="7.86344 1.20328,
	7.85422 1.19406,
	7.86344 1.18483,
	7.87267 1.19406,
	"/>
<Contour name="d05ax18ssvdb" hidden="false" closed="true" simplified="false" border="1 0.501961 0" fill="0 0 1" mode="-11"
 points="7.84368 1.25072,
	7.83446 1.24149,
	7.84368 1.23227,
	7.8529 1.24149,
	"/>
<Contour name="d05ax18ssvdb" hidden="false" closed="true" simplified="false" border="1 0.501961 0" fill="0 0 1" mode="-11"
 points="7.81733 1.30737,
	7.8081 1.29815,
	7.81733 1.28893,
	7.82655 1.29815,
	"/>
<Contour name="d05ax18ssvdb" hidden="false" closed="true" simplified="false" border="1 0.501961 0" fill="0 0 1" mode="-11"
 points="7.84104 1.2797,
	7.83182 1.27048,
	7.84104 1.26126,
	7.85027 1.27048,
	"/>
<Contour name="d05ax18ssvr" hidden="false" closed="true" simplified="false" border="0 1 0.25098" fill="0 0 1" mode="-11"
 points="7.88584 1.24808,
	7.87662 1.23886,
	7.88584 1.22963,
	7.89507 1.23886,
	"/>
<Contour name="d05ax18ssvr" hidden="false" closed="true" simplified="false" border="0 1 0.25098" fill="0 0 1" mode="-11"
 points="7.8898 1.27575,
	7.88057 1.26653,
	7.8898 1.2573,
	7.89902 1.26653,
	"/>
<Contour name="d05ax18ssvr" hidden="false" closed="true" simplified="false" border="0 1 0.25098" fill="0 0 1" mode="-11"
 points="7.90693 1.30342,
	7.8977 1.2942,
	7.90693 1.28497,
	7.91615 1.2942,
	"/>
<Contour name="d05ax18ssvr" hidden="false" closed="true" simplified="false" border="0 1 0.25098" fill="0 0 1" mode="-11"
 points="7.85158 1.34295,
	7.84236 1.33373,
	7.85158 1.3245,
	7.86081 1.33373,
	"/>
<Contour name="d05ax18ssvr" hidden="false" closed="true" simplified="false" border="0 1 0.25098" fill="0 0 1" mode="-11"
 points="7.79493 1.34163,
	7.7857 1.33241,
	7.79493 1.32319,
	7.80415 1.33241,
	"/>
<Contour name="d05ax18ssvr" hidden="false" closed="true" simplified="false" border="0 1 0.25098" fill="0 0 1" mode="-11"
 points="7.8977 1.41147,
	7.88848 1.40225,
	7.8977 1.39302,
	7.90693 1.40225,
	"/>
<Contour name="d05ax18ssvr" hidden="false" closed="true" simplified="false" border="0 1 0.25098" fill="0 0 1" mode="-11"
 points="7.93196 1.44309,
	7.92274 1.43387,
	7.93196 1.42465,
	7.94119 1.43387,
	"/>
<Contour name="d05ax18ssvr" hidden="false" closed="true" simplified="false" border="0 1 0.25098" fill="0 0 1" mode="-11"
 points="7.96095 1.39829,
	7.95173 1.38907,
	7.96095 1.37985,
	7.97017 1.38907,
	"/>
<Contour name="d05ax18ssvr" hidden="false" closed="true" simplified="false" border="0 1 0.25098" fill="0 0 1" mode="-11"
 points="7.96359 1.43914,
	7.95436 1.42992,
	7.96359 1.42069,
	7.97281 1.42992,
	"/>
<Contour name="d05ax18ssvr" hidden="false" closed="true" simplified="false" border="0 1 0.25098" fill="0 0 1" mode="-11"
 points="7.98467 1.46945,
	7.97544 1.46022,
	7.98467 1.451,
	7.99389 1.46022,
	"/>
<Contour name="d05ax18ssvr" hidden="false" closed="true" simplified="false" border="0 1 0.25098" fill="0 0 1" mode="-11"
 points="8.02683 1.45759,
	8.01761 1.44836,
	8.02683 1.43914,
	8.03606 1.44836,
	"/>
<Contour name="d05ax18ssvr" hidden="false" closed="true" simplified="false" border="0 1 0.25098" fill="0 0 1" mode="-11"
 points="8.00312 1.41015,
	7.99389 1.40093,
	8.00312 1.3917,
	8.01234 1.40093,
	"/>
<Contour name="d05ax18ssvr" hidden="false" closed="true" simplified="false" border="0 1 0.25098" fill="0 0 1" mode="-11"
 points="8.03869 1.40225,
	8.02947 1.39302,
	8.03869 1.3838,
	8.04792 1.39302,
	"/>
<Contour name="d05ax18ssvr" hidden="false" closed="true" simplified="false" border="0 1 0.25098" fill="0 0 1" mode="-11"
 points="7.93328 1.34559,
	7.92406 1.33636,
	7.93328 1.32714,
	7.9425 1.33636,
	"/>
</Transform>

<Transform dim="6"
 xcoef=" 1.56937360757469 0.846455232617974 -0.0428213084407764 0 0 0"
 ycoef=" 0.098453598304773 -0.00489535937066404 0.953821325970165 0 0 0">
<Contour name="d05ax19ssvr" hidden="false" closed="true" simplified="false" border="0 1 0.25098" fill="0 0 1" mode="-11"
 points="7.37955 4.81408,
	7.37049 4.80502,
	7.37955 4.79596,
	7.38861 4.80502,
	"/>
<Contour name="d05ax19ssvr" hidden="false" closed="true" simplified="false" border="0 1 0.25098" fill="0 0 1" mode="-11"
 points="7.41968 4.89433,
	7.41062 4.88527,
	7.41968 4.87621,
	7.42874 4.88527,
	"/>
<Contour name="d05ax19ssvr" hidden="false" closed="true" simplified="false" border="0 1 0.25098" fill="0 0 1" mode="-11"
 points="7.37826 4.9474,
	7.3692 4.93834,
	7.37826 4.92928,
	7.38732 4.93834,
	"/>
<Contour name="d05ax19ssvr" hidden="false" closed="true" simplified="false" border="0 1 0.25098" fill="0 0 1" mode="-11"
 points="7.31354 4.92151,
	7.30448 4.91245,
	7.31354 4.90339,
	7.3226 4.91245,
	"/>
<Contour name="d05ax19ssvr" hidden="false" closed="true" simplified="false" border="0 1 0.25098" fill="0 0 1" mode="-11"
 points="7.44556 5.02247,
	7.4365 5.01341,
	7.44556 5.00435,
	7.45462 5.01341,
	"/>
</Transform>

<Transform dim="6"
 xcoef=" 1.56937360757469 0.846455232617974 -0.0428213084407764 0 0 0"
 ycoef=" 0.098453598304773 -0.00489535937066404 0.953821325970165 0 0 0">
<Contour name="d05ax18" hidden="false" closed="true" simplified="true" border="0.501961 1 1" fill="0.501961 1 1" mode="-9"
 points="7.77354 1.29494,
	7.78532 1.26354,
	7.78532 1.2557,
	7.79316 1.24785,
	7.80101 1.21646,
	7.81671 1.18506,
	7.84025 1.16152,
	7.87164 1.1419,
	7.88734 1.13797,
	7.90304 1.1262,
	7.93443 1.11443,
	7.99721 1.11835,
	8.02861 1.1262,
	8.0443 1.1262,
	8.05607 1.1419,
	8.07177 1.1419,
	8.10316 1.15759,
	8.12278 1.18899,
	8.13063 1.19684,
	8.14633 1.25962,
	8.15418 1.29101,
	8.1581 1.41658,
	8.16595 1.47937,
	8.1738 1.49506,
	8.16987 1.55785,
	8.15025 1.68342,
	8.13456 1.71481,
	8.11101 1.74228,
	8.07962 1.76975,
	8.05215 1.78937,
	8.02076 1.78544,
	7.98937 1.76582,
	7.98152 1.76582,
	7.95013 1.74228,
	7.91873 1.72658,
	7.89519 1.69911,
	7.87164 1.63633,
	7.85987 1.60494,
	7.85595 1.58924,
	7.8481 1.58139,
	7.77354 1.33025,
	7.77354 1.29886,
	"/>
</Transform>

<Transform dim="6"
 xcoef=" 1.56937360757469 0.846455232617974 -0.0428213084407764 0 0 0"
 ycoef=" 0.098453598304773 -0.00489535937066404 0.953821325970165 0 0 0">
<Contour name="d01SER" hidden="false" closed="true" simplified="true" border="0 1 0" fill="0 1 0" mode="-9"
 points="5.19681 0.0781692,
	5.20839 0.0665886,
	5.24892 0.0492177,
	5.25471 0.0607983,
	5.25181 0.0723789,
	5.23444 0.092645,
	5.21128 0.10133,
	5.1997 0.0984353,
	5.19681 0.0868547,
	5.19681 0.0810644,
	"/>
</Transform>

<Transform dim="6"
 xcoef=" 1.56937360757469 0.846455232617974 -0.0428213084407764 0 0 0"
 ycoef=" 0.098453598304773 -0.00489535937066404 0.953821325970165 0 0 0">
<Contour name="d01SER" hidden="false" closed="true" simplified="true" border="0 1 0" fill="0 1 0" mode="-9"
 points="5.5008 0.0231612,
	5.51238 0.0144758,
	5.52396 0.0173709,
	5.53554 0.0289516,
	5.54133 0.0405322,
	5.53264 0.0868547,
	5.52975 0.0984353,
	5.52106 0.110016,
	5.50948 0.110016,
	5.5008 0.0984353,
	5.50369 0.0521128,
	5.5008 0.0289516,
	5.5008 0.0260564,
	"/>
<Contour name="d01SER" hidden="false" closed="true" simplified="true" border="0 1 0" fill="0 1 0" mode="-9"
 points="5.6166 0.0810644,
	5.63108 0.0579031,
	5.63976 0.0492177,
	5.64845 0.0579031,
	5.65134 0.0694837,
	5.65714 0.0752741,
	5.65714 0.0984353,
	5.65134 0.121597,
	5.65424 0.133177,
	5.66872 0.150548,
	5.68609 0.173709,
	5.69477 0.196871,
	5.69188 0.220032,
	5.68898 0.231612,
	5.6803 0.240298,
	5.66872 0.243193,
	5.65714 0.240298,
	5.63108 0.193975,
	5.62239 0.182395,
	5.6166 0.159234,
	5.6166 0.112911,
	5.6166 0.0897498,
	5.6166 0.0839595,
	"/>
</Transform>

<Transform dim="0"
 xcoef=" 0 1 0 0 0 0"
 ycoef=" 0 0 1 0 0 0">
<Contour name="d05ax18" comment="LK bouton trace named after cfa" hidden="false" closed="true" simplified="true" border="0 1 1" fill="0.502 1 1" mode="-9"
 points="8.05862 3.37009,
	8.06297 3.36139,
	8.08038 3.35051,
	8.08908 3.34398,
	8.10649 3.3418,
	8.12389 3.34398,
	8.13259 3.34616,
	8.20222 3.3962,
	8.27184 3.45494,
	8.30665 3.47887,
	8.34146 3.50715,
	8.37409 3.54196,
	8.43066 3.61159,
	8.44589 3.62899,
	8.45459 3.63769,
	8.47417 3.6725,
	8.4807 3.70731,
	8.46982 3.77694,
	8.46982 3.78564,
	8.45242 3.82045,
	8.44371 3.83785,
	8.42631 3.85091,
	8.3915 3.85308,
	8.35669 3.83568,
	8.34798 3.8335,
	8.33928 3.82698,
	8.33058 3.8248,
	8.31317 3.81175,
	8.30665 3.80304,
	8.3023 3.78564,
	8.29142 3.76823,
	8.27836 3.73342,
	8.22615 3.6638,
	8.20874 3.6464,
	8.16958 3.57678,
	8.14565 3.54196,
	8.12824 3.50715,
	8.11519 3.47234,
	8.11519 3.46799,
	8.09996 3.45711,
	8.08255 3.44188,
	8.06515 3.40707,
	8.05862 3.38967,
	8.05862 3.37226,
	"/>
</Transform>

<Transform dim="0"
 xcoef=" 0 1 0 0 0 0"
 ycoef=" 0 0 1 0 0 0">
<Contour name="d05ax10_ddh" comment="ddh_traced_2018-06-29" hidden="false" closed="true" simplified="true" border="0.502 1 0.502" fill="0.502 1 0.502" mode="11"
 points="7.50447 -0.681091,
	7.51013 -0.699223,
	7.51693 -0.708289,
	7.52033 -0.712822,
	7.5294 -0.717355,
	7.53846 -0.718489,
	7.54753 -0.726421,
	7.55206 -0.729821,
	7.5532 -0.732088,
	7.55773 -0.733221,
	7.56226 -0.736621,
	7.56453 -0.736621,
	7.56906 -0.740021,
	7.57813 -0.74342,
	7.58266 -0.744554,
	7.58719 -0.747953,
	7.60533 -0.75362,
	7.62346 -0.754753,
	7.64159 -0.75362,
	7.64386 -0.75362,
	7.64839 -0.75022,
	7.65066 -0.75022,
	7.65519 -0.74682,
	7.66539 -0.728688,
	7.66652 -0.719622,
	7.67219 -0.70149,
	7.67446 -0.692424,
	7.67672 -0.687891,
	7.68012 -0.651626,
	7.68126 -0.633494,
	7.68919 -0.59723,
	7.69372 -0.579097,
	7.69712 -0.570031,
	7.69825 -0.565498,
	7.69825 -0.563232,
	7.70165 -0.558699,
	7.71299 -0.522434,
	7.71752 -0.504302,
	7.71865 -0.48617,
	7.72319 -0.468038,
	7.72545 -0.431773,
	7.72319 -0.395509,
	7.72092 -0.377377,
	7.71639 -0.359244,
	7.70959 -0.341112,
	7.70279 -0.332046,
	7.70052 -0.327513,
	7.69599 -0.324113,
	7.68692 -0.32298,
	7.68466 -0.320713,
	7.66652 -0.31958,
	7.65746 -0.325246,
	7.65179 -0.334313,
	7.63706 -0.370577,
	7.62799 -0.388709,
	7.62233 -0.397775,
	7.62006 -0.415907,
	7.61893 -0.420441,
	7.61326 -0.429507,
	7.61099 -0.43064,
	7.61099 -0.432906,
	7.59513 -0.451039,
	7.58606 -0.458971,
	7.57133 -0.477104,
	7.55093 -0.513368,
	7.54753 -0.522434,
	7.54186 -0.558699,
	7.5396 -0.567765,
	7.52487 -0.604029,
	7.52147 -0.608562,
	7.51127 -0.644827,
	7.50673 -0.662959,
	7.50447 -0.679958,
	"/>
</Transform>

<Transform dim="0"
 xcoef=" 0 1 0 0 0 0"
 ycoef=" 0 0 1 0 0 0">
<Contour name="d05ax13_ddh" comment="ddh_traced_2018-07-01" hidden="false" closed="true" simplified="true" border="0.502 1 0.502" fill="0.502 1 0.502" mode="11"
 points="8.1272 0.174002,
	8.12966 0.147737,
	8.13212 0.134605,
	8.13376 0.128039,
	8.13459 0.124756,
	8.13623 0.123115,
	8.13787 0.109982,
	8.14608 0.0837179,
	8.14854 0.0804348,
	8.14936 0.0771518,
	8.15182 0.0738687,
	8.15264 0.0705856,
	8.15428 0.0689441,
	8.15428 0.0673026,
	8.16331 0.0549911,
	8.1748 0.0443212,
	8.18794 0.0443212,
	8.19122 0.045142,
	8.1945 0.0476043,
	8.19778 0.048425,
	8.20435 0.0533496,
	8.20845 0.0582742,
	8.21174 0.0607365,
	8.21584 0.0656611,
	8.22077 0.0722272,
	8.22569 0.0771518,
	8.23636 0.0894632,
	8.23882 0.0919255,
	8.23882 0.093567,
	8.24785 0.105878,
	8.25031 0.109162,
	8.25278 0.110803,
	8.25852 0.117369,
	8.26755 0.129681,
	8.27247 0.135426,
	8.27986 0.148558,
	8.28396 0.16169,
	8.28479 0.187955,
	8.28396 0.201087,
	8.27658 0.227351,
	8.27412 0.253616,
	8.27494 0.306145,
	8.27247 0.319277,
	8.27165 0.325843,
	8.26591 0.338975,
	8.25688 0.352107,
	8.25442 0.355391,
	8.24867 0.358674,
	8.24539 0.361136,
	8.23882 0.363598,
	8.23226 0.363598,
	8.22569 0.36524,
	8.21256 0.36524,
	8.19943 0.363598,
	8.19286 0.361957,
	8.19122 0.361957,
	8.18465 0.357853,
	8.18219 0.356211,
	8.17152 0.3439,
	8.16742 0.337334,
	8.1666 0.334051,
	8.16249 0.327485,
	8.15675 0.30122,
	8.15346 0.288088,
	8.14936 0.261824,
	8.1469 0.248691,
	8.13787 0.222427,
	8.13541 0.215861,
	8.13376 0.214219,
	8.1313 0.207653,
	8.1313 0.20437,
	8.12884 0.197804,
	8.1272 0.184672,
	8.1272 0.178106,
	8.1272 0.174823,
	"/>
</Transform>

</Section>