<?xml version="1.0"?>
<!DOCTYPE Section SYSTEM "section.dtd">

<Section index="193" thickness="0.048" alignLocked="true">
<Transform dim="6"
 xcoef=" 1.56937360756953 0.846455232618333 -0.0428213084394615 0 0 0"
 ycoef=" 0.0984535983120377 -0.0048953593711783 0.953821325969845 0 0 0">
<Contour name="D06" hidden="true" closed="true" simplified="true" border="0 0 1" fill="0 0 1" mode="9"
 points="4.90387 3.72147,
	4.90699 3.6784,
	4.91626 3.63639,
	4.93146 3.59648,
	4.95222 3.55964,
	4.97802 3.52679,
	5.00823 3.49873,
	5.0421 3.47616,
	5.0788 3.45963,
	5.11743 3.44954,
	5.15703 3.44615,
	5.19664 3.44954,
	5.23527 3.45963,
	5.27197 3.47616,
	5.30584 3.49873,
	5.33605 3.52679,
	5.36185 3.55964,
	5.3826 3.59648,
	5.39781 3.63639,
	5.40708 3.6784,
	5.4102 3.72147,
	5.40708 3.76453,
	5.39781 3.80654,
	5.3826 3.84646,
	5.36185 3.88329,
	5.33605 3.91614,
	5.30584 3.9442,
	5.27197 3.96677,
	5.23527 3.98331,
	5.19664 3.99339,
	5.15703 3.99678,
	5.11743 3.99339,
	5.0788 3.98331,
	5.0421 3.96677,
	5.00823 3.9442,
	4.97802 3.91614,
	4.95222 3.88329,
	4.93146 3.84646,
	4.91626 3.80654,
	"/>
</Transform>

<Transform dim="6"
 xcoef=" 1.56937360756953 0.846455232618333 -0.0428213084394615 0 0 0"
 ycoef=" 0.0984535983120377 -0.0048953593711783 0.953821325969845 0 0 0">
<Contour name="D14" hidden="true" closed="true" simplified="true" border="1 0 0.5" fill="1 0 0.5" mode="9"
 points="2.90012 -1.72635,
	2.91 -1.8101,
	2.93866 -1.88564,
	2.98331 -1.9456,
	3.03957 -1.98409,
	3.10193 -1.99735,
	3.16429 -1.98409,
	3.22055 -1.9456,
	3.2652 -1.88564,
	3.29386 -1.8101,
	3.30374 -1.72635,
	3.29386 -1.64261,
	3.2652 -1.56706,
	3.22055 -1.50711,
	3.16429 -1.46862,
	3.10193 -1.45535,
	3.03957 -1.46862,
	2.98331 -1.50711,
	2.93866 -1.56706,
	"/>
<Contour name="D13" hidden="true" closed="true" simplified="true" border="0.5 0 1" fill="0.5 0 1" mode="9"
 points="2.03438 0.48344,
	2.04248 0.40517,
	2.06636 0.33083,
	2.10483 0.26414,
	2.15596 0.20845,
	2.21718 0.166545,
	2.28543 0.140532,
	2.35728 0.131713,
	2.42913 0.140532,
	2.49737 0.166545,
	2.5586 0.20845,
	2.60972 0.26414,
	2.64819 0.33083,
	2.67207 0.40517,
	2.68017 0.48344,
	2.67207 0.5617,
	2.64819 0.63604,
	2.60972 0.70273,
	2.5586 0.75842,
	2.49737 0.80033,
	2.42913 0.82634,
	2.35728 0.83516,
	2.28543 0.82634,
	2.21718 0.80033,
	2.15596 0.75842,
	2.10483 0.70273,
	2.06636 0.63604,
	"/>
</Transform>

<Transform dim="6"
 xcoef=" 1.56937360756953 0.846455232618333 -0.0428213084394615 0 0 0"
 ycoef=" 0.0984535983120377 -0.0048953593711783 0.953821325969845 0 0 0">
<Contour name="D18" hidden="true" closed="true" simplified="true" border="1 0 1" fill="1 0 1" mode="9"
 points="6.56729 -1.98046,
	6.57803 -2.06204,
	6.60947 -2.13757,
	6.65928 -2.20144,
	6.72375 -2.24893,
	6.79811 -2.27651,
	6.87684 -2.28213,
	6.9541 -2.26537,
	7.02417 -2.22749,
	7.08185 -2.17128,
	7.12285 -2.10092,
	7.14414 -2.02163,
	7.14414 -1.93928,
	7.12285 -1.85999,
	7.08185 -1.78963,
	7.02417 -1.73343,
	6.9541 -1.69554,
	6.87684 -1.67879,
	6.79811 -1.68441,
	6.72375 -1.71198,
	6.65928 -1.75947,
	6.60947 -1.82335,
	6.57803 -1.89888,
	"/>
</Transform>

<Transform dim="6"
 xcoef=" 1.72937360756953 0.846455232618333 -0.0428213084394615 0 0 0"
 ycoef=" 1.44845359831205 -0.0048953593711783 0.953821325969845 0 0 0">
<Contour name="D17" hidden="true" closed="true" simplified="true" border="0 0 1" fill="0 0 1" mode="-13"
 points="5.33474 -1.48592,
	5.34525 -1.56732,
	5.37589 -1.64181,
	5.42407 -1.70309,
	5.4857 -1.74595,
	5.55555 -1.76676,
	5.62771 -1.76375,
	5.69604 -1.73719,
	5.75476 -1.68932,
	5.79888 -1.6242,
	5.82468 -1.54735,
	5.82995 -1.4653,
	5.81425 -1.38499,
	5.77891 -1.31325,
	5.72693 -1.25614,
	5.66273 -1.21853,
	5.59173 -1.20358,
	5.51996 -1.21258,
	5.45351 -1.24476,
	5.39802 -1.29739,
	5.35818 -1.366,
	"/>
</Transform>

<Transform dim="6"
 xcoef=" 1.56937360756953 0.846455232618333 -0.0428213084394615 0 0 0"
 ycoef=" 0.0984535983120377 -0.0048953593711783 0.953821325969845 0 0 0">
<Contour name="d14" hidden="true" closed="true" simplified="true" border="1 0 1" fill="1 0 1" mode="11"
 points="2.15265 -2.27385,
	2.16419 -2.36618,
	2.16996 -2.41235,
	2.16419 -2.45852,
	2.15842 -2.48161,
	2.19882 -2.57395,
	2.22768 -2.62012,
	2.27385 -2.66052,
	2.29116 -2.67206,
	2.3027 -2.62589,
	2.3027 -2.6028,
	2.32579 -2.55663,
	2.33733 -2.53355,
	2.42967 -2.57972,
	2.44121 -2.58549,
	2.45275 -2.57972,
	2.49892 -2.59126,
	2.54509 -2.57972,
	2.63743 -2.53355,
	2.6836 -2.51046,
	2.77594 -2.50469,
	2.82211 -2.50469,
	2.84519 -2.49892,
	2.93176 -2.40658,
	2.97216 -2.36041,
	2.99524 -2.3431,
	3.08758 -2.32002,
	3.17992 -2.25653,
	3.26649 -2.18151,
	3.29535 -2.08917,
	3.38191 -2.03723,
	3.42808 -2.00837,
	3.50311 -1.82369,
	3.52042 -1.63902,
	3.51465 -1.54668,
	3.51465 -1.52359,
	3.42231 -1.48897,
	3.39923 -1.47742,
	3.38768 -1.43125,
	3.38191 -1.40817,
	3.38191 -1.39663,
	3.28957 -1.35046,
	3.2434 -1.33314,
	3.15107 -1.33314,
	2.96639 -1.31583,
	2.87405 -1.31583,
	2.82788 -1.3216,
	2.73554 -1.35046,
	2.71246 -1.35623,
	2.62589 -1.43702,
	2.53355 -1.50051,
	2.48738 -1.51782,
	2.44121 -1.51782,
	2.41813 -1.51782,
	2.40658 -1.51782,
	2.29693 -1.7025,
	2.24499 -1.79484,
	2.22768 -1.84101,
	2.20459 -2.02569,
	2.16419 -2.21036,
	2.15265 -2.25653,
	2.15265 -2.26807,
	"/>
</Transform>

<Transform dim="6"
 xcoef=" 1.56937360756953 0.846455232618333 -0.0428213084394615 0 0 0"
 ycoef=" 0.0984535983120377 -0.0048953593711783 0.953821325969845 0 0 0">
<Contour name="d14" hidden="true" closed="true" simplified="true" border="1 0 1" fill="1 0 1" mode="-11"
 points="4.39416 -0.669516,
	4.41991 -0.787233,
	4.4475 -0.846091,
	4.45118 -0.853449,
	4.48061 -0.833216,
	4.52659 -0.778036,
	4.5413 -0.765161,
	4.54314 -0.735732,
	4.5413 -0.721017,
	4.52843 -0.691588,
	4.51923 -0.676873,
	4.51187 -0.673194,
	4.49716 -0.65848,
	4.49164 -0.651122,
	4.47693 -0.647444,
	4.41807 -0.645605,
	4.41071 -0.647444,
	4.39784 -0.662158,
	4.39416 -0.665837,
	4.39416 -0.667676,
	"/>
<Contour name="d14" hidden="true" closed="true" simplified="true" border="1 0 1" fill="1 0 1" mode="-11"
 points="4.64982 -1.87244,
	4.68845 -1.9313,
	4.70684 -1.96072,
	4.71604 -1.97544,
	4.71972 -1.97912,
	4.74915 -1.98464,
	4.75834 -1.97176,
	4.78409 -1.9129,
	4.79697 -1.88347,
	4.80617 -1.85404,
	4.82824 -1.73633,
	4.83376 -1.7069,
	4.81536 -1.58918,
	4.81352 -1.57447,
	4.87422 -1.33903,
	4.88158 -1.3096,
	4.93676 -1.19189,
	4.97539 -1.13303,
	5.02505 -1.07417,
	5.0508 -1.04658,
	5.08023 -1.02267,
	5.0931 -1.00979,
	5.10598 -0.980362,
	5.1115 -0.965648,
	5.11333 -0.95829,
	5.11517 -0.954612,
	5.09862 -0.925183,
	5.09494 -0.921504,
	4.97722 -0.989559,
	4.91837 -1.02818,
	4.88894 -1.04658,
	4.87422 -1.05577,
	4.81536 -1.11095,
	4.78593 -1.13303,
	4.77122 -1.14406,
	4.76386 -1.14958,
	4.74731 -1.20844,
	4.74547 -1.2158,
	4.75834 -1.33351,
	4.75283 -1.56895,
	4.75283 -1.59838,
	4.72156 -1.65724,
	4.705 -1.68666,
	4.69765 -1.70138,
	4.66454 -1.8191,
	4.65718 -1.84853,
	4.65166 -1.86324,
	4.64982 -1.8706,
	"/>
</Transform>

<Transform dim="6"
 xcoef=" 1.56937360756953 0.846455232618333 -0.0428213084394615 0 0 0"
 ycoef=" 0.0984535983120377 -0.0048953593711783 0.953821325969845 0 0 0">
<Contour name="d14" hidden="true" closed="true" simplified="true" border="1 0 1" fill="1 0 1" mode="-11"
 points="3.65773 -2.50976,
	3.68199 -2.52947,
	3.69412 -2.54009,
	3.69715 -2.5416,
	3.70929 -2.53857,
	3.71535 -2.53705,
	3.729 -2.51431,
	3.73962 -2.49004,
	3.75326 -2.46578,
	3.78814 -2.41725,
	3.80179 -2.39299,
	3.80786 -2.38086,
	3.81089 -2.37479,
	3.85942 -2.37479,
	3.90794 -2.41725,
	3.93069 -2.43697,
	3.97922 -2.40664,
	3.9959 -2.35811,
	4.005 -2.33385,
	4.00651 -2.32778,
	3.99135 -2.27925,
	3.98225 -2.25499,
	3.97922 -2.24286,
	3.97315 -2.23073,
	3.97012 -2.22466,
	3.94586 -2.20191,
	3.8488 -2.22466,
	3.82454 -2.23073,
	3.78511 -2.27774,
	3.75326 -2.32627,
	3.74568 -2.3384,
	3.7472 -2.33991,
	3.71384 -2.38844,
	3.67744 -2.43697,
	3.66076 -2.46123,
	3.65773 -2.50824,
	"/>
</Transform>

<Transform dim="6"
 xcoef=" 1.56937360756953 0.846455232618333 -0.0428213084394615 0 0 0"
 ycoef=" 0.0984535983120377 -0.0048953593711783 0.953821325969845 0 0 0">
<Contour name="d14" hidden="true" closed="true" simplified="true" border="1 0 1" fill="1 0 1" mode="-11"
 points="3.74063 -1.79756,
	3.77121 -1.83669,
	3.77854 -1.84647,
	3.78832 -1.84892,
	3.82746 -1.85259,
	3.83235 -1.85259,
	3.87148 -1.84036,
	3.90816 -1.80245,
	3.92528 -1.78288,
	3.94118 -1.74375,
	3.95952 -1.70462,
	3.9693 -1.68506,
	3.97297 -1.67528,
	3.9693 -1.63615,
	3.9693 -1.63125,
	3.94852 -1.59212,
	3.94118 -1.58234,
	3.93629 -1.57745,
	3.89716 -1.56889,
	3.87759 -1.56522,
	3.8727 -1.564,
	3.83357 -1.58234,
	3.82379 -1.58601,
	3.814 -1.59212,
	3.76142 -1.67038,
	3.74797 -1.68995,
	3.74186 -1.69973,
	3.74063 -1.77799,
	3.74063 -1.79634,
	"/>
</Transform>

<Transform dim="6"
 xcoef=" 1.56937360756953 0.846455232618333 -0.0428213084394615 0 0 0"
 ycoef=" 0.0984535983120377 -0.0048953593711783 0.953821325969845 0 0 0">
<Contour name="d14p35" hidden="true" closed="true" simplified="false" border="1 1 0" fill="1 1 0" mode="-13"
 points="2.44094 -1.61024,
	2.44094 -1.66041,
	2.39077 -1.66041,
	2.39077 -1.61651,
	2.3845 -1.61024,
	2.3845 -1.66668,
	2.44721 -1.66668,
	2.44721 -1.60397,
	2.3845 -1.60397,
	2.39077 -1.61024,
	"/>
</Transform>

<Transform dim="6"
 xcoef=" 1.56937360756953 0.846455232618333 -0.0428213084394615 0 0 0"
 ycoef=" 0.0984535983120377 -0.0048953593711783 0.953821325969845 0 0 0">
<Contour name="d14" hidden="true" closed="true" simplified="true" border="1 0 1" fill="1 0 1" mode="-11"
 points="2.18282 -1.55774,
	2.22251 -1.62124,
	2.22846 -1.6272,
	2.28998 -1.59346,
	2.33364 -1.52996,
	2.33959 -1.51409,
	2.33959 -1.48234,
	2.33761 -1.46646,
	2.33165 -1.45059,
	2.32768 -1.44265,
	2.29593 -1.4228,
	2.28006 -1.41487,
	2.26418 -1.41487,
	2.25625 -1.41487,
	2.19275 -1.46249,
	2.18481 -1.46845,
	2.18282 -1.53195,
	2.18282 -1.54782,
	2.18282 -1.55576,
	"/>
</Transform>

<Transform dim="6"
 xcoef=" 1.56937360756953 0.846455232618333 -0.0428213084394615 0 0 0"
 ycoef=" 0.0984535983120377 -0.0048953593711783 0.953821325969845 0 0 0">
<Contour name="d14" hidden="true" closed="true" simplified="true" border="1 0 1" fill="1 0 1" mode="-11"
 points="3.91565 -0.180476,
	3.92365 -0.200186,
	3.92735 -0.210042,
	3.94706 -0.249463,
	3.95014 -0.254391,
	3.98956 -0.267942,
	3.99942 -0.271638,
	4.00434 -0.272869,
	4.04377 -0.269174,
	4.04869 -0.268558,
	4.0684 -0.259934,
	4.07826 -0.254391,
	4.09797 -0.240224,
	4.1029 -0.237144,
	4.10536 -0.235296,
	4.14478 -0.243919,
	4.14601 -0.244535,
	4.15156 -0.235296,
	4.15402 -0.230368,
	4.15525 -0.227905,
	4.15587 -0.226673,
	4.14601 -0.187251,
	4.1417 -0.167541,
	4.13985 -0.157685,
	4.12446 -0.137975,
	4.11768 -0.128119,
	4.11214 -0.118264,
	4.10782 -0.108409,
	4.10474 -0.0985533,
	4.10413 -0.0960895,
	4.09982 -0.0917778,
	4.09735 -0.0899299,
	4.09243 -0.088698,
	4.08257 -0.088082,
	4.07764 -0.0874661,
	4.07518 -0.0874661,
	3.99634 -0.136743,
	3.97663 -0.148446,
	3.95692 -0.149062,
	3.94706 -0.149678,
	3.94213 -0.149678,
	3.93967 -0.149678,
	3.92427 -0.168773,
	3.91688 -0.178628,
	3.91565 -0.17986,
	"/>
</Transform>

<Transform dim="6"
 xcoef=" 1.56937360756953 0.846455232618333 -0.0428213084394615 0 0 0"
 ycoef=" 0.0984535983120377 -0.0048953593711783 0.953821325969845 0 0 0">
<Contour name="d14c36" hidden="true" closed="true" simplified="true" border="0 0 1" fill="0 0 1" mode="11"
 points="3.93705 -0.139341,
	3.96545 -0.160642,
	3.97965 -0.162417,
	3.98675 -0.163304,
	4.04355 -0.133128,
	4.05775 -0.123366,
	4.07195 -0.11094,
	4.07816 -0.0825396,
	4.07728 -0.0683392,
	4.07639 -0.0647891,
	4.04799 -0.061239,
	4.03379 -0.059464,
	4.02669 -0.0603515,
	3.96989 -0.0825396,
	3.95391 -0.11094,
	3.94504 -0.125141,
	3.94149 -0.132241,
	3.93882 -0.135791,
	3.93794 -0.138453,
	"/>
</Transform>

<Transform dim="6"
 xcoef=" 1.56937360756953 0.846455232618333 -0.0428213084394615 0 0 0"
 ycoef=" 0.0984535983120377 -0.0048953593711783 0.953821325969845 0 0 0">
<Contour name="d14c27a" hidden="true" closed="true" simplified="true" border="1 0 1" fill="1 0 1" mode="-11"
 points="4.81414 -1.47015,
	4.82418 -1.53442,
	4.82819 -1.55048,
	4.82819 -1.5545,
	4.84426 -1.56454,
	4.9487 -1.30747,
	4.97481 -1.2432,
	5.01096 -1.17893,
	5.02502 -1.1468,
	5.02703 -1.11466,
	5.02903 -1.10663,
	5.01498 -1.09659,
	5.00694 -1.09458,
	4.99087 -1.09859,
	4.98284 -1.1006,
	4.95472 -1.13073,
	4.94066 -1.1468,
	4.93464 -1.15483,
	4.91456 -1.2191,
	4.88242 -1.28337,
	4.83221 -1.41191,
	4.82217 -1.44404,
	4.81614 -1.46011,
	4.81414 -1.46814,
	"/>
</Transform>

<Transform dim="6"
 xcoef=" 1.56937360756953 0.846455232618333 -0.0428213084394615 0 0 0"
 ycoef=" 0.0984535983120377 -0.0048953593711783 0.953821325969845 0 0 0">
<Contour name="d14c31" hidden="true" closed="true" simplified="true" border="1 0.5 0" fill="1 0.5 0" mode="11"
 points="3.80795 -2.40492,
	3.81385 -2.43638,
	3.81582 -2.45211,
	3.8168 -2.45605,
	3.8168 -2.45801,
	3.87973 -2.50127,
	3.88366 -2.50422,
	3.91512 -2.47669,
	3.92299 -2.4708,
	3.92692 -2.46686,
	3.93675 -2.4354,
	3.9397 -2.42753,
	3.91217 -2.39705,
	3.88071 -2.37247,
	3.87678 -2.36952,
	3.84532 -2.36166,
	3.82958 -2.35773,
	3.82762 -2.35773,
	3.81385 -2.38919,
	3.80992 -2.39705,
	3.80795 -2.40099,
	3.80795 -2.40394,
	"/>
</Transform>

<Transform dim="6"
 xcoef=" 1.56937360756953 0.846455232618333 -0.0428213084394615 0 0 0"
 ycoef=" 0.0984535983120377 -0.0048953593711783 0.953821325969845 0 0 0">
<Contour name="d14cfa27a" hidden="true" closed="false" simplified="false" border="1 0 1" fill="1 0 1" mode="-11"
 points="4.83009 -1.56048,
	4.92396 -1.26511,
	5.00407 -1.09364,
	"/>
</Transform>

<Transform dim="6"
 xcoef=" 1.56937360756953 0.846455232618333 -0.0428213084394615 0 0 0"
 ycoef=" 0.0984535983120377 -0.0048953593711783 0.953821325969845 0 0 0">
<Contour name="d14cfa31" hidden="true" closed="false" simplified="false" border="1 0.5 0" fill="1 0.5 0" mode="11"
 points="3.93104 -2.453,
	3.86668 -2.4046,
	3.81332 -2.38424,
	"/>
</Transform>

<Transform dim="6"
 xcoef=" 1.56937360756953 0.846455232618333 -0.0428213084394615 0 0 0"
 ycoef=" 0.0984535983120377 -0.0048953593711783 0.953821325969845 0 0 0">
<Contour name="d14cfa36" hidden="true" closed="false" simplified="false" border="0 0 1" fill="0 0 1" mode="11"
 points="4.0775 -0.0728266,
	4.05492 -0.0954055,
	4.02397 -0.117148,
	3.97882 -0.138891,
	3.94955 -0.146417,
	"/>
</Transform>

<Transform dim="6"
 xcoef=" 1.56937360756953 0.846455232618333 -0.0428213084394615 0 0 0"
 ycoef=" 0.0984535983120377 -0.0048953593711783 0.953821325969845 0 0 0">
<Contour name="d01" hidden="false" closed="true" simplified="true" border="1 1 0" fill="1 0.5 0" mode="11"
 points="5.18022 0.0721642,
	5.18412 0.0565611,
	5.18412 0.0526603,
	5.19582 0.0390077,
	5.20167 0.0234046,
	5.20362 -0.0390077,
	5.20167 -0.0546107,
	5.19777 -0.0624122,
	5.19777 -0.0936184,
	5.19192 -0.124824,
	5.20557 -0.136527,
	5.23678 -0.148229,
	5.24068 -0.15213,
	5.25433 -0.183336,
	5.26408 -0.196989,
	5.29139 -0.226244,
	5.30504 -0.239897,
	5.32259 -0.269153,
	5.32454 -0.276954,
	5.32845 -0.280855,
	5.3304 -0.288657,
	5.35575 -0.317912,
	5.37135 -0.315962,
	5.40256 -0.30426,
	5.43377 -0.296458,
	5.44937 -0.290607,
	5.48058 -0.292557,
	5.51178 -0.298409,
	5.54299 -0.300359,
	5.55079 -0.300359,
	5.57809 -0.278905,
	5.5898 -0.267202,
	5.6054 -0.257451,
	5.63466 -0.232096,
	5.63856 -0.228195,
	5.63856 -0.224294,
	5.64441 -0.216492,
	5.64441 -0.200889,
	5.63271 -0.169683,
	5.6288 -0.161882,
	5.63271 -0.130676,
	5.63271 -0.115073,
	5.64636 -0.0838665,
	5.65026 -0.0799657,
	5.65221 -0.0721642,
	5.65806 -0.0643626,
	5.65806 -0.0604619,
	5.66781 -0.0448588,
	5.67366 -0.0292557,
	5.68342 0.0331565,
	5.68732 0.0487596,
	5.68537 0.0799657,
	5.67366 0.142378,
	5.67561 0.20479,
	5.68146 0.235996,
	5.68342 0.251599,
	5.68927 0.267202,
	5.68927 0.298409,
	5.68537 0.314012,
	5.68732 0.329615,
	5.68732 0.337416,
	5.69122 0.341317,
	5.70097 0.372523,
	5.70682 0.403729,
	5.70682 0.419332,
	5.70682 0.427134,
	5.70097 0.442737,
	5.69122 0.45834,
	5.68732 0.464191,
	5.67171 0.477844,
	5.66001 0.489546,
	5.64441 0.497348,
	5.6132 0.503199,
	5.5976 0.503199,
	5.582 0.499298,
	5.56639 0.501248,
	5.55079 0.50905,
	5.53519 0.512951,
	5.51958 0.520752,
	5.50398 0.520752,
	5.48838 0.516851,
	5.48448 0.512951,
	5.45327 0.520752,
	5.44547 0.522703,
	5.44157 0.526603,
	5.42596 0.530504,
	5.41816 0.536355,
	5.38696 0.550008,
	5.35575 0.555859,
	5.34795 0.553909,
	5.3382 0.538306,
	5.33235 0.522703,
	5.3343 0.507099,
	5.31674 0.477844,
	5.30699 0.462241,
	5.28164 0.436886,
	5.26798 0.421283,
	5.25823 0.40763,
	5.25628 0.399828,
	5.24458 0.384225,
	5.23873 0.368622,
	5.23873 0.353019,
	5.24263 0.345218,
	5.24263 0.314012,
	5.24263 0.30621,
	5.22898 0.275004,
	5.22703 0.267202,
	5.22117 0.259401,
	5.21922 0.251599,
	5.20167 0.220393,
	5.20752 0.157981,
	5.19582 0.126775,
	5.19777 0.118973,
	5.19192 0.111172,
	5.18997 0.10337,
	5.18412 0.0955687,
	5.18022 0.0799657,
	5.18022 0.0741145,
	"/>
</Transform>

<Transform dim="6"
 xcoef=" 1.56937360756953 0.846455232618333 -0.0428213084394615 0 0 0"
 ycoef=" 0.0984535983120377 -0.0048953593711783 0.953821325969845 0 0 0">
<Contour name="d03" hidden="false" closed="true" simplified="true" border="1 1 0.501961" fill="1 1 0.501961" mode="11"
 points="7.60989 -0.327578,
	7.61997 -0.337657,
	7.62501 -0.357816,
	7.62753 -0.43845,
	7.62753 -0.44853,
	7.63005 -0.453569,
	7.62501 -0.493887,
	7.62249 -0.514045,
	7.64516 -0.59468,
	7.6502 -0.604759,
	7.6502 -0.609799,
	7.67792 -0.650116,
	7.67792 -0.660195,
	7.68548 -0.680354,
	7.69052 -0.685394,
	7.69052 -0.690433,
	7.71824 -0.730751,
	7.7384 -0.74839,
	7.75856 -0.758469,
	7.76612 -0.766028,
	7.75856 -0.776108,
	7.75352 -0.796266,
	7.75604 -0.816425,
	7.7636 -0.836584,
	7.78879 -0.876901,
	7.79383 -0.88698,
	7.79383 -0.89202,
	7.79887 -0.897059,
	7.80643 -0.937377,
	7.80895 -0.977694,
	7.80643 -1.01801,
	7.80895 -1.05833,
	7.81651 -1.09865,
	7.81651 -1.1188,
	7.80895 -1.15912,
	7.80895 -1.19944,
	7.81399 -1.23976,
	7.81903 -1.25991,
	7.81903 -1.28007,
	7.81147 -1.32039,
	7.81651 -1.34055,
	7.81651 -1.34559,
	7.85179 -1.38339,
	7.93242 -1.44638,
	7.95258 -1.4615,
	7.97274 -1.46906,
	7.98282 -1.46654,
	7.9929 -1.45646,
	7.99794 -1.44638,
	7.99794 -1.44134,
	8.00298 -1.4363,
	8.02818 -1.35567,
	8.0307 -1.34559,
	8.0307 -1.34055,
	8.04582 -1.32039,
	8.06598 -1.28007,
	8.07102 -1.25991,
	8.07102 -1.24984,
	8.07606 -1.23976,
	8.07606 -1.2196,
	8.08109 -1.19944,
	8.08109 -1.1944,
	8.08865 -1.18432,
	8.09117 -1.17424,
	8.09621 -1.1692,
	8.10377 -1.12888,
	8.10629 -1.10873,
	8.10377 -1.08857,
	8.08613 -1.07093,
	8.07102 -1.03313,
	8.0559 -1.01297,
	8.05086 -1.01297,
	8.04582 -1.00793,
	8.03574 -1.01045,
	8.0307 -1.01297,
	8.0181 -0.995333,
	8.00802 -0.955016,
	8.00298 -0.944936,
	7.98534 -0.927297,
	7.97274 -0.909659,
	7.97274 -0.899579,
	7.98534 -0.88194,
	8.0055 -0.869341,
	8.01558 -0.859262,
	8.02314 -0.839103,
	8.02566 -0.829024,
	8.02314 -0.808865,
	8.0181 -0.798786,
	8.00802 -0.788707,
	8.00298 -0.778627,
	8.01054 -0.73831,
	8.01306 -0.718152,
	8.02314 -0.713112,
	8.03322 -0.713112,
	8.0433 -0.708072,
	8.05086 -0.687914,
	8.05338 -0.667755,
	8.05086 -0.627438,
	8.05338 -0.607279,
	8.07606 -0.526644,
	8.08361 -0.44601,
	8.08865 -0.435931,
	8.08613 -0.428371,
	8.10125 -0.408212,
	8.11133 -0.398133,
	8.12393 -0.380494,
	8.13149 -0.360336,
	8.13149 -0.320018,
	8.12897 -0.29986,
	8.12897 -0.28978,
	8.11385 -0.269622,
	8.10881 -0.264582,
	8.10377 -0.244424,
	8.09369 -0.224265,
	8.05842 -0.186467,
	8.05086 -0.166309,
	8.02314 -0.125991,
	8.01054 -0.105833,
	8.00298 -0.0655156,
	7.99038 -0.0251983,
	7.99038 -0.0201586,
	7.97526 0,
	7.95762 0.0125991,
	7.93746 0.0176388,
	7.92991 0.0251983,
	7.91731 0.0655156,
	7.89715 0.105833,
	7.88707 0.125991,
	7.88203 0.131031,
	7.87447 0.15119,
	7.85935 0.168829,
	7.85431 0.173868,
	7.81399 0.176388,
	7.79383 0.171348,
	7.75352 0.173868,
	7.73336 0.181428,
	7.7132 0.181428,
	7.69304 0.171348,
	7.68296 0.163789,
	7.67792 0.163789,
	7.67288 0.158749,
	7.66784 0.158749,
	7.66532 0.15371,
	7.66028 0.15371,
	7.64264 0.136071,
	7.63508 0.128511,
	7.63005 0.108353,
	7.63005 0.088194,
	7.63257 0.0781147,
	7.62753 0.0680354,
	7.62753 0.0579561,
	7.63257 0.0478768,
	7.63005 0.00755949,
	7.62501 -0.0125991,
	7.62501 -0.0529164,
	7.61997 -0.0730751,
	7.61745 -0.113392,
	7.61745 -0.133551,
	7.62249 -0.15371,
	7.62501 -0.163789,
	7.62249 -0.183948,
	7.62249 -0.194027,
	7.61745 -0.204106,
	7.61997 -0.244424,
	7.62249 -0.264582,
	7.61493 -0.304899,
	7.60989 -0.325058,
	"/>
</Transform>

<Transform dim="6"
 xcoef=" 1.56937360756953 0.846455232618333 -0.0428213084394615 0 0 0"
 ycoef=" 0.0984535983120377 -0.0048953593711783 0.953821325969845 0 0 0">
<Contour name="d05" hidden="false" closed="true" simplified="true" border="1 1 0" fill="1 1 0" mode="11"
 points="7.17488 2.36546,
	7.17891 2.3574,
	7.19501 2.34935,
	7.20306 2.34935,
	7.20709 2.34935,
	7.21112 2.35338,
	7.21514 2.35338,
	7.22923 2.36948,
	7.22923 2.37351,
	7.24131 2.38559,
	7.25339 2.40169,
	7.26547 2.41377,
	7.28158 2.4178,
	7.28963 2.42384,
	7.30775 2.48826,
	7.30976 2.50436,
	7.31379 2.51242,
	7.31379 2.52852,
	7.31781 2.53657,
	7.31781 2.5406,
	7.32184 2.54463,
	7.32184 2.56073,
	7.3158 2.57684,
	7.31379 2.58489,
	7.30372 2.60099,
	7.29567 2.60703,
	7.26346 2.60905,
	7.24937 2.59697,
	7.24131 2.58086,
	7.23527 2.57281,
	7.23326 2.56476,
	7.22722 2.55671,
	7.21514 2.52449,
	7.21112 2.50839,
	7.20508 2.50034,
	7.193 2.46813,
	7.193 2.45202,
	7.19098 2.44397,
	7.18696 2.43994,
	7.18696 2.43592,
	7.18092 2.42786,
	7.17689 2.41176,
	7.17689 2.37955,
	7.17488 2.37149,
	7.17488 2.36747,
	"/>
<Contour name="d05" hidden="false" closed="true" simplified="true" border="1 1 0" fill="1 1 0" mode="11"
 points="6.62126 2.85465,
	6.62931 2.84861,
	6.63334 2.84459,
	6.64945 2.84056,
	6.68166 2.84056,
	6.69776 2.83855,
	6.71387 2.83251,
	6.72997 2.83049,
	6.73803 2.83049,
	6.74608 2.82647,
	6.8105 2.82244,
	6.8266 2.8164,
	6.83466 2.81439,
	6.84875 2.80231,
	6.85881 2.78822,
	6.87291 2.77413,
	6.88096 2.77211,
	6.88499 2.76809,
	6.89304 2.76607,
	6.90109 2.76003,
	6.9333 2.74997,
	6.99772 2.74192,
	7.02993 2.73386,
	7.04604 2.72782,
	7.05409 2.7238,
	7.05812 2.7238,
	7.06214 2.71977,
	7.09435 2.71172,
	7.11046 2.71776,
	7.12254 2.73386,
	7.13059 2.74997,
	7.13462 2.75198,
	7.13462 2.75601,
	7.13864 2.76003,
	7.13864 2.76406,
	7.15072 2.77614,
	7.16079 2.79224,
	7.1628 2.8003,
	7.18897 2.83049,
	7.21112 2.8627,
	7.22722 2.89089,
	7.24534 2.9231,
	7.25339 2.9392,
	7.25541 2.95531,
	7.25541 2.96336,
	7.25943 2.96739,
	7.26145 2.98349,
	7.26748 2.9996,
	7.26748 3.00765,
	7.27755 3.03986,
	7.28359 3.07207,
	7.28963 3.08818,
	7.3158 3.11435,
	7.32989 3.12643,
	7.33794 3.13045,
	7.34398 3.13851,
	7.35002 3.17072,
	7.34801 3.18682,
	7.35002 3.20293,
	7.35405 3.21098,
	7.35405 3.21501,
	7.36009 3.22306,
	7.3621 3.23111,
	7.36613 3.23312,
	7.37016 3.24923,
	7.37619 3.25728,
	7.38223 3.27339,
	7.38425 3.28949,
	7.39029 3.3056,
	7.3923 3.3217,
	7.39834 3.33781,
	7.39834 3.37002,
	7.39633 3.38612,
	7.36613 3.4123,
	7.35808 3.41632,
	7.35405 3.41632,
	7.346 3.42236,
	7.33794 3.42437,
	7.33593 3.4284,
	7.30372 3.43847,
	7.29567 3.44048,
	7.28158 3.45055,
	7.27554 3.45457,
	7.24333 3.48678,
	7.17891 3.53308,
	7.1628 3.53308,
	7.1467 3.52705,
	7.13059 3.52503,
	7.09838 3.53308,
	7.08227 3.53912,
	7.06617 3.54919,
	7.05006 3.55523,
	7.04604 3.55926,
	7.04201 3.55926,
	7.02792 3.57335,
	7.01785 3.58543,
	7.00577 3.60153,
	6.97356 3.59952,
	6.94337 3.5814,
	6.91317 3.55926,
	6.9031 3.54315,
	6.90109 3.51094,
	6.90109 3.49483,
	6.90713 3.4888,
	6.90713 3.48074,
	6.87693 3.41632,
	6.87089 3.40022,
	6.86687 3.39619,
	6.86284 3.38008,
	6.8568 3.37203,
	6.85479 3.36398,
	6.85479 3.35995,
	6.85076 3.35593,
	6.82862 3.29151,
	6.81251 3.2593,
	6.81251 3.25527,
	6.80647 3.24722,
	6.80446 3.23916,
	6.79842 3.23111,
	6.79641 3.22306,
	6.77225 3.19085,
	6.76218 3.17474,
	6.74809 3.14253,
	6.73803 3.12643,
	6.72393 3.11837,
	6.69374 3.0922,
	6.67562 3.05999,
	6.67159 3.05194,
	6.67159 3.04791,
	6.66756 3.04389,
	6.66555 3.02778,
	6.66354 3.01973,
	6.6575 3.01168,
	6.65146 2.99557,
	6.64945 2.96336,
	6.64341 2.94726,
	6.63938 2.91505,
	6.63334 2.89894,
	6.62328 2.88284,
	6.62126 2.86673,
	6.62126 2.85868,
	6.62126 2.85667,
	"/>
</Transform>

<Transform dim="6"
 xcoef=" 1.56937360756953 0.846455232618333 -0.0428213084394615 0 0 0"
 ycoef=" 0.0984535983120377 -0.0048953593711783 0.953821325969845 0 0 0">
<Contour name="d02" hidden="true" closed="true" simplified="true" border="0.5 0 1" fill="0.5 0 1" mode="-11"
 points="6.25122 3.10548,
	6.27135 3.09541,
	6.31162 3.08283,
	6.32168 3.08283,
	6.34182 3.07528,
	6.35188 3.07024,
	6.36195 3.06018,
	6.38208 3.05263,
	6.40222 3.05263,
	6.41228 3.05515,
	6.45255 3.04005,
	6.46261 3.0325,
	6.47268 3.02998,
	6.48778 3.0174,
	6.49785 3.01236,
	6.51043 2.99223,
	6.51546 2.98468,
	6.52553 2.99223,
	6.54063 2.97713,
	6.54818 2.96706,
	6.55321 2.96203,
	6.55573 2.95196,
	6.56328 2.9419,
	6.58341 2.93435,
	6.59348 2.93687,
	6.60354 2.94442,
	6.62116 2.98468,
	6.62619 3.02495,
	6.61864 3.10548,
	6.61613 3.12561,
	6.60858 3.14574,
	6.59599 3.16588,
	6.55573 3.19104,
	6.55069 3.19104,
	6.53308 3.20614,
	6.50288 3.24641,
	6.47016 3.27912,
	6.45003 3.29171,
	6.4299 3.31184,
	6.39718 3.34959,
	6.38712 3.35714,
	6.36698 3.35462,
	6.35692 3.3521,
	6.32168 3.31435,
	6.31665 3.30932,
	6.31665 3.30429,
	6.28394 3.26906,
	6.27135 3.22879,
	6.27639 3.18852,
	6.27387 3.16839,
	6.26884 3.15833,
	6.26632 3.13819,
	6.25374 3.11806,
	6.25122 3.10799,
	"/>
<Contour name="d02" hidden="true" closed="true" simplified="true" border="0.5 0 1" fill="0.5 0 1" mode="-11"
 points="5.78425 1.92493,
	5.80586 1.91683,
	5.84909 1.91818,
	5.8599 1.91683,
	5.88151 1.90602,
	5.89232 1.90062,
	5.91258 1.88035,
	5.92203 1.85874,
	5.92474 1.84793,
	5.92744 1.80471,
	5.92744 1.7939,
	5.94365 1.75067,
	5.9477 1.73987,
	5.9504 1.73446,
	5.9504 1.72366,
	5.9558 1.71285,
	5.9504 1.70204,
	5.9477 1.69124,
	5.95175 1.66962,
	5.9558 1.65882,
	5.95851 1.65341,
	5.95986 1.61019,
	5.95851 1.58857,
	5.95986 1.56696,
	5.96661 1.54535,
	5.97607 1.52373,
	5.97607 1.51833,
	5.98012 1.51293,
	5.98282 1.49132,
	5.98552 1.48051,
	5.98552 1.47781,
	5.99093 1.4724,
	5.99768 1.45079,
	6.00714 1.42918,
	6.01389 1.40756,
	6.01524 1.39676,
	6.02335 1.38595,
	6.02875 1.38055,
	6.03415 1.36974,
	6.03956 1.34813,
	6.04361 1.33732,
	6.05171 1.29409,
	6.04631 1.25087,
	6.04091 1.24546,
	6.02875 1.20224,
	6.0274 1.18062,
	6.0274 1.17792,
	6.02199 1.17387,
	6.01389 1.15226,
	6.01659 1.13064,
	6.0382 1.11308,
	6.04361 1.11038,
	6.04901 1.09957,
	6.07062 1.08336,
	6.09224 1.07391,
	6.11385 1.06175,
	6.14897 1.01852,
	6.15978 1.00772,
	6.17059 1.00096,
	6.1922 0.991508,
	6.23543 0.979351,
	6.25704 0.978,
	6.26785 0.979351,
	6.27865 0.983403,
	6.28406 0.984754,
	6.30567 0.998263,
	6.31648 1.00231,
	6.31918 1.00231,
	6.33944 1.02258,
	6.34619 1.03338,
	6.35025 1.03879,
	6.357 1.0604,
	6.36781 1.08201,
	6.37456 1.09282,
	6.38402 1.11443,
	6.39617 1.13605,
	6.43805 1.17927,
	6.45291 1.20089,
	6.45966 1.21169,
	6.50289 1.24817,
	6.5245 1.26302,
	6.53531 1.26978,
	6.54747 1.29139,
	6.55692 1.3022,
	6.56773 1.30625,
	6.57854 1.30625,
	6.58394 1.3076,
	6.59475 1.31436,
	6.60015 1.31841,
	6.61096 1.34002,
	6.61366 1.35083,
	6.61366 1.36164,
	6.62041 1.38325,
	6.62311 1.40486,
	6.64203 1.42107,
	6.64878 1.44269,
	6.65283 1.4643,
	6.6839 1.55075,
	6.72848 1.6372,
	6.74334 1.65882,
	6.74874 1.68043,
	6.74739 1.69124,
	6.75144 1.73446,
	6.75279 1.74527,
	6.75414 1.75067,
	6.78791 1.7939,
	6.79602 1.80471,
	6.80142 1.81011,
	6.80412 1.81551,
	6.80818 1.85874,
	6.80953 1.86955,
	6.81088 1.87495,
	6.82033 1.88576,
	6.83249 1.90737,
	6.84195 1.92898,
	6.846 1.9506,
	6.82709 2.03705,
	6.82439 2.05866,
	6.82574 2.10189,
	6.82844 2.1127,
	6.82439 2.15592,
	6.82709 2.17754,
	6.82844 2.18294,
	6.83249 2.18834,
	6.83384 2.19915,
	6.83114 2.22076,
	6.82979 2.23157,
	6.82574 2.23562,
	6.82304 2.25723,
	6.81493 2.26804,
	6.80548 2.28965,
	6.80142 2.30046,
	6.78656 2.32207,
	6.77711 2.33288,
	6.76495 2.35449,
	6.74334 2.368,
	6.73388 2.37881,
	6.72983 2.38962,
	6.69876 2.43284,
	6.6839 2.45446,
	6.67715 2.47607,
	6.67445 2.48688,
	6.66904 2.49768,
	6.66094 2.50849,
	6.65688 2.51254,
	6.65148 2.51389,
	6.64878 2.51524,
	6.63797 2.50714,
	6.63257 2.50444,
	6.62717 2.49903,
	6.58394 2.49228,
	6.54071 2.48823,
	6.5191 2.48688,
	6.50829 2.48417,
	6.48668 2.46391,
	6.47317 2.42069,
	6.47182 2.41528,
	6.46237 2.40448,
	6.44075 2.39367,
	6.43535 2.38962,
	6.43265 2.38691,
	6.38942 2.37881,
	6.36781 2.36935,
	6.34619 2.35314,
	6.34079 2.34774,
	6.33404 2.33693,
	6.32323 2.32613,
	6.31783 2.32072,
	6.2746 2.29506,
	6.2719 2.29371,
	6.26109 2.29641,
	6.23948 2.28695,
	6.22867 2.28155,
	6.21787 2.27344,
	6.21246 2.26264,
	6.20436 2.25318,
	6.18274 2.23697,
	6.17194 2.23022,
	6.16383 2.21941,
	6.15303 2.1978,
	6.14897 2.18699,
	6.14492 2.18159,
	6.12331 2.17348,
	6.1179 2.17348,
	6.07468 2.13701,
	6.06387 2.12891,
	6.05712 2.1181,
	6.01389 2.10189,
	5.99228 2.09514,
	5.98687 2.09243,
	5.97742 2.08298,
	5.9558 2.07352,
	5.945 2.06947,
	5.93419 2.06272,
	5.91258 2.05596,
	5.89096 2.05461,
	5.88016 2.05866,
	5.86935 2.06542,
	5.84909 2.08568,
	5.84369 2.08703,
	5.84098 2.08703,
	5.82612 2.06542,
	5.81262 2.02219,
	5.80586 1.97896,
	5.79911 1.95735,
	5.78695 1.93574,
	5.78425 1.93033,
	5.78425 1.92628,
	"/>
</Transform>

<Transform dim="6"
 xcoef=" 1.56937360756953 0.846455232618333 -0.0428213084394615 0 0 0"
 ycoef=" 0.0984535983120377 -0.0048953593711783 0.953821325969845 0 0 0">
<Contour name="d02" hidden="true" closed="true" simplified="true" border="0.5 0 1" fill="0.5 0 1" mode="-11"
 points="7.1729 1.41324,
	7.18238 1.40375,
	7.18475 1.38478,
	7.1895 1.3753,
	7.19661 1.33736,
	7.19661 1.31839,
	7.19898 1.30891,
	7.21084 1.28994,
	7.22744 1.27097,
	7.25115 1.23303,
	7.25589 1.21406,
	7.25589 1.19509,
	7.263 1.17612,
	7.27486 1.15952,
	7.28197 1.15241,
	7.29146 1.11447,
	7.2962 1.0955,
	7.31043 1.07653,
	7.31754 1.06704,
	7.33651 1.05756,
	7.346 1.05044,
	7.36497 1.04333,
	7.36971 1.04333,
	7.38868 1.0291,
	7.39816 1.02673,
	7.4361 1.00539,
	7.45507 0.993535,
	7.47404 0.988793,
	7.49301 0.988793,
	7.56889 0.974566,
	7.57837 0.972194,
	7.59734 0.979308,
	7.60683 0.984051,
	7.61394 0.993535,
	7.61631 1.0125,
	7.61631 1.02199,
	7.61157 1.03147,
	7.60683 1.03385,
	7.60683 1.03859,
	7.5926 1.05756,
	7.57363 1.07179,
	7.56415 1.07416,
	7.56178 1.0789,
	7.54281 1.08364,
	7.52384 1.08364,
	7.50487 1.10024,
	7.49064 1.11447,
	7.47167 1.13107,
	7.4527 1.14292,
	7.4361 1.15952,
	7.42425 1.19746,
	7.41239 1.21643,
	7.39579 1.23066,
	7.39105 1.2354,
	7.38631 1.2354,
	7.37445 1.252,
	7.36734 1.27097,
	7.36497 1.30891,
	7.36497 1.32788,
	7.36971 1.33736,
	7.36259 1.41324,
	7.36022 1.45118,
	7.35074 1.47015,
	7.346 1.47963,
	7.32703 1.49149,
	7.30806 1.49623,
	7.29857 1.4986,
	7.29383 1.4986,
	7.27486 1.51283,
	7.25826 1.52231,
	7.23929 1.52469,
	7.22032 1.52231,
	7.21558 1.52231,
	7.21084 1.51757,
	7.20135 1.5152,
	7.18713 1.49623,
	7.18475 1.48675,
	7.18475 1.482,
	7.18001 1.47726,
	7.1729 1.43932,
	7.1729 1.42035,
	7.1729 1.41561,
	"/>
</Transform>

<Transform dim="6"
 xcoef=" 1.56937360756953 0.846455232618333 -0.0428213084394615 0 0 0"
 ycoef=" 0.0984535983120377 -0.0048953593711783 0.953821325969845 0 0 0">
<Contour name="d03ax20ssvr" hidden="false" closed="true" simplified="false" border="0 1 0.25098" fill="0 0 1" mode="-11"
 points="8.74381 -0.246212,
	8.73243 -0.257588,
	8.74381 -0.268964,
	8.75519 -0.257588,
	"/>
<Contour name="d03ax20ssvr" hidden="false" closed="true" simplified="false" border="0 1 0.25098" fill="0 0 1" mode="-11"
 points="8.69831 -0.212084,
	8.68693 -0.22346,
	8.69831 -0.234836,
	8.70968 -0.22346,
	"/>
<Contour name="d03ax20ssvr" hidden="false" closed="true" simplified="false" border="0 1 0.25098" fill="0 0 1" mode="-11"
 points="8.69993 -0.158455,
	8.68855 -0.169831,
	8.69993 -0.181207,
	8.71131 -0.169831,
	"/>
<Contour name="d03ax20ssvr" hidden="false" closed="true" simplified="false" border="0 1 0.25098" fill="0 0 1" mode="-11"
 points="8.67068 -0.0788235,
	8.6593 -0.0901994,
	8.67068 -0.101575,
	8.68205 -0.0901994,
	"/>
<Contour name="d03ax20ssvr" hidden="false" closed="true" simplified="false" border="0 1 0.25098" fill="0 0 1" mode="-11"
 points="8.65768 -0.0398204,
	8.6463 -0.0511963,
	8.65768 -0.0625722,
	8.66905 -0.0511963,
	"/>
<Contour name="d03ax20ssvr" hidden="false" closed="true" simplified="false" border="0 1 0.25098" fill="0 0 1" mode="-11"
 points="8.70156 -0.0235691,
	8.69018 -0.034945,
	8.70156 -0.0463209,
	8.71293 -0.034945,
	"/>
<Contour name="d03ax20ssvr" hidden="false" closed="true" simplified="false" border="0 1 0.25098" fill="0 0 1" mode="-11"
 points="8.71618 0.0105586,
	8.70481 -0.000817291,
	8.71618 -0.0121932,
	8.72756 -0.000817291,
	"/>
<Contour name="d03ax20ssvr" hidden="false" closed="true" simplified="false" border="0 1 0.25098" fill="0 0 1" mode="-11"
 points="8.60892 -0.072323,
	8.59755 -0.0836989,
	8.60892 -0.0950748,
	8.6203 -0.0836989,
	"/>
<Contour name="d03ax20ssvr" hidden="false" closed="true" simplified="false" border="0 1 0.25098" fill="0 0 1" mode="-11"
 points="8.64305 -0.140578,
	8.63168 -0.151954,
	8.64305 -0.16333,
	8.65443 -0.151954,
	"/>
<Contour name="d03ax20ssvr" hidden="false" closed="true" simplified="false" border="0 1 0.25098" fill="0 0 1" mode="-11"
 points="8.6528 -0.189332,
	8.64143 -0.200708,
	8.6528 -0.212084,
	8.66418 -0.200708,
	"/>
<Contour name="d03ax20ssvr" hidden="false" closed="true" simplified="false" border="0 1 0.25098" fill="0 0 1" mode="-11"
 points="8.69668 -0.28359,
	8.6853 -0.294966,
	8.69668 -0.306342,
	8.70806 -0.294966,
	"/>
<Contour name="d03ax20ssvr" hidden="false" closed="true" simplified="false" border="0 1 0.25098" fill="0 0 1" mode="-11"
 points="8.70968 -0.351845,
	8.69831 -0.363221,
	8.70968 -0.374597,
	8.72106 -0.363221,
	"/>
<Contour name="d03ax20ssvr" hidden="false" closed="true" simplified="false" border="0 1 0.25098" fill="0 0 1" mode="-11"
 points="8.68205 -0.402224,
	8.67068 -0.4136,
	8.68205 -0.424976,
	8.69343 -0.4136,
	"/>
<Contour name="d03ax20ssvr" hidden="false" closed="true" simplified="false" border="0 1 0.25098" fill="0 0 1" mode="-11"
 points="8.67068 -0.329093,
	8.6593 -0.340469,
	8.67068 -0.351845,
	8.68205 -0.340469,
	"/>
<Contour name="d03ax20ssvr" hidden="false" closed="true" simplified="false" border="0 1 0.25098" fill="0 0 1" mode="-11"
 points="8.66093 -0.270589,
	8.64955 -0.281965,
	8.66093 -0.293341,
	8.6723 -0.281965,
	"/>
<Contour name="d03ax20ssvr" hidden="false" closed="true" simplified="false" border="0 1 0.25098" fill="0 0 1" mode="-11"
 points="8.60405 -0.195833,
	8.59267 -0.207209,
	8.60405 -0.218585,
	8.61542 -0.207209,
	"/>
<Contour name="d03ax20ssvr" hidden="false" closed="true" simplified="false" border="0 1 0.25098" fill="0 0 1" mode="-11"
 points="8.6073 -0.242962,
	8.59592 -0.254338,
	8.6073 -0.265713,
	8.61867 -0.254338,
	"/>
<Contour name="d03ax20ssvr" hidden="false" closed="true" simplified="false" border="0 1 0.25098" fill="0 0 1" mode="-11"
 points="8.5748 -0.21696,
	8.56342 -0.228335,
	8.5748 -0.239711,
	8.58617 -0.228335,
	"/>
<Contour name="d03ax20ssvr" hidden="false" closed="true" simplified="false" border="0 1 0.25098" fill="0 0 1" mode="-11"
 points="8.55367 -0.143829,
	8.54229 -0.155205,
	8.55367 -0.166581,
	8.56505 -0.155205,
	"/>
<Contour name="d03ax20ssvr" hidden="false" closed="true" simplified="false" border="0 1 0.25098" fill="0 0 1" mode="-11"
 points="8.53417 -0.186082,
	8.52279 -0.197458,
	8.53417 -0.208834,
	8.54554 -0.197458,
	"/>
<Contour name="d03ax20ssvr" hidden="false" closed="true" simplified="false" border="0 1 0.25098" fill="0 0 1" mode="-11"
 points="8.49354 -0.137328,
	8.48216 -0.148704,
	8.49354 -0.16008,
	8.50492 -0.148704,
	"/>
<Contour name="d03ax20ssvr" hidden="false" closed="true" simplified="false" border="0 1 0.25098" fill="0 0 1" mode="-11"
 points="8.46591 -0.130828,
	8.45454 -0.142204,
	8.46591 -0.153579,
	8.47729 -0.142204,
	"/>
<Contour name="d03ax20ssvr" hidden="false" closed="true" simplified="false" border="0 1 0.25098" fill="0 0 1" mode="-11"
 points="8.52442 -0.242962,
	8.51304 -0.254338,
	8.52442 -0.265713,
	8.53579 -0.254338,
	"/>
<Contour name="d03ax20ssvr" hidden="false" closed="true" simplified="false" border="0 1 0.25098" fill="0 0 1" mode="-11"
 points="8.56017 -0.272214,
	8.54879 -0.28359,
	8.56017 -0.294966,
	8.57155 -0.28359,
	"/>
<Contour name="d03ax20ssvr" hidden="false" closed="true" simplified="false" border="0 1 0.25098" fill="0 0 1" mode="-11"
 points="8.58455 -0.303091,
	8.57317 -0.314467,
	8.58455 -0.325843,
	8.59592 -0.314467,
	"/>
<Contour name="d03ax20ssvr" hidden="false" closed="true" simplified="false" border="0 1 0.25098" fill="0 0 1" mode="-11"
 points="8.61217 -0.35347,
	8.6008 -0.364846,
	8.61217 -0.376222,
	8.62355 -0.364846,
	"/>
<Contour name="d03ax20ssvr" hidden="false" closed="true" simplified="false" border="0 1 0.25098" fill="0 0 1" mode="-11"
 points="8.58292 -0.441227,
	8.57155 -0.452603,
	8.58292 -0.463979,
	8.5943 -0.452603,
	"/>
<Contour name="d03ax20ssvr" hidden="false" closed="true" simplified="false" border="0 1 0.25098" fill="0 0 1" mode="-11"
 points="8.52767 -0.434727,
	8.51629 -0.446103,
	8.52767 -0.457479,
	8.53904 -0.446103,
	"/>
<Contour name="d03ax20ssvr" hidden="false" closed="true" simplified="false" border="0 1 0.25098" fill="0 0 1" mode="-11"
 points="8.52117 -0.372972,
	8.50979 -0.384348,
	8.52117 -0.395724,
	8.53254 -0.384348,
	"/>
<Contour name="d03ax20ssvr" hidden="false" closed="true" simplified="false" border="0 1 0.25098" fill="0 0 1" mode="-11"
 points="8.54879 -0.351845,
	8.53742 -0.363221,
	8.54879 -0.374597,
	8.56017 -0.363221,
	"/>
<Contour name="d03ax20ssvr" hidden="false" closed="true" simplified="false" border="0 1 0.25098" fill="0 0 1" mode="-11"
 points="8.52117 -0.312842,
	8.50979 -0.324218,
	8.52117 -0.335594,
	8.53254 -0.324218,
	"/>
</Transform>

<Transform dim="6"
 xcoef=" 1.56937360756953 0.846455232618333 -0.0428213084394615 0 0 0"
 ycoef=" 0.0984535983120377 -0.0048953593711783 0.953821325969845 0 0 0">
<Contour name="d05ax18ssvr" hidden="false" closed="true" simplified="false" border="0 1 0.25098" fill="0 0 1" mode="-11"
 points="8.03106 1.19226,
	8.02069 1.18188,
	8.03106 1.17151,
	8.04143 1.18188,
	"/>
<Contour name="d05ax18ssvr" hidden="false" closed="true" simplified="false" border="0 1 0.25098" fill="0 0 1" mode="-11"
 points="7.9955 1.14188,
	7.98513 1.13151,
	7.9955 1.12113,
	8.00587 1.13151,
	"/>
<Contour name="d05ax18ssvr" hidden="false" closed="true" simplified="false" border="0 1 0.25098" fill="0 0 1" mode="-11"
 points="7.97327 1.17448,
	7.9629 1.1641,
	7.97327 1.15373,
	7.98365 1.1641,
	"/>
<Contour name="d05ax18ssvr" hidden="false" closed="true" simplified="false" border="0 1 0.25098" fill="0 0 1" mode="-11"
 points="7.98513 1.21893,
	7.97476 1.20856,
	7.98513 1.19818,
	7.9955 1.20856,
	"/>
<Contour name="d05ax18ssvr" hidden="false" closed="true" simplified="false" border="0 1 0.25098" fill="0 0 1" mode="-11"
 points="7.95105 1.24115,
	7.94068 1.23078,
	7.95105 1.22041,
	7.96142 1.23078,
	"/>
<Contour name="d05ax18ssvr" hidden="false" closed="true" simplified="false" border="0 1 0.25098" fill="0 0 1" mode="-11"
 points="7.97476 1.28264,
	7.96438 1.27227,
	7.97476 1.2619,
	7.98513 1.27227,
	"/>
<Contour name="d05ax18ssvr" hidden="false" closed="true" simplified="false" border="0 1 0.25098" fill="0 0 1" mode="-11"
 points="7.94216 1.28709,
	7.93179 1.27671,
	7.94216 1.26634,
	7.95253 1.27671,
	"/>
<Contour name="d05ax18ssvr" hidden="false" closed="true" simplified="false" border="0 1 0.25098" fill="0 0 1" mode="-11"
 points="7.94512 1.31524,
	7.93475 1.30487,
	7.94512 1.2945,
	7.95549 1.30487,
	"/>
<Contour name="d05ax18ssvr" hidden="false" closed="true" simplified="false" border="0 1 0.25098" fill="0 0 1" mode="-11"
 points="7.98513 1.32265,
	7.97476 1.31228,
	7.98513 1.3019,
	7.9955 1.31228,
	"/>
<Contour name="d05ax18ssvr" hidden="false" closed="true" simplified="false" border="0 1 0.25098" fill="0 0 1" mode="-11"
 points="8.03699 1.3182,
	8.02662 1.30783,
	8.03699 1.29746,
	8.04736 1.30783,
	"/>
<Contour name="d05ax18ssvr" hidden="false" closed="true" simplified="false" border="0 1 0.25098" fill="0 0 1" mode="-11"
 points="8.05329 1.34191,
	8.04292 1.33154,
	8.05329 1.32117,
	8.06366 1.33154,
	"/>
<Contour name="d05ax18ssvr" hidden="false" closed="true" simplified="false" border="0 1 0.25098" fill="0 0 1" mode="-11"
 points="8.10367 1.3345,
	8.09329 1.32413,
	8.10367 1.31376,
	8.11404 1.32413,
	"/>
<Contour name="d05ax18ssvr" hidden="false" closed="true" simplified="false" border="0 1 0.25098" fill="0 0 1" mode="-11"
 points="8.14515 1.34191,
	8.13478 1.33154,
	8.14515 1.32117,
	8.15553 1.33154,
	"/>
<Contour name="d05ax18ssvr" hidden="false" closed="true" simplified="false" border="0 1 0.25098" fill="0 0 1" mode="-11"
 points="8.12145 1.38488,
	8.11107 1.37451,
	8.12145 1.36414,
	8.13182 1.37451,
	"/>
<Contour name="d05ax18ssvr" hidden="false" closed="true" simplified="false" border="0 1 0.25098" fill="0 0 1" mode="-11"
 points="8.11404 1.42489,
	8.10367 1.41451,
	8.11404 1.40414,
	8.12441 1.41451,
	"/>
<Contour name="d05ax18ssvr" hidden="false" closed="true" simplified="false" border="0 1 0.25098" fill="0 0 1" mode="-11"
 points="8.117 1.46786,
	8.10663 1.45748,
	8.117 1.44711,
	8.12737 1.45748,
	"/>
<Contour name="d05ax18ssvr" hidden="false" closed="true" simplified="false" border="0 1 0.25098" fill="0 0 1" mode="-11"
 points="8.08885 1.44563,
	8.07848 1.43526,
	8.08885 1.42489,
	8.09922 1.43526,
	"/>
<Contour name="d05ax18ssvr" hidden="false" closed="true" simplified="false" border="0 1 0.25098" fill="0 0 1" mode="-11"
 points="8.09181 1.39822,
	8.08144 1.38784,
	8.09181 1.37747,
	8.10218 1.38784,
	"/>
<Contour name="d05ax18ssvr" hidden="false" closed="true" simplified="false" border="0 1 0.25098" fill="0 0 1" mode="-11"
 points="8.0607 1.39673,
	8.05032 1.38636,
	8.0607 1.37599,
	8.07107 1.38636,
	"/>
<Contour name="d05ax18ssvr" hidden="false" closed="true" simplified="false" border="0 1 0.25098" fill="0 0 1" mode="-11"
 points="8.03847 1.43081,
	8.0281 1.42044,
	8.03847 1.41007,
	8.04884 1.42044,
	"/>
<Contour name="d05ax18ssvr" hidden="false" closed="true" simplified="false" border="0 1 0.25098" fill="0 0 1" mode="-11"
 points="7.98661 1.41155,
	7.97624 1.40118,
	7.98661 1.39081,
	7.99698 1.40118,
	"/>
<Contour name="d05ax18ssvr" hidden="false" closed="true" simplified="false" border="0 1 0.25098" fill="0 0 1" mode="-11"
 points="7.95401 1.40118,
	7.94364 1.39081,
	7.95401 1.38044,
	7.96438 1.39081,
	"/>
<Contour name="d05ax18ssvr" hidden="false" closed="true" simplified="false" border="0 1 0.25098" fill="0 0 1" mode="-11"
 points="7.96438 1.44415,
	7.95401 1.43378,
	7.96438 1.42341,
	7.97476 1.43378,
	"/>
<Contour name="d05ax18ssvr" hidden="false" closed="true" simplified="false" border="0 1 0.25098" fill="0 0 1" mode="-11"
 points="7.97031 1.48119,
	7.95994 1.47082,
	7.97031 1.46045,
	7.98068 1.47082,
	"/>
<Contour name="d05ax18ssvr" hidden="false" closed="true" simplified="false" border="0 1 0.25098" fill="0 0 1" mode="-11"
 points="7.93179 1.5049,
	7.92141 1.49453,
	7.93179 1.48416,
	7.94216 1.49453,
	"/>
<Contour name="d05ax18ssvr" hidden="false" closed="true" simplified="false" border="0 1 0.25098" fill="0 0 1" mode="-11"
 points="7.9066 1.46934,
	7.89622 1.45897,
	7.9066 1.44859,
	7.91697 1.45897,
	"/>
<Contour name="d05ax18ssvr" hidden="false" closed="true" simplified="false" border="0 1 0.25098" fill="0 0 1" mode="-11"
 points="7.88733 1.48564,
	7.87696 1.47527,
	7.88733 1.46489,
	7.89771 1.47527,
	"/>
<Contour name="d05ax18ssvr" hidden="false" closed="true" simplified="false" border="0 1 0.25098" fill="0 0 1" mode="-11"
 points="7.85622 1.47971,
	7.84585 1.46934,
	7.85622 1.45897,
	7.86659 1.46934,
	"/>
<Contour name="d05ax18ssvr" hidden="false" closed="true" simplified="false" border="0 1 0.25098" fill="0 0 1" mode="-11"
 points="7.86215 1.46045,
	7.85177 1.45008,
	7.86215 1.4397,
	7.87252 1.45008,
	"/>
<Contour name="d05ax18ssvr" hidden="false" closed="true" simplified="false" border="0 1 0.25098" fill="0 0 1" mode="-11"
 points="7.84733 1.4323,
	7.83696 1.42192,
	7.84733 1.41155,
	7.8577 1.42192,
	"/>
<Contour name="d05ax18ssvr" hidden="false" closed="true" simplified="false" border="0 1 0.25098" fill="0 0 1" mode="-11"
 points="7.81177 1.45304,
	7.80139 1.44267,
	7.81177 1.4323,
	7.82214 1.44267,
	"/>
<Contour name="d05ax18ssvr" hidden="false" closed="true" simplified="false" border="0 1 0.25098" fill="0 0 1" mode="-11"
 points="7.91252 1.40562,
	7.90215 1.39525,
	7.91252 1.38488,
	7.9229 1.39525,
	"/>
<Contour name="d05ax18ssvr" hidden="false" closed="true" simplified="false" border="0 1 0.25098" fill="0 0 1" mode="-11"
 points="7.86807 1.39525,
	7.8577 1.38488,
	7.86807 1.37451,
	7.87844 1.38488,
	"/>
<Contour name="d05ax18ssvr" hidden="false" closed="true" simplified="false" border="0 1 0.25098" fill="0 0 1" mode="-11"
 points="7.85029 1.38192,
	7.83992 1.37154,
	7.85029 1.36117,
	7.86066 1.37154,
	"/>
<Contour name="d05ax18ssvr" hidden="false" closed="true" simplified="false" border="0 1 0.25098" fill="0 0 1" mode="-11"
 points="7.81918 1.37599,
	7.8088 1.36562,
	7.81918 1.35525,
	7.82955 1.36562,
	"/>
<Contour name="d05ax18ssvr" hidden="false" closed="true" simplified="false" border="0 1 0.25098" fill="0 0 1" mode="-11"
 points="7.74509 1.38044,
	7.73472 1.37006,
	7.74509 1.35969,
	7.75546 1.37006,
	"/>
<Contour name="d05ax18ssvr" hidden="false" closed="true" simplified="false" border="0 1 0.25098" fill="0 0 1" mode="-11"
 points="7.80436 1.40711,
	7.79399 1.39673,
	7.80436 1.38636,
	7.81473 1.39673,
	"/>
<Contour name="d05ax18ssvr" hidden="false" closed="true" simplified="false" border="0 1 0.25098" fill="0 0 1" mode="-11"
 points="7.90215 1.3182,
	7.89178 1.30783,
	7.90215 1.29746,
	7.91252 1.30783,
	"/>
<Contour name="d05ax18ssvr" hidden="false" closed="true" simplified="false" border="0 1 0.25098" fill="0 0 1" mode="-11"
 points="7.89474 1.2856,
	7.88437 1.27523,
	7.89474 1.26486,
	7.90512 1.27523,
	"/>
<Contour name="d05ax18ssvr" hidden="false" closed="true" simplified="false" border="0 1 0.25098" fill="0 0 1" mode="-11"
 points="7.89919 1.24263,
	7.88882 1.23226,
	7.89919 1.22189,
	7.90956 1.23226,
	"/>
<Contour name="d05ax18ssvr" hidden="false" closed="true" simplified="false" border="0 1 0.25098" fill="0 0 1" mode="-11"
 points="7.8577 1.28264,
	7.84733 1.27227,
	7.8577 1.2619,
	7.86807 1.27227,
	"/>
<Contour name="d05ax18ssvr" hidden="false" closed="true" simplified="false" border="0 1 0.25098" fill="0 0 1" mode="-11"
 points="7.86215 1.32857,
	7.85177 1.3182,
	7.86215 1.30783,
	7.87252 1.3182,
	"/>
<Contour name="d05ax18ssvr" hidden="false" closed="true" simplified="false" border="0 1 0.25098" fill="0 0 1" mode="-11"
 points="7.81769 1.32857,
	7.80732 1.3182,
	7.81769 1.30783,
	7.82807 1.3182,
	"/>
<Contour name="d05ax18ssvr" hidden="false" closed="true" simplified="false" border="0 1 0.25098" fill="0 0 1" mode="-11"
 points="7.7851 1.32857,
	7.77472 1.3182,
	7.7851 1.30783,
	7.79547 1.3182,
	"/>
<Contour name="d05ax18ssvr" hidden="false" closed="true" simplified="false" border="0 1 0.25098" fill="0 0 1" mode="-11"
 points="7.7925 1.28116,
	7.78213 1.27079,
	7.7925 1.26042,
	7.80288 1.27079,
	"/>
<Contour name="d05ax18ssvr" hidden="false" closed="true" simplified="false" border="0 1 0.25098" fill="0 0 1" mode="-11"
 points="7.72286 1.30931,
	7.71249 1.29894,
	7.72286 1.28857,
	7.73324 1.29894,
	"/>
<Contour name="d05ax18ssvr" hidden="false" closed="true" simplified="false" border="0 1 0.25098" fill="0 0 1" mode="-11"
 points="7.75842 1.26634,
	7.74805 1.25597,
	7.75842 1.2456,
	7.7688 1.25597,
	"/>
<Contour name="d05ax18ssvr" hidden="false" closed="true" simplified="false" border="0 1 0.25098" fill="0 0 1" mode="-11"
 points="7.72583 1.22634,
	7.71545 1.21596,
	7.72583 1.20559,
	7.7362 1.21596,
	"/>
<Contour name="d05ax18ssvr" hidden="false" closed="true" simplified="false" border="0 1 0.25098" fill="0 0 1" mode="-11"
 points="7.78361 1.213,
	7.77324 1.20263,
	7.78361 1.19226,
	7.79399 1.20263,
	"/>
<Contour name="d05ax18ssvr" hidden="false" closed="true" simplified="false" border="0 1 0.25098" fill="0 0 1" mode="-11"
 points="7.76583 1.16262,
	7.75546 1.15225,
	7.76583 1.14188,
	7.77621 1.15225,
	"/>
<Contour name="d05ax18ssvr" hidden="false" closed="true" simplified="false" border="0 1 0.25098" fill="0 0 1" mode="-11"
 points="7.8088 1.17892,
	7.79843 1.16855,
	7.8088 1.15818,
	7.81918 1.16855,
	"/>
<Contour name="d05ax18ssvr" hidden="false" closed="true" simplified="false" border="0 1 0.25098" fill="0 0 1" mode="-11"
 points="7.84585 1.19818,
	7.83547 1.18781,
	7.84585 1.17744,
	7.85622 1.18781,
	"/>
<Contour name="d05ax18ssvr" hidden="false" closed="true" simplified="false" border="0 1 0.25098" fill="0 0 1" mode="-11"
 points="7.86363 1.22634,
	7.85325 1.21596,
	7.86363 1.20559,
	7.874 1.21596,
	"/>
<Contour name="d05ax18ssvr" hidden="false" closed="true" simplified="false" border="0 1 0.25098" fill="0 0 1" mode="-11"
 points="7.89919 1.17892,
	7.88882 1.16855,
	7.89919 1.15818,
	7.90956 1.16855,
	"/>
<Contour name="d05ax18ssvr" hidden="false" closed="true" simplified="false" border="0 1 0.25098" fill="0 0 1" mode="-11"
 points="7.89326 1.08854,
	7.88289 1.07816,
	7.89326 1.06779,
	7.90363 1.07816,
	"/>
<Contour name="d05ax18ssvr" hidden="false" closed="true" simplified="false" border="0 1 0.25098" fill="0 0 1" mode="-11"
 points="7.92141 1.06335,
	7.91104 1.05297,
	7.92141 1.0426,
	7.93179 1.05297,
	"/>
<Contour name="d05ax18ssvr" hidden="false" closed="true" simplified="false" border="0 1 0.25098" fill="0 0 1" mode="-11"
 points="7.93919 1.13891,
	7.92882 1.12854,
	7.93919 1.11817,
	7.94957 1.12854,
	"/>
<Contour name="d05ax18ssvr" hidden="false" closed="true" simplified="false" border="0 1 0.25098" fill="0 0 1" mode="-11"
 points="7.82807 1.02927,
	7.81769 1.01889,
	7.82807 1.00852,
	7.83844 1.01889,
	"/>
<Contour name="d05ax18ssvr" hidden="false" closed="true" simplified="false" border="0 1 0.25098" fill="0 0 1" mode="-11"
 points="7.77917 1.01889,
	7.7688 1.00852,
	7.77917 0.99815,
	7.78954 1.00852,
	"/>
<Contour name="d05ax18ssvr" hidden="false" closed="true" simplified="false" border="0 1 0.25098" fill="0 0 1" mode="-11"
 points="7.79399 1.07816,
	7.78361 1.06779,
	7.79399 1.05742,
	7.80436 1.06779,
	"/>
<Contour name="d05ax18ssvr" hidden="false" closed="true" simplified="false" border="0 1 0.25098" fill="0 0 1" mode="-11"
 points="7.76287 1.06335,
	7.7525 1.05297,
	7.76287 1.0426,
	7.77324 1.05297,
	"/>
</Transform>

<Transform dim="6"
 xcoef=" 1.56937360756953 0.846455232618333 -0.0428213084394615 0 0 0"
 ycoef=" 0.0984535983120377 -0.0048953593711783 0.953821325969845 0 0 0">
<Contour name="d05ax19ssvdb" hidden="false" closed="true" simplified="false" border="1 0.501961 0" fill="0 0 1" mode="-11"
 points="7.56594 5.00694,
	7.55688 4.99788,
	7.56594 4.98882,
	7.575 4.99788,
	"/>
<Contour name="d05ax19ssvdb" hidden="false" closed="true" simplified="false" border="1 0.501961 0" fill="0 0 1" mode="-11"
 points="7.46368 5.02765,
	7.45462 5.01859,
	7.46368 5.00953,
	7.47274 5.01859,
	"/>
<Contour name="d05ax19ssvr" hidden="false" closed="true" simplified="false" border="0 1 0.25098" fill="0 0 1" mode="-11"
 points="7.53228 4.96552,
	7.52322 4.95646,
	7.53228 4.9474,
	7.54134 4.95646,
	"/>
<Contour name="d05ax19ssvr" hidden="false" closed="true" simplified="false" border="0 1 0.25098" fill="0 0 1" mode="-11"
 points="7.58276 4.97717,
	7.5737 4.96811,
	7.58276 4.95905,
	7.59182 4.96811,
	"/>
<Contour name="d05ax19ssvr" hidden="false" closed="true" simplified="false" border="0 1 0.25098" fill="0 0 1" mode="-11"
 points="7.55817 4.94481,
	7.54911 4.93575,
	7.55817 4.92669,
	7.56723 4.93575,
	"/>
<Contour name="d05ax19ssvr" hidden="false" closed="true" simplified="false" border="0 1 0.25098" fill="0 0 1" mode="-11"
 points="7.52711 4.90339,
	7.51805 4.89433,
	7.52711 4.88527,
	7.53617 4.89433,
	"/>
<Contour name="d05ax19ssvr" hidden="false" closed="true" simplified="false" border="0 1 0.25098" fill="0 0 1" mode="-11"
 points="7.49863 4.94999,
	7.48957 4.94093,
	7.49863 4.93187,
	7.50769 4.94093,
	"/>
<Contour name="d05ax19ssvr" hidden="false" closed="true" simplified="false" border="0 1 0.25098" fill="0 0 1" mode="-11"
 points="7.48828 4.88009,
	7.47922 4.87103,
	7.48828 4.86197,
	7.49734 4.87103,
	"/>
<Contour name="d05ax19ssvr" hidden="false" closed="true" simplified="false" border="0 1 0.25098" fill="0 0 1" mode="-11"
 points="7.46627 4.95905,
	7.45721 4.94999,
	7.46627 4.94093,
	7.47533 4.94999,
	"/>
<Contour name="d05ax19ssvr" hidden="false" closed="true" simplified="false" border="0 1 0.25098" fill="0 0 1" mode="-11"
 points="7.41709 4.92798,
	7.40803 4.91892,
	7.41709 4.90986,
	7.42615 4.91892,
	"/>
<Contour name="d05ax19ssvr" hidden="false" closed="true" simplified="false" border="0 1 0.25098" fill="0 0 1" mode="-11"
 points="7.38473 4.9474,
	7.37567 4.93834,
	7.38473 4.92928,
	7.39379 4.93834,
	"/>
<Contour name="d05ax19ssvr" hidden="false" closed="true" simplified="false" border="0 1 0.25098" fill="0 0 1" mode="-11"
 points="7.39638 4.89045,
	7.38732 4.88139,
	7.39638 4.87233,
	7.40544 4.88139,
	"/>
<Contour name="d05ax19ssvr" hidden="false" closed="true" simplified="false" border="0 1 0.25098" fill="0 0 1" mode="-11"
 points="7.39767 4.84773,
	7.38861 4.83867,
	7.39767 4.82961,
	7.40673 4.83867,
	"/>
<Contour name="d05ax19ssvr" hidden="false" closed="true" simplified="false" border="0 1 0.25098" fill="0 0 1" mode="-11"
 points="7.34978 4.84515,
	7.34072 4.83609,
	7.34978 4.82702,
	7.35884 4.83609,
	"/>
<Contour name="d05ax19ssvr" hidden="false" closed="true" simplified="false" border="0 1 0.25098" fill="0 0 1" mode="-11"
 points="7.42615 4.87362,
	7.41709 4.86456,
	7.42615 4.8555,
	7.43521 4.86456,
	"/>
<Contour name="d05ax19ssvr" hidden="false" closed="true" simplified="false" border="0 1 0.25098" fill="0 0 1" mode="-11"
 points="7.45721 4.8089,
	7.44815 4.79984,
	7.45721 4.79078,
	7.46627 4.79984,
	"/>
<Contour name="d05ax19ssvr" hidden="false" closed="true" simplified="false" border="0 1 0.25098" fill="0 0 1" mode="-11"
 points="7.48439 4.78043,
	7.47533 4.77137,
	7.48439 4.76231,
	7.49345 4.77137,
	"/>
<Contour name="d05ax19ssvr" hidden="false" closed="true" simplified="false" border="0 1 0.25098" fill="0 0 1" mode="-11"
 points="7.44945 4.76749,
	7.44039 4.75843,
	7.44945 4.74937,
	7.45851 4.75843,
	"/>
<Contour name="d05ax19ssvr" hidden="false" closed="true" simplified="false" border="0 1 0.25098" fill="0 0 1" mode="-11"
 points="7.41579 4.77396,
	7.40673 4.7649,
	7.41579 4.75584,
	7.42485 4.7649,
	"/>
<Contour name="d05ax19ssvr" hidden="false" closed="true" simplified="false" border="0 1 0.25098" fill="0 0 1" mode="-11"
 points="7.36143 4.78172,
	7.35237 4.77266,
	7.36143 4.7636,
	7.37049 4.77266,
	"/>
<Contour name="d05ax19ssvr" hidden="false" closed="true" simplified="false" border="0 1 0.25098" fill="0 0 1" mode="-11"
 points="7.33684 4.73254,
	7.32778 4.72348,
	7.33684 4.71442,
	7.3459 4.72348,
	"/>
<Contour name="d05ax19ssvr" hidden="false" closed="true" simplified="false" border="0 1 0.25098" fill="0 0 1" mode="-11"
 points="7.35884 4.70147,
	7.34978 4.69241,
	7.35884 4.68335,
	7.3679 4.69241,
	"/>
<Contour name="d05ax19ssvr" hidden="false" closed="true" simplified="false" border="0 1 0.25098" fill="0 0 1" mode="-11"
 points="7.40285 4.69889,
	7.39379 4.68983,
	7.40285 4.68077,
	7.41191 4.68983,
	"/>
<Contour name="d05ax19ssvr" hidden="false" closed="true" simplified="false" border="0 1 0.25098" fill="0 0 1" mode="-11"
 points="7.44945 4.70018,
	7.44039 4.69112,
	7.44945 4.68206,
	7.45851 4.69112,
	"/>
<Contour name="d05ax19ssvr" hidden="false" closed="true" simplified="false" border="0 1 0.25098" fill="0 0 1" mode="-11"
 points="7.49475 4.71571,
	7.48569 4.70665,
	7.49475 4.69759,
	7.50381 4.70665,
	"/>
<Contour name="d05ax19ssvr" hidden="false" closed="true" simplified="false" border="0 1 0.25098" fill="0 0 1" mode="-11"
 points="7.43521 4.65876,
	7.42615 4.6497,
	7.43521 4.64064,
	7.44427 4.6497,
	"/>
<Contour name="d05ax19ssvr" hidden="false" closed="true" simplified="false" border="0 1 0.25098" fill="0 0 1" mode="-11"
 points="7.47274 4.60699,
	7.46368 4.59793,
	7.47274 4.58887,
	7.4818 4.59793,
	"/>
<Contour name="d05ax19ssvr" hidden="false" closed="true" simplified="false" border="0 1 0.25098" fill="0 0 1" mode="-11"
 points="7.36273 4.60699,
	7.35367 4.59793,
	7.36273 4.58887,
	7.37179 4.59793,
	"/>
<Contour name="d05ax19ssvr" hidden="false" closed="true" simplified="false" border="0 1 0.25098" fill="0 0 1" mode="-11"
 points="7.39638 4.61346,
	7.38732 4.6044,
	7.39638 4.59534,
	7.40544 4.6044,
	"/>
<Contour name="d05ax19ssvr" hidden="false" closed="true" simplified="false" border="0 1 0.25098" fill="0 0 1" mode="-11"
 points="7.33943 4.65358,
	7.33037 4.64452,
	7.33943 4.63546,
	7.34849 4.64452,
	"/>
<Contour name="d05ax19ssvr" hidden="false" closed="true" simplified="false" border="0 1 0.25098" fill="0 0 1" mode="-11"
 points="7.5297 4.51639,
	7.52063 4.50733,
	7.5297 4.49826,
	7.53876 4.50733,
	"/>
<Contour name="d05ax19ssvr" hidden="false" closed="true" simplified="false" border="0 1 0.25098" fill="0 0 1" mode="-11"
 points="7.42097 4.54745,
	7.41191 4.53839,
	7.42097 4.52933,
	7.43003 4.53839,
	"/>
</Transform>

<Transform dim="6"
 xcoef=" 1.56937360756953 0.846455232618333 -0.0428213084394615 0 0 0"
 ycoef=" 0.0984535983120377 -0.0048953593711783 0.953821325969845 0 0 0">
<Contour name="d01SER" hidden="false" closed="true" simplified="true" border="0 1 0" fill="0 1 0" mode="-9"
 points="5.26339 0.211346,
	5.27497 0.188185,
	5.29814 0.165024,
	5.3213 0.153443,
	5.33288 0.150548,
	5.33577 0.156338,
	5.32419 0.1795,
	5.3184 0.202661,
	5.30393 0.225822,
	5.28366 0.240298,
	5.27208 0.243193,
	5.26339 0.231612,
	5.26339 0.220032,
	5.26339 0.214242,
	"/>
</Transform>

<Transform dim="6"
 xcoef=" 1.56937360756953 0.846455232618333 -0.0428213084394615 0 0 0"
 ycoef=" 0.0984535983120377 -0.0048953593711783 0.953821325969845 0 0 0">
<Contour name="d05p19" hidden="false" closed="true" simplified="false" border="0 1 0" fill="0 1 0" mode="-9"
 points="7.29977 3.38759,
	7.29977 3.36471,
	7.32265 3.36471,
	7.32265 3.34183,
	7.34553 3.34183,
	7.34553 3.36471,
	7.3684 3.36471,
	7.3684 3.38759,
	7.34553 3.38759,
	7.34553 3.41046,
	7.32265 3.41046,
	7.32265 3.38759,
	"/>
</Transform>

<Transform dim="0"
 xcoef=" 0 1 0 0 0 0"
 ycoef=" 0 0 1 0 0 0">
<Contour name="d05ax18" comment="LK bouton trace named after cfa" hidden="false" closed="true" simplified="true" border="0 1 1" fill="0.502 1 1" mode="-9"
 points="7.20772 1.087,
	7.23608 1.03361,
	7.23942 1.02693,
	7.26028 1.00024,
	7.26278 0.996901,
	7.26695 0.983553,
	7.27279 0.970206,
	7.27779 0.963532,
	7.28447 0.956858,
	7.28697 0.953521,
	7.31367 0.946013,
	7.32701 0.943511,
	7.34036 0.939339,
	7.34704 0.936002,
	7.40043 0.929329,
	7.4071 0.928494,
	7.42045 0.922655,
	7.44714 0.917649,
	7.50053 0.910976,
	7.52723 0.907639,
	7.55392 0.90597,
	7.56727 0.903468,
	7.58062 0.902633,
	7.60731 0.906805,
	7.63401 0.918484,
	7.64736 0.925158,
	7.6607 0.92766,
	7.66738 0.930163,
	7.68073 0.931831,
	7.69407 0.936002,
	7.70742 0.938505,
	7.72077 0.939339,
	7.73412 0.937671,
	7.74079 0.936837,
	7.75414 0.932666,
	7.76749 0.926826,
	7.78083 0.924323,
	7.80753 0.926826,
	7.8142 0.928494,
	7.82088 0.931831,
	7.83339 0.942676,
	7.83673 0.946013,
	7.86426 0.999404,
	7.8776 1.0261,
	7.88428 1.03945,
	7.89095 1.06614,
	7.90013 1.09284,
	7.9043 1.11953,
	7.91014 1.17292,
	7.91181 1.18627,
	7.91765 1.19962,
	7.92682 1.21297,
	7.9335 1.22631,
	7.93433 1.23299,
	7.93683 1.23966,
	7.93767 1.24633,
	7.94017 1.25301,
	7.94434 1.2797,
	7.94684 1.3064,
	7.94601 1.33309,
	7.94267 1.35979,
	7.94434 1.37314,
	7.94434 1.39983,
	7.94184 1.45322,
	7.94017 1.47992,
	7.93934 1.48659,
	7.9385 1.48993,
	7.94768 1.51662,
	7.95519 1.52997,
	7.96436 1.54332,
	7.97187 1.55667,
	7.97604 1.57001,
	7.98021 1.59671,
	7.98438 1.6501,
	7.98438 1.65677,
	8.00941 1.71016,
	8.01692 1.73686,
	8.02109 1.75021,
	8.02193 1.75354,
	8.01358 1.80694,
	8.00941 1.83363,
	8.00774 1.84698,
	8.02026 1.87367,
	8.02526 1.88702,
	8.0286 1.90037,
	8.0286 1.91372,
	8.02359 1.94041,
	8.02026 1.95376,
	8.01859 1.96043,
	8.02026 1.98713,
	8.02443 2.01382,
	8.02359 2.02717,
	8.01358 2.05387,
	8.01025 2.06054,
	8.00941 2.07389,
	8.01108 2.10058,
	8.01108 2.12728,
	8.01191 2.14063,
	8.01775 2.16732,
	8.0286 2.19402,
	8.03444 2.22071,
	8.03444 2.22739,
	8.04028 2.25408,
	8.04028 2.25742,
	8.05196 2.28411,
	8.0578 2.29746,
	8.06197 2.31081,
	8.06113 2.32416,
	8.0603 2.32749,
	8.06948 2.35419,
	8.07615 2.36754,
	8.08533 2.38088,
	8.09701 2.39423,
	8.11035 2.40508,
	8.13705 2.41926,
	8.14372 2.42426,
	8.15123 2.43761,
	8.1554 2.45096,
	8.15624 2.45763,
	8.15373 2.48433,
	8.1529 2.51102,
	8.17125 2.6178,
	8.17626 2.6445,
	8.17709 2.65117,
	8.18627 2.66452,
	8.1896 2.67119,
	8.19294 2.68454,
	8.19544 2.69122,
	8.19795 2.71791,
	8.19628 2.74461,
	8.19044 2.75795,
	8.1896 2.76046,
	8.19628 2.7738,
	8.19878 2.78715,
	8.19962 2.8005,
	8.19795 2.81385,
	8.19711 2.82052,
	8.20462 2.87391,
	8.20545 2.88059,
	8.23048 2.93398,
	8.23799 2.94732,
	8.24216 2.954,
	8.24633 2.96734,
	8.24466 2.97402,
	8.24466 2.97736,
	8.23048 3.00405,
	8.22631 3.01072,
	8.22381 3.0174,
	8.22214 3.03075,
	8.22131 3.03408,
	8.22464 3.04743,
	8.22965 3.06078,
	8.23549 3.08747,
	8.23966 3.10082,
	8.2505 3.15421,
	8.2505 3.16756,
	8.25134 3.17423,
	8.25634 3.18758,
	8.25885 3.19425,
	8.26218 3.22095,
	8.26302 3.22762,
	8.26719 3.24097,
	8.26969 3.25432,
	8.29555 3.30771,
	8.29889 3.31438,
	8.3089 3.32773,
	8.32225 3.34024,
	8.32892 3.34608,
	8.33476 3.35943,
	8.34978 3.41282,
	8.36229 3.46621,
	8.36646 3.47956,
	8.36813 3.53295,
	8.37063 3.55965,
	8.37147 3.58634,
	8.3698 3.59969,
	8.36563 3.61304,
	8.36062 3.61888,
	8.34727 3.62305,
	8.33393 3.62472,
	8.32725 3.62388,
	8.3139 3.61888,
	8.30723 3.61637,
	8.30056 3.61053,
	8.29722 3.6072,
	8.28971 3.59385,
	8.28554 3.58718,
	8.27887 3.58134,
	8.22548 3.54964,
	8.19878 3.53378,
	8.18543 3.52544,
	8.16124 3.49875,
	8.15206 3.4854,
	8.12203 3.43201,
	8.10702 3.40531,
	8.07949 3.35192,
	8.05363 3.29853,
	8.04445 3.27184,
	8.04195 3.25849,
	8.04111 3.24514,
	8.04528 3.21845,
	8.05196 3.19175,
	8.05446 3.1784,
	8.05613 3.12501,
	8.05696 3.11167,
	8.05196 3.08497,
	8.04862 3.05828,
	8.04612 3.04493,
	8.03527 3.01823,
	8.02943 3.00488,
	8.02526 2.99154,
	8.00941 2.96484,
	7.99523 2.93815,
	7.98856 2.9248,
	7.98522 2.91813,
	7.97938 2.89143,
	7.97604 2.86473,
	7.97437 2.85139,
	7.97354 2.84471,
	7.97521 2.81802,
	7.98021 2.80467,
	7.98438 2.798,
	7.98522 2.79466,
	7.97104 2.74127,
	7.96687 2.72792,
	7.93934 2.67453,
	7.93266 2.66118,
	7.92933 2.65451,
	7.91681 2.64116,
	7.91014 2.63449,
	7.9068 2.63115,
	7.87927 2.57776,
	7.87343 2.56441,
	7.8701 2.55774,
	7.86342 2.53104,
	7.86259 2.50435,
	7.86175 2.491,
	7.86259 2.47765,
	7.86926 2.45096,
	7.8726 2.42426,
	7.86676 2.39757,
	7.86426 2.38422,
	7.86175 2.33083,
	7.83506 2.27744,
	7.82922 2.26409,
	7.82171 2.2374,
	7.81837 2.22405,
	7.80419 2.19735,
	7.78667 2.17066,
	7.77333 2.14396,
	7.76665 2.13062,
	7.76165 2.11727,
	7.75247 2.06388,
	7.7508 2.03718,
	7.7508 2.03384,
	7.73912 2.00715,
	7.71576 1.98045,
	7.69407 1.95376,
	7.66821 1.92873,
	7.66488 1.9254,
	7.65153 1.91622,
	7.63818 1.90371,
	7.63151 1.89703,
	7.62316 1.88368,
	7.61733 1.87034,
	7.61566 1.85699,
	7.61399 1.85032,
	7.61399 1.84698,
	7.61149 1.8403,
	7.61065 1.83363,
	7.59897 1.80694,
	7.56977 1.75354,
	7.55726 1.72685,
	7.54725 1.70015,
	7.54141 1.68681,
	7.53223 1.67346,
	7.51054 1.64676,
	7.50304 1.63342,
	7.4997 1.62674,
	7.49803 1.62007,
	7.49803 1.61673,
	7.48969 1.60338,
	7.46967 1.57669,
	7.44547 1.54999,
	7.44214 1.54666,
	7.41544 1.53081,
	7.40209 1.5208,
	7.38875 1.50912,
	7.38541 1.50661,
	7.37123 1.47992,
	7.35538 1.45322,
	7.3462 1.43988,
	7.32451 1.41318,
	7.312 1.38648,
	7.30783 1.37314,
	7.29198 1.34644,
	7.27446 1.31975,
	7.26945 1.31307,
	7.26778 1.30974,
	7.26111 1.30473,
	7.25777 1.30223,
	7.2511 1.28888,
	7.24943 1.28221,
	7.24443 1.27553,
	7.24276 1.2722,
	7.23108 1.25885,
	7.22357 1.2455,
	7.22107 1.23883,
	7.2194 1.22548,
	7.22023 1.21213,
	7.22274 1.20546,
	7.2244 1.19211,
	7.2169 1.16541,
	7.21273 1.15207,
	7.21022 1.13872,
	7.20855 1.11202,
	7.20772 1.09868,
	7.20772 1.092,
	7.20772 1.08867,
	7.20772 1.08783,
	"/>
<Contour name="d05ax18" hidden="false" closed="true" simplified="true" border="0.501961 1 1" fill="0.501961 1 1" mode="-9"
 points="7.87201 2.35677,
	7.8749 2.35677,
	"/>
</Transform>

<Transform dim="6"
 xcoef=" 0.342731728533351 0.919110583084714 -0.0288421964697999 0 0 0"
 ycoef=" 4.82789267305689 -0.052617083774323 0.763694080778908 0 0 0">
<Image mag="0.00220626" contrast="1" brightness="0" red="true" green="true" blue="true"
 src="FPNCT.193.jpg" />
<Contour name="domain1" hidden="false" closed="true" simplified="false" border="1 0 1" fill="1 0 1" mode="11"
 points="0 0,
	4096 0,
	4096 4096,
	0 4096,
	"/>
</Transform>

<Transform dim="0"
 xcoef=" 0 1 0 0 0 0"
 ycoef=" 0 0 1 0 0 0">
<Contour name="d05ax10_ddh" comment="ddh_traced_2018-06-29" hidden="false" closed="true" simplified="true" border="0.502 1 0.502" fill="0.502 1 0.502" mode="11"
 points="7.6353 -0.748462,
	7.64024 -0.761636,
	7.64436 -0.768224,
	7.64683 -0.771517,
	7.65259 -0.775634,
	7.66494 -0.779751,
	7.67812 -0.779751,
	7.69129 -0.774811,
	7.69788 -0.770694,
	7.70117 -0.769047,
	7.71435 -0.756696,
	7.71929 -0.750109,
	7.72176 -0.747639,
	7.72176 -0.745992,
	7.73164 -0.733641,
	7.73576 -0.727054,
	7.74152 -0.720467,
	7.75058 -0.707293,
	7.7621 -0.694942,
	7.76704 -0.690825,
	7.77281 -0.685061,
	7.7761 -0.681767,
	7.78187 -0.677651,
	7.79422 -0.666946,
	7.79998 -0.660359,
	7.80327 -0.657066,
	7.80739 -0.652125,
	7.81562 -0.638951,
	7.81974 -0.632364,
	7.82056 -0.62907,
	7.82221 -0.627424,
	7.82468 -0.620837,
	7.82633 -0.617543,
	7.82633 -0.615896,
	7.8288 -0.612603,
	7.84444 -0.559906,
	7.84444 -0.546731,
	7.84444 -0.540144,
	7.83621 -0.513796,
	7.82962 -0.502268,
	7.82386 -0.489094,
	7.81974 -0.47592,
	7.81645 -0.469333,
	7.81068 -0.462746,
	7.80492 -0.457805,
	7.80163 -0.455335,
	7.79833 -0.454512,
	7.79175 -0.450395,
	7.7654 -0.449571,
	7.75881 -0.450395,
	7.74564 -0.456158,
	7.73246 -0.464392,
	7.71929 -0.474273,
	7.70858 -0.486624,
	7.70117 -0.499798,
	7.70117 -0.501445,
	7.69953 -0.503092,
	7.69623 -0.516266,
	7.69541 -0.522853,
	7.69541 -0.526147,
	7.69376 -0.52944,
	7.69294 -0.536027,
	7.69047 -0.542614,
	7.68965 -0.545908,
	7.68965 -0.547555,
	7.688 -0.548378,
	7.67894 -0.573903,
	7.67482 -0.587078,
	7.67071 -0.613426,
	7.66906 -0.620013,
	7.66165 -0.633187,
	7.65836 -0.639775,
	7.65589 -0.643068,
	7.65506 -0.646362,
	7.65342 -0.647185,
	7.65259 -0.650479,
	7.64848 -0.657066,
	7.64354 -0.67024,
	7.64271 -0.696589,
	7.64354 -0.703176,
	7.6386 -0.71635,
	7.63777 -0.719643,
	7.63777 -0.72129,
	7.63613 -0.722114,
	7.6353 -0.747639,
	"/>
</Transform>

<Transform dim="0"
 xcoef=" 0 1 0 0 0 0"
 ycoef=" 0 0 1 0 0 0">
<Contour name="d05ax13_ddh" comment="ddh_traced_2018-07-01" hidden="false" closed="true" simplified="true" border="0.502 1 0.502" fill="0.502 1 0.502" mode="11"
 points="8.25255 0.497926,
	8.25465 0.493724,
	8.25675 0.460109,
	8.2599 0.443301,
	8.26095 0.434897,
	8.2662 0.41809,
	8.26935 0.409686,
	8.27041 0.405484,
	8.27041 0.403383,
	8.27566 0.394979,
	8.30087 0.327749,
	8.30822 0.319345,
	8.34184 0.314093,
	8.35024 0.313042,
	8.38386 0.316194,
	8.40066 0.321446,
	8.41747 0.3309,
	8.42167 0.333001,
	8.43638 0.349809,
	8.45844 0.383424,
	8.46895 0.400232,
	8.46895 0.402333,
	8.47525 0.410736,
	8.48785 0.444352,
	8.49206 0.461159,
	8.49416 0.469563,
	8.49311 0.486371,
	8.49311 0.494775,
	8.48785 0.511582,
	8.4805 0.52839,
	8.46054 0.562005,
	8.45529 0.570409,
	8.45214 0.578813,
	8.45004 0.580914,
	8.44794 0.589318,
	8.44794 0.591419,
	8.44583 0.593519,
	8.44478 0.601923,
	8.44163 0.606125,
	8.43638 0.622933,
	8.42903 0.63974,
	8.42693 0.643942,
	8.41852 0.651296,
	8.40171 0.658649,
	8.38491 0.6597,
	8.3681 0.657599,
	8.35129 0.650245,
	8.34289 0.646043,
	8.34079 0.646043,
	8.33869 0.643942,
	8.33448 0.642892,
	8.32608 0.63764,
	8.30927 0.631337,
	8.30087 0.629236,
	8.28406 0.61768,
	8.27566 0.611378,
	8.27146 0.607176,
	8.2641 0.590368,
	8.262 0.588267,
	8.25885 0.571459,
	8.2578 0.537844,
	8.25465 0.52944,
	8.25255 0.512633,
	8.25255 0.504229,
	8.25255 0.500027,
	8.25255 0.498977,
	"/>
</Transform>

</Section>