<?xml version="1.0"?>
<!DOCTYPE Section SYSTEM "section.dtd">

<Section index="200" thickness="0.048" alignLocked="true">
<Transform dim="6"
 xcoef=" 1.07411354197628 0.759686327708434 -0.0293532935031662 0 0 0"
 ycoef=" 4.76864185064213 -0.0701299792385633 0.774778960204457 0 0 0">
<Image mag="0.00220626" contrast="1" brightness="0" red="true" green="true" blue="true"
 src="FPNCT.200.jpg" />
<Contour name="domain1" hidden="false" closed="true" simplified="false" border="1 0 1" fill="1 0 1" mode="11"
 points="0 0,
	4096 0,
	4096 4096,
	0 4096,
	"/>
</Transform>

<Transform dim="6"
 xcoef=" 1.56937360757469 0.846455232617974 -0.0428213084407764 0 0 0"
 ycoef=" 0.098453598304773 -0.00489535937066404 0.953821325970165 0 0 0">
<Contour name="D06" hidden="true" closed="true" simplified="true" border="0 0 1" fill="0 0 1" mode="9"
 points="4.76463 3.51261,
	4.76849 3.47305,
	4.77994 3.43472,
	4.79862 3.39883,
	4.82395 3.3665,
	4.85514 3.33873,
	4.89121 3.31639,
	4.93105 3.30018,
	4.97339 3.29061,
	5.01693 3.28798,
	5.06029 3.29236,
	5.10213 3.30363,
	5.14113 3.32142,
	5.17609 3.34519,
	5.2059 3.37419,
	5.22963 3.40752,
	5.24655 3.44412,
	5.25613 3.48287,
	5.25806 3.52255,
	5.25228 3.56191,
	5.23898 3.59974,
	5.21858 3.63484,
	5.1917 3.66612,
	5.15919 3.69261,
	5.12206 3.71347,
	5.08148 3.72806,
	5.03871 3.73592,
	4.99509 3.73679,
	4.95199 3.73067,
	4.91074 3.71773,
	4.87263 3.69838,
	4.83887 3.67323,
	4.8105 3.64306,
	4.7884 3.60881,
	4.77328 3.57156,
	"/>
</Transform>

<Transform dim="6"
 xcoef=" 1.56937360757469 0.846455232617974 -0.0428213084407764 0 0 0"
 ycoef=" 0.098453598304773 -0.00489535937066404 0.953821325970165 0 0 0">
<Contour name="d01cfa30" hidden="false" closed="false" simplified="false" border="0 1 1" fill="0 1 1" mode="9"
 points="6.27723 0.531069,
	6.2536 0.521619,
	6.20163 0.479092,
	6.17327 0.408215,
	6.15437 0.308987,
	6.12602 0.223935,
	"/>
</Transform>

<Transform dim="6"
 xcoef=" 1.56937360757469 0.846455232617974 -0.0428213084407764 0 0 0"
 ycoef=" 0.098453598304773 -0.00489535937066404 0.953821325970165 0 0 0">
<Contour name="d01c30" hidden="false" closed="true" simplified="true" border="1 0 0" fill="0 1 0" mode="9"
 points="6.12378 0.231532,
	6.13796 0.212631,
	6.15686 0.207906,
	6.19466 0.217356,
	6.21356 0.226807,
	6.26554 0.302409,
	6.27971 0.378011,
	6.28916 0.415812,
	6.28916 0.434713,
	6.30806 0.472514,
	6.31751 0.491415,
	6.31279 0.510315,
	6.29861 0.524491,
	6.26081 0.529216,
	6.22301 0.524491,
	6.20411 0.519765,
	6.17103 0.481964,
	6.15686 0.444163,
	6.14741 0.368561,
	6.14741 0.34966,
	6.12378 0.274058,
	6.12378 0.236257,
	"/>
</Transform>

<Transform dim="6"
 xcoef=" 1.55937360757469 0.846455232617974 -0.0428213084407764 0 0 0"
 ycoef=" 0.098453598304773 -0.00489535937066404 0.953821325970165 0 0 0">
<Contour name="d01cfa30" hidden="false" closed="true" simplified="true" border="0 1 0" fill="0 1 0" mode="9"
 points="6.12378 0.231532,
	6.13796 0.212631,
	6.15686 0.207906,
	6.19466 0.217356,
	6.21356 0.226807,
	6.26554 0.302409,
	6.27971 0.378011,
	6.28916 0.415812,
	6.28916 0.434713,
	6.30806 0.472514,
	6.31751 0.491415,
	6.31279 0.510315,
	6.29861 0.524491,
	6.26081 0.529216,
	6.22301 0.524491,
	6.20411 0.519765,
	6.17103 0.481964,
	6.15686 0.444163,
	6.14741 0.368561,
	6.14741 0.34966,
	6.12378 0.274058,
	6.12378 0.236257,
	"/>
</Transform>

<Transform dim="6"
 xcoef=" 1.56937360757469 0.846455232617974 -0.0428213084407764 0 0 0"
 ycoef=" 0.098453598304773 -0.00489535937066404 0.953821325970165 0 0 0">
<Contour name="D14" hidden="true" closed="true" simplified="true" border="1 0 0.5" fill="1 0 0.5" mode="9"
 points="2.33012 -1.82635,
	2.34 -1.9101,
	2.36866 -1.98564,
	2.41331 -2.0456,
	2.46957 -2.08409,
	2.53193 -2.09735,
	2.59429 -2.08409,
	2.65055 -2.0456,
	2.6952 -1.98564,
	2.72386 -1.9101,
	2.73374 -1.82635,
	2.72386 -1.74261,
	2.6952 -1.66706,
	2.65055 -1.60711,
	2.59429 -1.56862,
	2.53193 -1.55535,
	2.46957 -1.56862,
	2.41331 -1.60711,
	2.36866 -1.66706,
	"/>
<Contour name="D13" hidden="true" closed="true" simplified="true" border="0.5 0 1" fill="0.5 0 1" mode="9"
 points="2.02438 0.30344,
	2.03248 0.22517,
	2.05636 0.15083,
	2.09483 0.08414,
	2.14596 0.02845,
	2.20718 -0.013455,
	2.27543 -0.039468,
	2.34728 -0.048287,
	2.41913 -0.039468,
	2.48737 -0.013455,
	2.5486 0.02845,
	2.59972 0.08414,
	2.63819 0.15083,
	2.66207 0.22517,
	2.67017 0.30344,
	2.66207 0.3817,
	2.63819 0.45604,
	2.59972 0.52273,
	2.5486 0.57842,
	2.48737 0.62033,
	2.41913 0.64634,
	2.34728 0.65516,
	2.27543 0.64634,
	2.20718 0.62033,
	2.14596 0.57842,
	2.09483 0.52273,
	2.05636 0.45604,
	"/>
</Transform>

<Transform dim="6"
 xcoef=" 1.56937360757469 0.846455232617974 -0.0428213084407764 0 0 0"
 ycoef=" 0.098453598304773 -0.00489535937066404 0.953821325970165 0 0 0">
<Contour name="D18" hidden="true" closed="true" simplified="true" border="1 0 1" fill="1 0 1" mode="9"
 points="6.56729 -1.98046,
	6.57803 -2.06204,
	6.60947 -2.13757,
	6.65928 -2.20144,
	6.72375 -2.24893,
	6.79811 -2.27651,
	6.87684 -2.28213,
	6.9541 -2.26537,
	7.02417 -2.22749,
	7.08185 -2.17128,
	7.12285 -2.10092,
	7.14414 -2.02163,
	7.14414 -1.93928,
	7.12285 -1.85999,
	7.08185 -1.78963,
	7.02417 -1.73343,
	6.9541 -1.69554,
	6.87684 -1.67879,
	6.79811 -1.68441,
	6.72375 -1.71198,
	6.65928 -1.75947,
	6.60947 -1.82335,
	6.57803 -1.89888,
	"/>
</Transform>

<Transform dim="6"
 xcoef=" 2.08937360757469 0.846455232617974 -0.0428213084407764 0 0 0"
 ycoef=" 1.62845359830478 -0.00489535937066404 0.953821325970165 0 0 0">
<Contour name="D17" hidden="true" closed="true" simplified="true" border="0 0 1" fill="0 0 1" mode="-13"
 points="5.33474 -1.48592,
	5.34525 -1.56732,
	5.37589 -1.64181,
	5.42407 -1.70309,
	5.4857 -1.74595,
	5.55555 -1.76676,
	5.62771 -1.76375,
	5.69604 -1.73719,
	5.75476 -1.68932,
	5.79888 -1.6242,
	5.82468 -1.54735,
	5.82995 -1.4653,
	5.81425 -1.38499,
	5.77891 -1.31325,
	5.72693 -1.25614,
	5.66273 -1.21853,
	5.59173 -1.20358,
	5.51996 -1.21258,
	5.45351 -1.24476,
	5.39802 -1.29739,
	5.35818 -1.366,
	"/>
</Transform>

<Transform dim="6"
 xcoef=" 1.56937360757469 0.846455232617974 -0.0428213084407764 0 0 0"
 ycoef=" 0.098453598304773 -0.00489535937066404 0.953821325970165 0 0 0">
<Contour name="d14" hidden="true" closed="true" simplified="true" border="1 0 1" fill="1 0 1" mode="-11"
 points="4.67006 -1.68299,
	4.69949 -1.7069,
	4.7142 -1.71793,
	4.72892 -1.71058,
	4.73627 -1.7069,
	4.75283 -1.58918,
	4.76202 -1.53032,
	4.77306 -1.4126,
	4.7749 -1.38318,
	4.79513 -1.26546,
	4.80065 -1.23603,
	4.80249 -1.22131,
	4.80985 -1.2066,
	4.83008 -1.17717,
	4.86135 -1.11831,
	4.8687 -1.1036,
	4.8687 -1.07417,
	4.87422 -1.06865,
	4.87238 -1.06681,
	4.8687 -1.06865,
	4.86686 -1.06497,
	4.85215 -1.06497,
	4.82824 -1.09256,
	4.82456 -1.09808,
	4.8264 -1.09992,
	4.79697 -1.11647,
	4.78226 -1.12567,
	4.7749 -1.13119,
	4.76018 -1.16062,
	4.75283 -1.17533,
	4.71788 -1.29305,
	4.70133 -1.35191,
	4.69213 -1.38134,
	4.68661 -1.41077,
	4.67741 -1.52848,
	4.6719 -1.6462,
	4.67006 -1.67563,
	4.67006 -1.68115,
	"/>
<Contour name="d14" hidden="true" closed="true" simplified="true" border="1 0 1" fill="1 0 1" mode="-11"
 points="4.22494 -0.934379,
	4.22862 -0.993238,
	4.22862 -1.00795,
	4.23046 -1.01531,
	4.25989 -1.02635,
	4.26724 -1.02818,
	4.3261 -1.01347,
	4.34082 -1.00979,
	4.34817 -1.00795,
	4.39968 -0.949094,
	4.40519 -0.941736,
	4.41255 -0.912307,
	4.41439 -0.90495,
	4.40151 -0.875521,
	4.38864 -0.864485,
	4.35001 -0.746768,
	4.33898 -0.717338,
	4.30955 -0.695266,
	4.29483 -0.68423,
	4.2654 -0.680552,
	4.25069 -0.680552,
	4.24333 -0.680552,
	4.22862 -0.693427,
	4.22494 -0.697106,
	4.22494 -0.93254,
	"/>
</Transform>

<Transform dim="6"
 xcoef=" 1.56937360757469 0.846455232617974 -0.0428213084407764 0 0 0"
 ycoef=" 0.098453598304773 -0.00489535937066404 0.953821325970165 0 0 0">
<Contour name="d14p28" hidden="true" closed="true" simplified="false" border="1 0 0" fill="1 0 0" mode="9"
 points="1.83843 -2.59522,
	1.81377 -2.59522,
	1.81377 -2.58289,
	1.8261 -2.57056,
	1.86309 -2.55823,
	1.83843 -2.5459,
	1.8261 -2.52124,
	1.80144 -2.5459,
	1.78911 -2.57056,
	1.78911 -2.59522,
	1.76445 -2.59522,
	1.80144 -2.61988,
	"/>
</Transform>

<Transform dim="6"
 xcoef=" 1.56937360757469 0.846455232617974 -0.0428213084407764 0 0 0"
 ycoef=" 0.098453598304773 -0.00489535937066404 0.953821325970165 0 0 0">
<Contour name="d14p29" hidden="true" closed="true" simplified="false" border="0 1 0" fill="0 1 0" mode="9"
 points="2.48878 -2.71175,
	2.48878 -2.72617,
	2.5032 -2.72617,
	2.5032 -2.74059,
	2.51762 -2.74059,
	2.51762 -2.72617,
	2.53204 -2.72617,
	2.53204 -2.71175,
	2.51762 -2.71175,
	2.51762 -2.69733,
	2.5032 -2.69733,
	2.5032 -2.71175,
	"/>
</Transform>

<Transform dim="6"
 xcoef=" 1.56937360757469 0.846455232617974 -0.0428213084407764 0 0 0"
 ycoef=" 0.098453598304773 -0.00489535937066404 0.953821325970165 0 0 0">
<Contour name="d14" hidden="true" closed="true" simplified="true" border="1 0 1" fill="1 0 1" mode="11"
 points="1.65052 -2.77665,
	1.65773 -2.80549,
	1.66133 -2.81991,
	1.66133 -2.83433,
	1.71902 -2.84695,
	1.73344 -2.85056,
	1.74065 -2.85056,
	1.75327 -2.82352,
	1.76228 -2.79468,
	1.7731 -2.73699,
	1.77851 -2.70814,
	1.81096 -2.65046,
	1.82718 -2.62161,
	1.94255 -2.56934,
	1.94436 -2.56753,
	1.98402 -2.62522,
	2.00385 -2.65406,
	2.01647 -2.66849,
	2.02368 -2.6757,
	2.0381 -2.6811,
	2.15347 -2.70634,
	2.21116 -2.71896,
	2.26885 -2.71355,
	2.29769 -2.71175,
	2.31211 -2.71175,
	2.31391 -2.71175,
	2.31932 -2.70995,
	2.34276 -2.69192,
	2.35718 -2.68291,
	2.41487 -2.6811,
	2.42208 -2.6811,
	2.42929 -2.68471,
	2.44191 -2.69913,
	2.45813 -2.72797,
	2.46714 -2.7424,
	2.47976 -2.75502,
	2.50861 -2.76944,
	2.59333 -2.65587,
	2.67085 -2.54049,
	2.68888 -2.51165,
	2.69969 -2.49723,
	2.82588 -2.26648,
	2.88898 -2.15111,
	2.91962 -2.09342,
	2.92684 -2.079,
	2.92684 -1.96362,
	2.92684 -1.90594,
	2.93945 -1.79056,
	2.94486 -1.73288,
	2.94847 -1.70403,
	2.94847 -1.67519,
	3.00435 -1.64274,
	3.06024 -1.59046,
	3.06745 -1.58325,
	3.07105 -1.58145,
	3.01337 -1.56703,
	2.99894 -1.56162,
	2.95928 -1.50393,
	2.94847 -1.48951,
	2.94306 -1.4823,
	2.82769 -1.43543,
	2.77 -1.41199,
	2.75558 -1.40839,
	2.69789 -1.40839,
	2.66905 -1.40839,
	2.55367 -1.42281,
	2.49599 -1.43002,
	2.46714 -1.43543,
	2.45993 -1.43723,
	2.42027 -1.49312,
	2.40225 -1.52196,
	2.40044 -1.52376,
	2.39684 -1.51655,
	2.39504 -1.51295,
	2.27966 -1.5472,
	2.22197 -1.53097,
	2.21476 -1.52917,
	2.15708 -1.549,
	2.12823 -1.55982,
	2.11381 -1.56523,
	2.08497 -1.58686,
	2.07776 -1.59227,
	2.01286 -1.70764,
	1.98041 -1.76533,
	1.92272 -1.8807,
	1.89388 -1.93839,
	1.87946 -1.96723,
	1.85062 -2.0826,
	1.83619 -2.14029,
	1.80735 -2.37104,
	1.79834 -2.42872,
	1.7713 -2.5441,
	1.75688 -2.60178,
	1.75507 -2.609,
	1.71361 -2.66668,
	1.67575 -2.72437,
	1.65953 -2.75321,
	1.65232 -2.76763,
	1.65052 -2.77485,
	"/>
</Transform>

<Transform dim="6"
 xcoef=" 1.56937360757469 0.846455232617974 -0.0428213084407764 0 0 0"
 ycoef=" 0.098453598304773 -0.00489535937066404 0.953821325970165 0 0 0">
<Contour name="d14" hidden="true" closed="true" simplified="true" border="1 0 1" fill="1 0 1" mode="-11"
 points="3.82379 -1.82079,
	3.82501 -1.89905,
	3.82501 -1.91862,
	3.83112 -1.95775,
	3.84702 -2.03601,
	3.84947 -2.04579,
	3.9265 -2.11794,
	3.9314 -2.12283,
	4.00966 -2.15463,
	4.01944 -2.15829,
	4.02922 -2.15952,
	4.10748 -2.15463,
	4.11727 -2.15463,
	4.12216 -2.15218,
	4.20042 -2.08982,
	4.20898 -2.08126,
	4.23588 -2.04212,
	4.24933 -2.02256,
	4.25667 -2.01278,
	4.26034 -1.97365,
	4.26156 -1.95408,
	4.26156 -1.94919,
	4.26156 -1.94674,
	4.24199 -1.9284,
	4.23221 -1.91862,
	4.22977 -1.91617,
	4.19064 -1.91617,
	4.17107 -1.91617,
	4.15151 -1.9125,
	4.14172 -1.91128,
	4.10259 -1.89294,
	4.08303 -1.88193,
	4.03411 -1.80367,
	4.00966 -1.76454,
	3.99131 -1.74865,
	3.95218 -1.72174,
	3.93262 -1.70829,
	3.92284 -1.70218,
	3.91794 -1.69851,
	3.89838 -1.69484,
	3.87881 -1.69362,
	3.86903 -1.6924,
	3.86414 -1.69117,
	3.85925 -1.6924,
	3.83968 -1.70585,
	3.8299 -1.71318,
	3.82501 -1.71685,
	3.82379 -1.79511,
	3.82379 -1.81468,
	3.82379 -1.81957,
	"/>
</Transform>

<Transform dim="6"
 xcoef=" 1.56937360757469 0.846455232617974 -0.0428213084407764 0 0 0"
 ycoef=" 0.098453598304773 -0.00489535937066404 0.953821325970165 0 0 0">
<Contour name="d14p50" hidden="true" closed="true" simplified="false" border="0 1 1" fill="0 1 1" mode="9"
 points="2.38623 -2.61871,
	2.39077 -2.62324,
	2.37263 -2.64138,
	2.37716 -2.64591,
	2.3953 -2.62777,
	2.39983 -2.63231,
	2.39983 -2.61871,
	"/>
</Transform>

<Transform dim="6"
 xcoef=" 1.56937360757469 0.846455232617974 -0.0428213084407764 0 0 0"
 ycoef=" 0.098453598304773 -0.00489535937066404 0.953821325970165 0 0 0">
<Contour name="d14c50" hidden="true" closed="true" simplified="true" border="0 1 1" fill="0 1 1" mode="11"
 points="2.31551 -2.69973,
	2.33025 -2.71786,
	2.33705 -2.72693,
	2.33931 -2.7292,
	2.37558 -2.7326,
	2.41185 -2.73146,
	2.41638 -2.73146,
	2.43452 -2.71446,
	2.44358 -2.70653,
	2.44245 -2.69746,
	2.44132 -2.69293,
	2.44132 -2.69066,
	2.40505 -2.66913,
	2.36878 -2.67026,
	2.35065 -2.67139,
	2.34158 -2.67139,
	2.33705 -2.67253,
	2.32231 -2.69066,
	2.31664 -2.6986,
	"/>
</Transform>

<Transform dim="6"
 xcoef=" 1.56937360757469 0.846455232617974 -0.0428213084407764 0 0 0"
 ycoef=" 0.098453598304773 -0.00489535937066404 0.953821325970165 0 0 0">
<Contour name="d14c27c" hidden="true" closed="true" simplified="true" border="1 0 1" fill="1 0 1" mode="-11"
 points="4.32756 -0.749046,
	4.3346 -0.774092,
	4.33773 -0.786615,
	4.34321 -0.799138,
	4.37061 -0.849231,
	4.37452 -0.855493,
	4.39957 -0.867233,
	4.40113 -0.868016,
	4.40896 -0.855493,
	4.41052 -0.852362,
	4.41131 -0.839839,
	4.41209 -0.833577,
	4.40818 -0.808531,
	4.40583 -0.796008,
	4.38861 -0.745915,
	4.38469 -0.733391,
	4.38235 -0.72713,
	4.38 -0.724782,
	4.36748 -0.720868,
	4.36434 -0.720086,
	4.3393 -0.740436,
	4.32756 -0.748263,
	"/>
<Contour name="d14cfa27c" hidden="true" closed="false" simplified="false" border="1 0 1" fill="1 0 1" mode="-11"
 points="4.39741 -0.866051,
	4.39068 -0.836444,
	4.34897 -0.732817,
	"/>
</Transform>

<Transform dim="6"
 xcoef=" 1.56937360757469 0.846455232617974 -0.0428213084407764 0 0 0"
 ycoef=" 0.098453598304773 -0.00489535937066404 0.953821325970165 0 0 0">
<Contour name="d14cfa50" hidden="true" closed="false" simplified="false" border="0 1 1" fill="0 1 1" mode="11"
 points="2.44105 -2.70174,
	2.37655 -2.69284,
	2.31984 -2.70174,
	"/>
</Transform>

<Transform dim="6"
 xcoef=" 1.56937360757469 0.846455232617974 -0.0428213084407764 0 0 0"
 ycoef=" 0.098453598304773 -0.00489535937066404 0.953821325970165 0 0 0">
<Contour name="d01" hidden="false" closed="true" simplified="true" border="1 1 0" fill="1 0.5 0" mode="11"
 points="5.06124 0.382275,
	5.07099 0.351069,
	5.0905 0.319863,
	5.11585 0.257451,
	5.12951 0.226244,
	5.13926 0.210641,
	5.15486 0.196989,
	5.17046 0.191137,
	5.18412 0.181386,
	5.18997 0.173584,
	5.19777 0.142378,
	5.20362 0.0799657,
	5.19387 0.0175534,
	5.19192 0.00195038,
	5.18217 -0.0292557,
	5.17827 -0.0448588,
	5.17632 -0.0526603,
	5.17632 -0.0565611,
	5.16461 -0.0721642,
	5.16071 -0.0760649,
	5.15096 -0.107271,
	5.14706 -0.122874,
	5.14511 -0.130676,
	5.14121 -0.134576,
	5.13341 -0.136527,
	5.11585 -0.167733,
	5.1022 -0.198939,
	5.0944 -0.214542,
	5.08075 -0.230145,
	5.0749 -0.237947,
	5.06904 -0.25355,
	5.06709 -0.284756,
	5.06319 -0.292557,
	5.07099 -0.323764,
	5.0866 -0.333515,
	5.1178 -0.337416,
	5.14901 -0.335466,
	5.15681 -0.335466,
	5.17046 -0.345218,
	5.18997 -0.376424,
	5.19387 -0.384225,
	5.19777 -0.388126,
	5.21337 -0.392027,
	5.22898 -0.399828,
	5.23678 -0.401779,
	5.25238 -0.413481,
	5.26018 -0.415432,
	5.29139 -0.40958,
	5.29724 -0.401779,
	5.31089 -0.397878,
	5.3265 -0.399828,
	5.3421 -0.413481,
	5.346 -0.417382,
	5.40841 -0.427134,
	5.41621 -0.427134,
	5.43182 -0.419332,
	5.44547 -0.403729,
	5.45132 -0.388126,
	5.45132 -0.372523,
	5.46497 -0.341317,
	5.48253 -0.310111,
	5.48643 -0.30621,
	5.51763 -0.302309,
	5.52543 -0.298409,
	5.53129 -0.282805,
	5.53324 -0.278905,
	5.52153 -0.247699,
	5.52348 -0.239897,
	5.52348 -0.235996,
	5.53909 -0.226244,
	5.55079 -0.210641,
	5.55469 -0.20284,
	5.55469 -0.195038,
	5.56249 -0.179435,
	5.56444 -0.163832,
	5.56249 -0.148229,
	5.56249 -0.140428,
	5.57029 -0.124824,
	5.57614 -0.117023,
	5.58004 -0.113122,
	5.58004 -0.0975191,
	5.5859 -0.0819161,
	5.5898 -0.0741145,
	5.6054 -0.0604619,
	5.65026 0.00195038,
	5.65611 0.00975191,
	5.67561 0.0721642,
	5.68537 0.0877672,
	5.70097 0.10337,
	5.71657 0.105321,
	5.72437 0.105321,
	5.75558 0.122874,
	5.76923 0.136527,
	5.77703 0.144328,
	5.80824 0.165783,
	5.83945 0.183336,
	5.87065 0.195038,
	5.88625 0.200889,
	5.89406 0.20479,
	5.92526 0.20284,
	5.94087 0.20284,
	5.97207 0.196989,
	6.00328 0.198939,
	6.03448 0.212592,
	6.05009 0.218443,
	6.08129 0.216492,
	6.1125 0.228195,
	6.1203 0.232096,
	6.12615 0.239897,
	6.1281 0.2555,
	6.1242 0.271103,
	6.15151 0.333515,
	6.15931 0.364722,
	6.16126 0.395928,
	6.17296 0.45834,
	6.17881 0.473943,
	6.19051 0.489546,
	6.20612 0.503199,
	6.21392 0.511,
	6.24513 0.522703,
	6.26073 0.526603,
	6.27633 0.526603,
	6.29193 0.536355,
	6.29974 0.544157,
	6.30754 0.55976,
	6.33094 0.590966,
	6.33874 0.594867,
	6.36215 0.626073,
	6.3758 0.641676,
	6.3914 0.653378,
	6.40701 0.668981,
	6.40896 0.676783,
	6.40701 0.692386,
	6.40701 0.696287,
	6.3914 0.709939,
	6.3836 0.71579,
	6.3797 0.717741,
	6.3641 0.71189,
	6.3563 0.707989,
	6.34069 0.706039,
	6.32509 0.709939,
	6.30949 0.709939,
	6.29388 0.702138,
	6.27828 0.700187,
	6.24708 0.71189,
	6.21587 0.727493,
	6.20222 0.743096,
	6.18661 0.752848,
	6.17881 0.754798,
	6.16321 0.750897,
	6.132 0.733344,
	6.1164 0.721642,
	6.10275 0.706039,
	6.08714 0.674832,
	6.07739 0.645577,
	6.06959 0.637775,
	6.05204 0.608519,
	6.02083 0.596817,
	5.98963 0.573412,
	5.97402 0.565611,
	5.96622 0.56171,
	5.94477 0.530504,
	5.93501 0.514901,
	5.93306 0.499298,
	5.93306 0.491496,
	5.92136 0.475893,
	5.91356 0.46029,
	5.88821 0.431035,
	5.857 0.403729,
	5.83554 0.372523,
	5.82774 0.35692,
	5.82189 0.349118,
	5.81409 0.317912,
	5.80824 0.302309,
	5.79849 0.286706,
	5.79264 0.280855,
	5.76143 0.271103,
	5.74583 0.269153,
	5.71462 0.276954,
	5.69902 0.282805,
	5.66976 0.310111,
	5.66001 0.341317,
	5.65611 0.372523,
	5.65416 0.388126,
	5.64831 0.403729,
	5.62295 0.432985,
	5.59175 0.450538,
	5.57614 0.45834,
	5.54494 0.464191,
	5.51373 0.462241,
	5.49813 0.46029,
	5.46692 0.444687,
	5.43572 0.444687,
	5.42011 0.446638,
	5.40451 0.452489,
	5.38891 0.464191,
	5.3733 0.471993,
	5.346 0.501248,
	5.33235 0.516851,
	5.32454 0.524653,
	5.31479 0.540256,
	5.30114 0.555859,
	5.26993 0.577313,
	5.25433 0.581214,
	5.24653 0.579264,
	5.23873 0.573412,
	5.22312 0.569512,
	5.21727 0.571462,
	5.20947 0.579264,
	5.19387 0.587065,
	5.18607 0.587065,
	5.17046 0.579264,
	5.15486 0.577313,
	5.14706 0.579264,
	5.13146 0.589016,
	5.12366 0.590966,
	5.10805 0.587065,
	5.09245 0.577313,
	5.0827 0.56171,
	5.0788 0.546107,
	5.06514 0.421283,
	5.06124 0.390077,
	5.06124 0.384225,
	"/>
</Transform>

<Transform dim="6"
 xcoef=" 1.56937360757469 0.846455232617974 -0.0428213084407764 0 0 0"
 ycoef=" 0.098453598304773 -0.00489535937066404 0.953821325970165 0 0 0">
<Contour name="d03" hidden="false" closed="true" simplified="true" border="1 0 0.5" fill="1 0 0.5" mode="11"
 points="7.47382 -2.01082,
	7.48893 -2.03098,
	7.50657 -2.0461,
	7.52421 -2.08642,
	7.53681 -2.10658,
	7.54689 -2.11162,
	7.55193 -2.11162,
	7.55697 -2.11666,
	7.57713 -2.11414,
	7.61745 -2.08642,
	7.63508 -2.06626,
	7.6376 -2.06122,
	7.63508 -2.05114,
	7.65272 -2.01334,
	7.68044 -1.97555,
	7.7006 -1.93523,
	7.70312 -1.92515,
	7.70816 -1.92263,
	7.72328 -1.88231,
	7.72832 -1.87223,
	7.72832 -1.85208,
	7.71824 -1.83192,
	7.7132 -1.82184,
	7.7132 -1.80168,
	7.71824 -1.7916,
	7.71824 -1.75128,
	7.71572 -1.73112,
	7.71572 -1.72104,
	7.71068 -1.716,
	7.7006 -1.716,
	7.69556 -1.716,
	7.68548 -1.72608,
	7.68044 -1.73112,
	7.68044 -1.73616,
	7.6754 -1.7412,
	7.6754 -1.74624,
	7.6628 -1.7664,
	7.65524 -1.78656,
	7.65524 -1.7916,
	7.64012 -1.81176,
	7.61997 -1.82688,
	7.61493 -1.83696,
	7.60989 -1.842,
	7.60233 -1.86215,
	7.60233 -1.88231,
	7.60485 -1.89239,
	7.60485 -1.89743,
	7.60989 -1.90247,
	7.59477 -1.94279,
	7.58469 -1.95035,
	7.57461 -1.95287,
	7.56957 -1.95287,
	7.56453 -1.94783,
	7.55949 -1.94783,
	7.54689 -1.92767,
	7.54185 -1.92263,
	7.54185 -1.91759,
	7.52421 -1.89995,
	7.50405 -1.89995,
	7.49397 -1.90499,
	7.47886 -1.92263,
	7.47382 -1.93271,
	7.47886 -1.97303,
	7.47382 -1.99319,
	7.47382 -2.00326,
	7.47382 -2.0083,
	"/>
<Contour name="d03" hidden="false" closed="true" simplified="true" border="1 0 0.5" fill="1 0 0.5" mode="11"
 points="7.4461 -1.5245,
	7.45366 -1.54466,
	7.45618 -1.55474,
	7.46626 -1.55725,
	7.48641 -1.54718,
	7.49649 -1.54466,
	7.51665 -1.52954,
	7.52169 -1.51946,
	7.52169 -1.51442,
	7.53429 -1.4993,
	7.56201 -1.4615,
	7.57965 -1.44386,
	7.58973 -1.4237,
	7.59225 -1.40355,
	7.59225 -1.39347,
	7.58721 -1.38339,
	7.57713 -1.37331,
	7.56705 -1.36827,
	7.52673 -1.36827,
	7.50657 -1.37079,
	7.49397 -1.38591,
	7.49145 -1.39599,
	7.47382 -1.41614,
	7.46878 -1.45646,
	7.45366 -1.47662,
	7.4461 -1.4867,
	7.4461 -1.50686,
	7.4461 -1.51694,
	7.4461 -1.52198,
	"/>
<Contour name="d03" hidden="false" closed="true" simplified="true" border="1 0 0.5" fill="1 0 0.5" mode="11"
 points="7.46878 -0.15119,
	7.47886 -0.191507,
	7.48641 -0.211666,
	7.48893 -0.231824,
	7.49397 -0.241904,
	7.49397 -0.262062,
	7.49649 -0.272142,
	7.51917 -0.309939,
	7.53177 -0.350256,
	7.53681 -0.360336,
	7.53429 -0.400653,
	7.53681 -0.420812,
	7.53177 -0.461129,
	7.52925 -0.481288,
	7.52169 -0.501446,
	7.52169 -0.506486,
	7.51413 -0.516565,
	7.50909 -0.521605,
	7.50657 -0.531684,
	7.50909 -0.541763,
	7.52925 -0.554363,
	7.60989 -0.582081,
	7.6502 -0.59468,
	7.66784 -0.602239,
	7.688 -0.622398,
	7.7258 -0.650116,
	7.73084 -0.655156,
	7.77116 -0.652636,
	7.78879 -0.634997,
	7.80895 -0.629957,
	7.81903 -0.634997,
	7.82155 -0.640037,
	7.83163 -0.637517,
	7.83919 -0.627438,
	7.83919 -0.58712,
	7.86691 -0.549323,
	7.87951 -0.531684,
	7.88707 -0.511525,
	7.89211 -0.501446,
	7.88959 -0.481288,
	7.89715 -0.471208,
	7.90219 -0.45105,
	7.91983 -0.410732,
	7.92739 -0.390574,
	7.93998 -0.309939,
	7.95258 -0.269622,
	7.9551 -0.249463,
	7.97526 -0.209146,
	7.99542 -0.191507,
	8.01558 -0.178908,
	8.02818 -0.158749,
	8.0307 -0.138591,
	8.02314 -0.118432,
	8.0055 -0.105833,
	7.98534 -0.0982734,
	7.94502 -0.0932337,
	7.90723 -0.0831544,
	7.89463 -0.0629957,
	7.88707 -0.0529164,
	7.88455 -0.0428371,
	7.85935 -0.00503966,
	7.84927 0.015119,
	7.84423 0.0201586,
	7.84171 0.030238,
	7.83415 0.0403173,
	7.83163 0.0503966,
	7.81903 0.0705552,
	7.79887 0.088194,
	7.78879 0.0957535,
	7.78627 0.105833,
	7.78879 0.125991,
	7.78124 0.14615,
	7.76864 0.166309,
	7.75856 0.173868,
	7.7384 0.176388,
	7.71824 0.171348,
	7.7132 0.168829,
	7.69304 0.183948,
	7.688 0.188987,
	7.68044 0.209146,
	7.66784 0.229305,
	7.64768 0.231824,
	7.60737 0.214186,
	7.58721 0.206626,
	7.57713 0.201586,
	7.57209 0.201586,
	7.56201 0.194027,
	7.54185 0.191507,
	7.53177 0.191507,
	7.52169 0.181428,
	7.51665 0.171348,
	7.51413 0.15119,
	7.51413 0.14111,
	7.50153 0.120952,
	7.50153 0.110873,
	7.48641 0.0705552,
	7.47886 0.030238,
	7.48138 -0.0100793,
	7.47886 -0.0503966,
	7.4713 -0.0907139,
	7.46878 -0.131031,
	7.46878 -0.14867,
	"/>
</Transform>

<Transform dim="6"
 xcoef=" 1.56937360757469 0.846455232617974 -0.0428213084407764 0 0 0"
 ycoef=" 0.098453598304773 -0.00489535937066404 0.953821325970165 0 0 0">
<Contour name="d03" hidden="false" closed="true" simplified="true" border="1 0 0.5" fill="1 0 0.5" mode="11"
 points="6.89425 0.509006,
	6.91945 0.468688,
	6.93709 0.45105,
	6.93961 0.44097,
	6.94717 0.430891,
	6.94969 0.410732,
	6.94969 0.400653,
	6.94969 0.395613,
	6.96985 0.380494,
	6.99001 0.372935,
	7.03033 0.372935,
	7.07064 0.388054,
	7.08072 0.388054,
	7.0908 0.383014,
	7.13112 0.388054,
	7.15128 0.398133,
	7.17144 0.418292,
	7.18404 0.43845,
	7.18656 0.44853,
	7.21175 0.486327,
	7.22939 0.526644,
	7.23191 0.566962,
	7.22435 0.607279,
	7.21931 0.617358,
	7.20923 0.624918,
	7.20419 0.624918,
	7.18656 0.642557,
	7.18152 0.662715,
	7.17396 0.672795,
	7.17144 0.682874,
	7.16388 0.692953,
	7.1538 0.697993,
	7.13364 0.697993,
	7.12356 0.697993,
	7.04292 0.645076,
	7.02277 0.629957,
	6.98245 0.612319,
	6.97741 0.612319,
	6.97237 0.607279,
	6.95221 0.59972,
	6.91189 0.59468,
	6.90181 0.58712,
	6.89677 0.566962,
	6.89425 0.526644,
	6.89425 0.516565,
	6.89425 0.511525,
	"/>
</Transform>

<Transform dim="6"
 xcoef=" 1.56937360757469 0.846455232617974 -0.0428213084407764 0 0 0"
 ycoef=" 0.098453598304773 -0.00489535937066404 0.953821325970165 0 0 0">
<Contour name="d03" hidden="false" closed="true" simplified="true" border="1 0 0.5" fill="1 0 0.5" mode="11"
 points="7.71824 -0.902099,
	7.7258 -0.942416,
	7.72832 -0.962575,
	7.73588 -0.982734,
	7.7384 -0.992813,
	7.74344 -0.997853,
	7.77368 -1.07849,
	7.77116 -1.1188,
	7.77368 -1.12888,
	7.77368 -1.13392,
	7.78124 -1.144,
	7.78375 -1.15408,
	7.78879 -1.15912,
	7.80139 -1.19944,
	7.82155 -1.21204,
	7.84171 -1.21204,
	7.85179 -1.20952,
	7.88455 -1.1692,
	7.90975 -1.12888,
	7.92487 -1.08857,
	7.92487 -1.00793,
	7.92487 -0.967615,
	7.92235 -0.947456,
	7.92235 -0.937377,
	7.91731 -0.927297,
	7.91227 -0.846663,
	7.89715 -0.806346,
	7.89463 -0.786187,
	7.88455 -0.766028,
	7.87951 -0.755949,
	7.87951 -0.750909,
	7.87447 -0.74587,
	7.86691 -0.725711,
	7.85683 -0.715632,
	7.81651 -0.692953,
	7.80643 -0.692953,
	7.78627 -0.708072,
	7.76108 -0.74587,
	7.75604 -0.755949,
	7.75352 -0.776108,
	7.74344 -0.796266,
	7.73588 -0.806346,
	7.72076 -0.846663,
	7.71824 -0.88698,
	7.71824 -0.897059,
	7.71824 -0.899579,
	"/>
</Transform>

<Transform dim="6"
 xcoef=" 1.56937360757469 0.846455232617974 -0.0428213084407764 0 0 0"
 ycoef=" 0.098453598304773 -0.00489535937066404 0.953821325970165 0 0 0">
<Contour name="d05" hidden="false" closed="true" simplified="true" border="1 1 0" fill="1 1 0" mode="11"
 points="6.79238 1.76956,
	6.80245 1.73735,
	6.80647 1.72125,
	6.83667 1.69508,
	6.86687 1.67696,
	6.88297 1.66689,
	6.91518 1.65481,
	6.93129 1.65079,
	6.94739 1.64273,
	6.95142 1.64273,
	6.95545 1.63871,
	6.97155 1.63871,
	6.98766 1.64475,
	6.99571 1.64877,
	7.01181 1.64877,
	7.02792 1.64273,
	7.06013 1.62059,
	7.0702 1.60448,
	7.07422 1.59643,
	7.07825 1.5924,
	7.07825 1.58838,
	7.08227 1.58637,
	7.0863 1.57026,
	7.09838 1.55617,
	7.11448 1.54812,
	7.1467 1.54006,
	7.1628 1.53805,
	7.22722 1.54208,
	7.24333 1.54409,
	7.25138 1.54409,
	7.25943 1.54812,
	7.29164 1.55013,
	7.30775 1.55214,
	7.33996 1.56422,
	7.40237 1.6065,
	7.40639 1.6065,
	7.4225 1.61858,
	7.44867 1.64877,
	7.4688 1.67897,
	7.47081 1.68702,
	7.47484 1.69105,
	7.47484 1.6991,
	7.48289 1.71521,
	7.48491 1.73131,
	7.48692 1.73735,
	7.50302 1.73735,
	7.51913 1.74138,
	7.52316 1.7454,
	7.53926 1.74943,
	7.57147 1.76554,
	7.58758 1.77761,
	7.60167 1.80781,
	7.60368 1.84002,
	7.60972 1.85613,
	7.61979 1.87223,
	7.63589 1.8823,
	7.652 1.88431,
	7.66005 1.88431,
	7.67615 1.87827,
	7.68421 1.87827,
	7.69226 1.87425,
	7.69629 1.87425,
	7.70031 1.89035,
	7.70233 1.8984,
	7.69629 1.93061,
	7.6983 1.99504,
	7.70635 2.02725,
	7.71038 2.0353,
	7.71038 2.06751,
	7.71038 2.08361,
	7.70635 2.09972,
	7.70434 2.10777,
	7.70635 2.12388,
	7.70031 2.1883,
	7.6983 2.22051,
	7.70031 2.25272,
	7.70635 2.28493,
	7.70635 2.31714,
	7.70635 2.33325,
	7.70031 2.34935,
	7.69629 2.35539,
	7.68018 2.36948,
	7.66609 2.37955,
	7.64998 2.37955,
	7.63388 2.38559,
	7.62985 2.39364,
	7.62583 2.39767,
	7.62381 2.40572,
	7.61777 2.41377,
	7.58556 2.43189,
	7.56946 2.4339,
	7.55335 2.43189,
	7.52114 2.43793,
	7.50504 2.44598,
	7.49497 2.46007,
	7.46477 2.48624,
	7.44867 2.49631,
	7.4386 2.51242,
	7.43659 2.52047,
	7.43055 2.52852,
	7.42451 2.54463,
	7.40438 2.57482,
	7.39633 2.58892,
	7.36814 2.61911,
	7.35204 2.63522,
	7.32184 2.64931,
	7.30573 2.65132,
	7.28963 2.65736,
	7.27554 2.66944,
	7.25943 2.66944,
	7.25138 2.66944,
	7.24333 2.66139,
	7.23527 2.64528,
	7.23527 2.64126,
	7.23125 2.63924,
	7.22722 2.62314,
	7.21917 2.60703,
	7.20709 2.59093,
	7.20105 2.58288,
	7.18495 2.57281,
	7.17689 2.56878,
	7.14468 2.53859,
	7.13663 2.53053,
	7.12858 2.51443,
	7.12858 2.5104,
	7.12052 2.50235,
	7.11448 2.49832,
	7.10643 2.49027,
	7.09838 2.48624,
	7.09435 2.48222,
	7.07825 2.47618,
	7.06416 2.4641,
	7.0561 2.45605,
	7.05208 2.44799,
	7.03597 2.43189,
	7.02993 2.42384,
	7.02792 2.41981,
	7.01987 2.42182,
	7.00376 2.41578,
	6.98162 2.38559,
	6.97155 2.36948,
	6.96954 2.36143,
	6.9635 2.35338,
	6.96149 2.34532,
	6.95746 2.3413,
	6.95343 2.30909,
	6.93733 2.27688,
	6.92927 2.26077,
	6.92726 2.25272,
	6.9172 2.23661,
	6.91116 2.22051,
	6.90713 2.21648,
	6.90512 2.20843,
	6.89908 2.20038,
	6.89908 2.19635,
	6.89505 2.19232,
	6.89505 2.1883,
	6.88901 2.18025,
	6.88297 2.16414,
	6.87291 2.14803,
	6.86888 2.13998,
	6.84271 2.10979,
	6.82056 2.04536,
	6.81654 2.03731,
	6.81453 2.0051,
	6.81251 1.989,
	6.80849 1.98094,
	6.80849 1.94873,
	6.80849 1.93263,
	6.80245 1.90042,
	6.80245 1.89236,
	6.80245 1.88834,
	6.80647 1.88431,
	6.80647 1.86821,
	6.80043 1.836,
	6.79842 1.81989,
	6.79439 1.81184,
	6.79238 1.77963,
	6.79238 1.77158,
	"/>
<Contour name="d05" hidden="false" closed="true" simplified="true" border="1 1 0" fill="1 1 0" mode="11"
 points="6.22668 3.51295,
	6.23272 3.49685,
	6.24078 3.43243,
	6.24682 3.40022,
	6.25688 3.36801,
	6.26292 3.3519,
	6.26695 3.34787,
	6.26896 3.33177,
	6.27097 3.32372,
	6.27097 3.31969,
	6.27701 3.31365,
	6.27903 3.29755,
	6.28708 3.28144,
	6.29111 3.26534,
	6.28507 3.23312,
	6.28507 3.21702,
	6.28507 3.20897,
	6.30117 3.17676,
	6.3052 3.1687,
	6.30922 3.16468,
	6.3213 3.13247,
	6.33741 3.10026,
	6.34546 3.08415,
	6.34949 3.0761,
	6.34949 3.05999,
	6.35553 3.04389,
	6.35754 3.01168,
	6.36559 2.99557,
	6.37968 2.98148,
	6.3978 2.94927,
	6.41995 2.91706,
	6.43807 2.88485,
	6.44612 2.86874,
	6.45417 2.86069,
	6.47229 2.83049,
	6.48638 2.81842,
	6.50249 2.81238,
	6.51054 2.81238,
	6.52664 2.82647,
	6.5347 2.84257,
	6.53671 2.85063,
	6.54275 2.85868,
	6.55483 2.89089,
	6.56087 2.90699,
	6.56489 2.91102,
	6.57295 2.94323,
	6.57697 2.95128,
	6.58503 3.0157,
	6.58905 3.03181,
	6.58905 3.06402,
	6.60113 3.09623,
	6.60314 3.10428,
	6.61321 3.12039,
	6.64341 3.18481,
	6.64945 3.20091,
	6.65347 3.20897,
	6.65347 3.22507,
	6.6575 3.24118,
	6.66153 3.24923,
	6.66354 3.28144,
	6.66958 3.31365,
	6.66958 3.34586,
	6.66958 3.36197,
	6.66958 3.36599,
	6.6736 3.37002,
	6.67763 3.40223,
	6.67964 3.46665,
	6.6877 3.53107,
	6.68971 3.56328,
	6.68568 3.59549,
	6.67763 3.6116,
	6.6736 3.61562,
	6.66958 3.63173,
	6.67159 3.66394,
	6.66958 3.68004,
	6.66555 3.6881,
	6.66555 3.69212,
	6.65347 3.70622,
	6.64542 3.72232,
	6.64139 3.73843,
	6.62126 3.77064,
	6.60516 3.78473,
	6.58905 3.79077,
	6.581 3.79278,
	6.56691 3.80486,
	6.55684 3.82097,
	6.55282 3.82902,
	6.53671 3.84311,
	6.5206 3.84512,
	6.51255 3.84512,
	6.49645 3.83707,
	6.46424 3.81291,
	6.41995 3.75051,
	6.41995 3.74648,
	6.39982 3.71628,
	6.39378 3.70823,
	6.36157 3.69816,
	6.34546 3.69615,
	6.32936 3.68608,
	6.31325 3.67199,
	6.31325 3.66797,
	6.30117 3.65387,
	6.28708 3.62166,
	6.28104 3.60556,
	6.26896 3.58945,
	6.26091 3.57335,
	6.25487 3.5653,
	6.24078 3.55523,
	6.23272 3.55322,
	6.22668 3.54516,
	6.22668 3.51497,
	"/>
<Contour name="d05" hidden="false" closed="true" simplified="true" border="1 1 0" fill="1 1 0" mode="11"
 points="6.66354 3.20897,
	6.67763 3.17676,
	6.6877 3.14455,
	6.69374 3.13649,
	6.69374 3.13247,
	6.69978 3.12441,
	6.7038 3.12039,
	6.7038 3.11636,
	6.70783 3.11234,
	6.70783 3.10428,
	6.7038 3.09623,
	6.70581 3.08013,
	6.734 3.04993,
	6.74809 3.03584,
	6.75614 3.02778,
	6.76017 3.02174,
	6.77426 3.00564,
	6.79439 2.97544,
	6.79842 2.96739,
	6.80245 2.96336,
	6.80245 2.95934,
	6.81453 2.94726,
	6.8407 2.91505,
	6.85881 2.88284,
	6.88096 2.85063,
	6.89304 2.81842,
	6.90713 2.80432,
	6.91518 2.80231,
	6.92324 2.80432,
	6.93531 2.8164,
	6.95545 2.88082,
	6.95947 2.89693,
	6.95947 2.90498,
	6.96954 2.92109,
	6.99571 2.94122,
	7.01181 2.9533,
	7.01987 2.95934,
	7.02389 2.95934,
	7.08831 2.9996,
	7.10442 3.00363,
	7.12052 3.0157,
	7.1326 3.03181,
	7.1467 3.06402,
	7.15475 3.07207,
	7.15877 3.07811,
	7.16683 3.08616,
	7.18293 3.0922,
	7.19098 3.0922,
	7.20709 3.10227,
	7.21716 3.11435,
	7.22923 3.13045,
	7.23729 3.14656,
	7.24534 3.17877,
	7.24937 3.21098,
	7.24333 3.2754,
	7.2393 3.29151,
	7.23527 3.29956,
	7.22722 3.3056,
	7.2232 3.30962,
	7.22722 3.31164,
	7.22521 3.34385,
	7.22521 3.35995,
	7.21716 3.37606,
	7.21313 3.38411,
	7.2091 3.38814,
	7.2091 3.39216,
	7.19904 3.40827,
	7.18696 3.44048,
	7.18495 3.47269,
	7.17488 3.5049,
	7.16884 3.51295,
	7.16884 3.51698,
	7.1628 3.52503,
	7.15877 3.52906,
	7.15877 3.53308,
	7.10643 3.58543,
	7.09838 3.59147,
	7.09435 3.59549,
	7.06214 3.58945,
	7.04604 3.58543,
	7.02993 3.58744,
	7.01383 3.59348,
	6.99974 3.60355,
	6.99168 3.60556,
	6.97558 3.60355,
	6.96752 3.59952,
	6.93531 3.60153,
	6.91921 3.60556,
	6.91116 3.60958,
	6.89505 3.60958,
	6.87895 3.60355,
	6.84875 3.58341,
	6.83264 3.57737,
	6.80043 3.58341,
	6.78634 3.57335,
	6.77829 3.55926,
	6.77024 3.55322,
	6.75212 3.52101,
	6.73803 3.4888,
	6.72997 3.47269,
	6.70783 3.44048,
	6.70179 3.42437,
	6.69776 3.39216,
	6.69776 3.37606,
	6.69374 3.35995,
	6.69374 3.32774,
	6.68367 3.29553,
	6.68166 3.28748,
	6.67562 3.27943,
	6.66958 3.26332,
	6.66958 3.24722,
	6.66354 3.21501,
	6.66354 3.21098,
	"/>
</Transform>

<Transform dim="6"
 xcoef=" 1.56937360757469 0.846455232617974 -0.0428213084407764 0 0 0"
 ycoef=" 0.098453598304773 -0.00489535937066404 0.953821325970165 0 0 0">
<Contour name="d05ax18" hidden="false" closed="true" simplified="true" border="0.501961 1 1" fill="0.501961 1 1" mode="-9"
 points="8.40139 3.48063,
	8.41709 3.46494,
	8.44848 3.45316,
	8.51126 3.45709,
	8.54266 3.46494,
	8.55835 3.46886,
	8.58582 3.50025,
	8.60152 3.51595,
	8.63291 3.57873,
	8.63683 3.59443,
	8.62114 3.65721,
	8.61329 3.68861,
	8.58975 3.72,
	8.57405 3.73177,
	8.54266 3.7357,
	8.51126 3.71608,
	8.49949 3.68468,
	8.49164 3.66899,
	8.47595 3.65329,
	8.46025 3.64544,
	8.44063 3.61405,
	8.42886 3.58266,
	8.42494 3.56696,
	8.40532 3.53557,
	8.40139 3.50418,
	8.40139 3.48848,
	8.40139 3.48456,
	"/>
</Transform>

<Transform dim="6"
 xcoef=" 1.56937360757469 0.846455232617974 -0.0428213084407764 0 0 0"
 ycoef=" 0.098453598304773 -0.00489535937066404 0.953821325970165 0 0 0">
<Contour name="d01SER" hidden="false" closed="true" simplified="true" border="0 1 0" fill="0 1 0" mode="-9"
 points="5.20839 -0.0173709,
	5.21707 -0.0289516,
	5.22865 -0.0318467,
	5.24892 -0.0144758,
	5.27208 -0.00289516,
	5.28366 0.00289516,
	5.28945 0.00868547,
	5.31261 0.0173709,
	5.32419 0.0231612,
	5.34156 0.0463225,
	5.35314 0.0694837,
	5.35314 0.0810644,
	5.35314 0.0868547,
	5.34735 0.092645,
	5.33577 0.092645,
	5.31551 0.0781692,
	5.29524 0.0579031,
	5.24892 0.0318467,
	5.22576 0.0144758,
	5.20839 -0.00289516,
	5.20839 -0.0144758,
	"/>
<Contour name="d01SER" hidden="false" closed="true" simplified="true" border="0 1 0" fill="0 1 0" mode="-9"
 points="5.47185 0.0810644,
	5.48053 0.0694837,
	5.49211 0.0665886,
	5.50369 0.0579031,
	5.52685 0.0607983,
	5.54133 0.0839595,
	5.54133 0.0955402,
	5.53554 0.107121,
	5.52396 0.115806,
	5.5008 0.118701,
	5.48053 0.104226,
	5.47185 0.0839595,
	"/>
</Transform>

<Transform dim="6"
 xcoef=" 1.56937360757469 0.846455232617974 -0.0428213084407764 0 0 0"
 ycoef=" 0.098453598304773 -0.00489535937066404 0.953821325970165 0 0 0">
<Contour name="d01SER" hidden="false" closed="true" simplified="true" border="0 1 0" fill="0 1 0" mode="-9"
 points="5.37631 0.0521128,
	5.39078 0.0289516,
	5.39368 0.0173709,
	5.40236 0.00868547,
	5.42552 0.00289516,
	5.4371 -0.00289516,
	5.44868 -0.00289516,
	5.45447 -0.00289516,
	5.45737 0.00289516,
	5.44579 0.0260564,
	5.44289 0.037637,
	5.44289 0.0434273,
	5.4371 0.0492177,
	5.43421 0.0607983,
	5.41684 0.0839595,
	5.40526 0.092645,
	5.39368 0.092645,
	5.3821 0.0839595,
	5.37631 0.0607983,
	5.37631 0.055008,
	"/>
</Transform>

<Transform dim="6"
 xcoef=" 1.56937360757469 0.846455232617974 -0.0428213084407764 0 0 0"
 ycoef=" 0.098453598304773 -0.00489535937066404 0.953821325970165 0 0 0">
<Contour name="d01p30" hidden="false" closed="true" simplified="false" border="0 1 1" fill="0 1 1" mode="-9"
 points="5.64429 0.190168,
	5.64429 0.168609,
	5.66585 0.168609,
	5.66585 0.14705,
	5.68741 0.14705,
	5.68741 0.168609,
	5.70897 0.168609,
	5.70897 0.190168,
	5.68741 0.190168,
	5.68741 0.211728,
	5.66585 0.211728,
	5.66585 0.190168,
	"/>
</Transform>

</Section>