<?xml version="1.0"?>
<!DOCTYPE Section SYSTEM "section.dtd">

<Section index="35" thickness="0.048" alignLocked="true">
<Transform dim="6"
 xcoef=" 0.110007277217632 0.9978609252526 -0.00559610403119931 0 0 0"
 ycoef=" 0.189671756840436 0.000870722519327043 0.965368045057907 0 0 0">
<Contour name="D04" hidden="true" closed="true" simplified="true" border="1 0 0" fill="1 0 0" mode="13"
 points="1.48509 3.96394,
	1.49282 3.91173,
	1.51566 3.86197,
	1.55253 3.81697,
	1.60172 3.77885,
	1.66092 3.74938,
	1.72737 3.72994,
	1.79795 3.72145,
	1.86937 3.72429,
	1.93829 3.73834,
	2.00148 3.76294,
	2.05599 3.79693,
	2.09928 3.83874,
	2.12931 3.88639,
	2.14469 3.93768,
	2.14469 3.99019,
	2.12931 4.04148,
	2.09928 4.08913,
	2.05599 4.13094,
	2.00148 4.16493,
	1.93829 4.18953,
	1.86937 4.20358,
	1.79795 4.20642,
	1.72737 4.19793,
	1.66092 4.17849,
	1.60172 4.14902,
	1.55253 4.1109,
	1.51566 4.0659,
	"/>
</Transform>

<Transform dim="6"
 xcoef=" 0.110007277217632 0.9978609252526 -0.00559610403119931 0 0 0"
 ycoef=" 0.189671756840436 0.000870722519327043 0.965368045057907 0 0 0">
<Contour name="D06" hidden="true" closed="true" simplified="true" border="0 0 1" fill="0 0 1" mode="9"
 points="6.0431 7.42713,
	6.04618 7.38312,
	6.05534 7.34017,
	6.07037 7.29931,
	6.09089 7.26152,
	6.11643 7.2277,
	6.14636 7.19868,
	6.17997 7.17514,
	6.21645 7.15766,
	6.25492 7.14665,
	6.29446 7.14238,
	6.33412 7.14494,
	6.37294 7.15429,
	6.41001 7.17019,
	6.44441 7.19226,
	6.47533 7.21997,
	6.50203 7.25266,
	6.52386 7.28954,
	6.5403 7.32972,
	6.55095 7.37225,
	6.55556 7.41609,
	6.55402 7.4602,
	6.54637 7.50351,
	6.53278 7.54499,
	6.51359 7.58364,
	6.48925 7.61853,
	6.46035 7.64882,
	6.42759 7.67378,
	6.39175 7.69282,
	6.35369 7.70548,
	6.31433 7.71146,
	6.27461 7.7106,
	6.23549 7.70294,
	6.1979 7.68865,
	6.16275 7.66808,
	6.13089 7.64172,
	6.10307 7.6102,
	6.07997 7.57429,
	6.06214 7.53485,
	6.05001 7.49281,
	"/>
</Transform>

<Transform dim="6"
 xcoef=" 0.110007277217632 0.9978609252526 -0.00559610403119931 0 0 0"
 ycoef=" 0.189671756840436 0.000870722519327043 0.965368045057907 0 0 0">
<Contour name="D07" hidden="true" closed="true" simplified="true" border="1 0 1" fill="1 0 1" mode="9"
 points="5.50513 6.78157,
	5.51076 6.74216,
	5.52735 6.70487,
	5.554 6.67173,
	5.58927 6.6445,
	5.63127 6.62466,
	5.67772 6.61328,
	5.72614 6.61097,
	5.77389 6.61786,
	5.81842 6.63358,
	5.85732 6.65727,
	5.88849 6.68766,
	5.91025 6.72312,
	5.92144 6.76173,
	5.92144 6.80141,
	5.91025 6.84001,
	5.88849 6.87547,
	5.85732 6.90586,
	5.81842 6.92956,
	5.77389 6.94527,
	5.72614 6.95216,
	5.67772 6.94986,
	5.63127 6.93848,
	5.58927 6.91864,
	5.554 6.89141,
	5.52735 6.85826,
	"/>
</Transform>

<Transform dim="6"
 xcoef=" 0.110007277217632 0.9978609252526 -0.00559610403119931 0 0 0"
 ycoef=" 0.189671756840436 0.000870722519327043 0.965368045057907 0 0 0">
<Contour name="d02c05a" hidden="true" closed="true" simplified="true" border="0 1 0" fill="0 1 0" mode="9"
 points="7.10728 2.21546,
	7.16925 2.21159,
	7.18087 2.24257,
	7.18087 2.25032,
	7.20411 2.2813,
	7.21186 2.31229,
	7.20799 2.32778,
	7.18475 2.35102,
	7.16925 2.35489,
	7.15376 2.35102,
	7.14602 2.35102,
	7.13827 2.34327,
	7.13052 2.31229,
	7.11503 2.2813,
	7.10728 2.21933,
	"/>
<Contour name="d02cfa05a" hidden="true" closed="false" simplified="false" border="0 1 1" fill="0 1 1" mode="9"
 points="7.14335 2.20865,
	7.14335 2.26675,
	7.17433 2.33647,
	"/>
</Transform>

<Transform dim="6"
 xcoef=" 0.110007277217632 0.9978609252526 -0.00559610403119931 0 0 0"
 ycoef=" 0.189671756840436 0.000870722519327043 0.965368045057907 0 0 0">
<Contour name="D08" hidden="true" closed="true" simplified="true" border="1 0 0" fill="1 0 0" mode="9"
 points="6.12121 2.72712,
	6.13044 2.6808,
	6.15722 2.63902,
	6.19894 2.60585,
	6.25151 2.58456,
	6.30979 2.57723,
	6.36806 2.58456,
	6.42063 2.60585,
	6.46235 2.63902,
	6.48913 2.6808,
	6.49836 2.72712,
	6.48913 2.77344,
	6.46235 2.81523,
	6.42063 2.84839,
	6.36806 2.86968,
	6.30979 2.87702,
	6.25151 2.86968,
	6.19894 2.84839,
	6.15722 2.81523,
	"/>
</Transform>

<Transform dim="6"
 xcoef=" 0.110007277217632 0.9978609252526 -0.00559610403119931 0 0 0"
 ycoef=" 0.189671756840436 0.000870722519327043 0.965368045057907 0 0 0">
<Contour name="mito JB14" hidden="true" closed="false" simplified="true" border="1 0.5 0" fill="1 0.5 0" mode="9"
 points="2.53123 6.39849,
	2.69931 6.29252,
	"/>
</Transform>

<Transform dim="6"
 xcoef=" -0.0799927227823673 0.9978609252526 -0.00559610403119931 0 0 0"
 ycoef=" -0.110328243159565 0.000870722519327043 0.965368045057907 0 0 0">
<Contour name="D13" hidden="true" closed="true" simplified="true" border="0.5 0 1" fill="0.5 0 1" mode="9"
 points="2.44438 1.53344,
	2.45248 1.45517,
	2.47636 1.38083,
	2.51483 1.31414,
	2.56596 1.25845,
	2.62718 1.21654,
	2.69543 1.19053,
	2.76728 1.18171,
	2.83913 1.19053,
	2.90737 1.21654,
	2.9686 1.25845,
	3.01972 1.31414,
	3.05819 1.38083,
	3.08207 1.45517,
	3.09017 1.53344,
	3.08207 1.6117,
	3.05819 1.68604,
	3.01972 1.75273,
	2.9686 1.80842,
	2.90737 1.85033,
	2.83913 1.87634,
	2.76728 1.88516,
	2.69543 1.87634,
	2.62718 1.85033,
	2.56596 1.80842,
	2.51483 1.75273,
	2.47636 1.68604,
	"/>
<Contour name="D12" hidden="true" closed="true" simplified="true" border="1 0.5 0" fill="1 0.5 0" mode="9"
 points="4.35362 5.56034,
	4.36389 5.47587,
	4.39389 5.39824,
	4.44118 5.33375,
	4.50193 5.28761,
	4.57121 5.26357,
	4.64342 5.26357,
	4.71271 5.28761,
	4.77346 5.33375,
	4.82074 5.39824,
	4.85074 5.47587,
	4.86102 5.56034,
	4.85074 5.64482,
	4.82074 5.72244,
	4.77346 5.78694,
	4.71271 5.83308,
	4.64342 5.85712,
	4.57121 5.85712,
	4.50193 5.83308,
	4.44118 5.78694,
	4.39389 5.72244,
	4.36389 5.64482,
	"/>
</Transform>

<Transform dim="6"
 xcoef=" 0.110007277217632 0.9978609252526 -0.00559610403119931 0 0 0"
 ycoef=" 0.189671756840436 0.000870722519327043 0.965368045057907 0 0 0">
<Contour name="d13p10" hidden="true" closed="true" simplified="false" border="0 1 1" fill="0 1 1" mode="9"
 points="2.55491 2.65261,
	2.56914 2.63839,
	2.51223 2.58148,
	2.52646 2.56726,
	2.58337 2.62416,
	2.59759 2.60994,
	2.59759 2.65261,
	"/>
</Transform>

<Transform dim="6"
 xcoef=" 0.110007277217632 0.9978609252526 -0.00559610403119931 0 0 0"
 ycoef=" 0.189671756840436 0.000870722519327043 0.965368045057907 0 0 0">
<Contour name="d13" hidden="true" closed="true" simplified="true" border="1 1 0" fill="1 1 0" mode="11"
 points="1.99467 2.80742,
	1.99738 2.78578,
	2.00279 2.78308,
	2.0082 2.78308,
	2.01631 2.77496,
	2.05958 2.76279,
	2.08122 2.75738,
	2.08663 2.75603,
	2.17318 2.78443,
	2.19482 2.79254,
	2.20969 2.81418,
	2.21375 2.81959,
	2.23403 2.82635,
	2.25567 2.83041,
	2.34222 2.83176,
	2.35304 2.83311,
	2.35845 2.83311,
	2.3598 2.85475,
	2.35574 2.89802,
	2.35439 2.90343,
	2.33952 2.92507,
	2.33005 2.93454,
	2.30841 2.94536,
	2.303 2.94806,
	2.25973 2.93454,
	2.24891 2.93048,
	2.22727 2.92777,
	2.21645 2.92507,
	2.19482 2.92507,
	2.17859 2.90343,
	2.1583 2.8818,
	2.15289 2.87639,
	2.15019 2.87368,
	2.10692 2.87368,
	2.08528 2.86422,
	2.042 2.84123,
	2.02037 2.83041,
	1.99873 2.81688,
	1.99467 2.81283,
	1.99467 2.80877,
	"/>
</Transform>

<Transform dim="6"
 xcoef=" 0.110007277217632 0.9978609252526 -0.00559610403119931 0 0 0"
 ycoef=" 0.189671756840436 0.000870722519327043 0.965368045057907 0 0 0">
<Contour name="d13" hidden="true" closed="true" simplified="true" border="1 1 0" fill="1 1 0" mode="11"
 points="4.02594 2.24315,
	4.0494 2.14932,
	4.06113 2.1024,
	4.06699 2.07895,
	4.07139 2.07455,
	4.11831 2.05695,
	4.12417 2.05549,
	4.17109 2.06868,
	4.218 2.07308,
	4.22973 2.07601,
	4.27665 2.10973,
	4.28838 2.11853,
	4.29424 2.12293,
	4.3133 2.16985,
	4.32503 2.1933,
	4.32943 2.20503,
	4.33089 2.22849,
	4.32943 2.24022,
	4.31917 2.26368,
	4.31183 2.27541,
	4.28838 2.29007,
	4.27665 2.2974,
	4.25319 2.30473,
	4.20627 2.31206,
	4.15936 2.32232,
	4.11244 2.32672,
	4.10071 2.32819,
	4.09485 2.32965,
	4.07139 2.31352,
	4.0406 2.26661,
	4.03181 2.25488,
	4.02741 2.24902,
	4.02594 2.24462,
	"/>
</Transform>

<Transform dim="6"
 xcoef=" 0.110007277217632 0.9978609252526 -0.00559610403119931 0 0 0"
 ycoef=" 0.189671756840436 0.000870722519327043 0.965368045057907 0 0 0">
<Contour name="d13" hidden="true" closed="true" simplified="true" border="1 1 0" fill="1 1 0" mode="11"
 points="4.02154 2.95275,
	4.045 2.93516,
	4.05673 2.92636,
	4.05966 2.92343,
	4.10658 2.92196,
	4.13004 2.92049,
	4.1359 2.92049,
	4.22973 2.98794,
	4.2356 2.99087,
	4.26052 3.03632,
	4.24586 3.05978,
	4.2224 3.06857,
	4.19894 3.07004,
	4.18722 3.07004,
	4.18135 3.07004,
	4.13444 3.03632,
	4.08752 3.01139,
	4.06406 2.99966,
	4.04207 2.97621,
	4.02301 2.95422,
	"/>
</Transform>

<Transform dim="6"
 xcoef=" 0.110007277217632 0.9978609252526 -0.00559610403119931 0 0 0"
 ycoef=" 0.189671756840436 0.000870722519327043 0.965368045057907 0 0 0">
<Contour name="d13p13" hidden="true" closed="true" simplified="false" border="1 0 0.5" fill="1 0 0.5" mode="-13"
 points="3.14084 0.806982,
	3.18546 0.806982,
	3.16315 0.847878,
	"/>
</Transform>

<Transform dim="6"
 xcoef=" 0.110007277217632 0.9978609252526 -0.00559610403119931 0 0 0"
 ycoef=" 0.189671756840436 0.000870722519327043 0.965368045057907 0 0 0">
<Contour name="d13" hidden="true" closed="true" simplified="true" border="1 1 0" fill="1 1 0" mode="11"
 points="3.91774 3.32119,
	3.94719 3.27632,
	3.9514 3.27211,
	3.97384 3.2665,
	3.99628 3.2651,
	4.00189 3.2651,
	4.00749 3.26229,
	4.0103 3.26089,
	4.03274 3.27491,
	4.03835 3.27912,
	4.05658 3.324,
	4.06359 3.34643,
	4.06499 3.34924,
	4.06359 3.37308,
	4.06359 3.39411,
	4.06078 3.40954,
	4.05938 3.43198,
	4.04676 3.45442,
	4.02573 3.47545,
	4.01451 3.48246,
	4.0117 3.48387,
	3.98926 3.47405,
	3.97805 3.46704,
	3.97244 3.46283,
	3.95 3.45722,
	3.93878 3.4474,
	3.93738 3.43619,
	3.93738 3.43058,
	3.93597 3.43198,
	3.92055 3.3871,
	3.91774 3.34223,
	3.91774 3.33101,
	3.91774 3.3254,
	3.91774 3.32259,
	"/>
</Transform>

<Transform dim="6"
 xcoef=" 0.110007277217632 0.9978609252526 -0.00559610403119931 0 0 0"
 ycoef=" 0.189671756840436 0.000870722519327043 0.965368045057907 0 0 0">
<Contour name="d13" hidden="true" closed="true" simplified="true" border="1 1 0" fill="1 1 0" mode="11"
 points="2.29754 1.24158,
	2.30229 1.22257,
	2.33319 1.18455,
	2.3522 1.16553,
	2.36646 1.14652,
	2.37835 1.10849,
	2.44251 1.03244,
	2.47579 0.994418,
	2.49242 0.975405,
	2.50193 0.965899,
	2.53995 0.946886,
	2.56134 0.90886,
	2.5661 0.899354,
	2.58511 0.894601,
	2.62314 0.899354,
	2.64215 0.90173,
	2.65166 0.904107,
	2.72771 0.889847,
	2.74672 0.882718,
	2.75623 0.877964,
	2.79425 0.875588,
	2.8703 0.882718,
	2.94635 0.847068,
	2.98438 0.830432,
	3.00339 0.820926,
	3.0129 0.816173,
	3.05092 0.830432,
	3.06994 0.837562,
	3.07944 0.839939,
	3.08657 0.837562,
	3.10321 0.816173,
	3.11509 0.79716,
	3.11747 0.759134,
	3.11747 0.740121,
	3.11509 0.730615,
	3.11272 0.728238,
	3.10559 0.711602,
	3.11509 0.692589,
	3.1246 0.685459,
	3.13411 0.687836,
	3.1555 0.725862,
	3.16262 0.744874,
	3.165 0.754381,
	3.21491 0.830432,
	3.23868 0.868458,
	3.24581 0.887471,
	3.39791 1.03482,
	3.41692 1.05146,
	3.49297 1.10612,
	3.51199 1.12038,
	3.52625 1.13939,
	3.54526 1.15603,
	3.62131 1.19405,
	3.65934 1.21782,
	3.69736 1.24871,
	3.71637 1.26535,
	3.7235 1.27486,
	3.72588 1.29387,
	3.7235 1.3319,
	3.72113 1.35091,
	3.72588 1.42696,
	3.73776 1.46499,
	3.7544 1.50301,
	3.76628 1.57906,
	3.77579 1.61709,
	3.7948 1.60521,
	3.80431 1.60045,
	3.80668 1.5957,
	3.81619 1.59808,
	3.82332 1.60758,
	3.83758 1.68363,
	3.84233 1.75968,
	3.84233 1.7787,
	3.85422 1.79771,
	3.86135 1.80722,
	3.86372 1.82623,
	3.85659 1.86425,
	3.85422 1.88327,
	3.84709 1.89277,
	3.85897 1.91179,
	3.86372 1.9308,
	3.86848 1.94031,
	3.86848 1.97833,
	3.86848 1.99734,
	3.86135 2.01636,
	3.85659 2.02586,
	3.84946 2.10192,
	3.84471 2.13994,
	3.78054 2.29204,
	3.76153 2.33007,
	3.7544 2.34908,
	3.74252 2.36809,
	3.70449 2.37998,
	3.66646 2.38473,
	3.62844 2.39661,
	3.47634 2.46554,
	3.43831 2.48455,
	3.4193 2.49405,
	3.34325 2.55822,
	3.30522 2.58912,
	3.22917 2.6414,
	3.19114 2.66755,
	3.18164 2.66992,
	3.14361 2.66279,
	3.06756 2.62714,
	2.99151 2.61051,
	2.91546 2.601,
	2.89645 2.59863,
	2.74434 2.62477,
	2.72533 2.62714,
	2.6873 2.61764,
	2.66829 2.61526,
	2.65878 2.61289,
	2.62076 2.62001,
	2.60175 2.62477,
	2.58273 2.63665,
	2.5756 2.64616,
	2.5661 2.68418,
	2.54708 2.7032,
	2.5257 2.74122,
	2.52094 2.76023,
	2.51619 2.76974,
	2.50668 2.77925,
	2.48767 2.78875,
	2.46866 2.78638,
	2.39261 2.75786,
	2.3831 2.7531,
	2.37835 2.75073,
	2.35933 2.75548,
	2.35696 2.75548,
	2.39023 2.71983,
	2.46628 2.68894,
	2.53995 2.61289,
	2.55184 2.59387,
	2.55659 2.58437,
	2.55897 2.57961,
	2.5257 2.50356,
	2.50668 2.46554,
	2.49005 2.38948,
	2.46866 2.31343,
	2.44727 2.27541,
	2.43063 2.23738,
	2.42588 2.19936,
	2.42588 2.16133,
	2.40924 2.08528,
	2.39974 2.04725,
	2.39498 2.02824,
	2.41162 1.95219,
	2.41162 1.87614,
	2.40686 1.80009,
	2.39736 1.72404,
	2.36171 1.64798,
	2.35458 1.62897,
	2.3522 1.61946,
	2.34983 1.61471,
	2.36646 1.5957,
	2.37597 1.58619,
	2.37835 1.54817,
	2.37835 1.53866,
	2.3427 1.46261,
	2.32606 1.42458,
	2.32368 1.40557,
	2.32131 1.39606,
	2.32606 1.35804,
	2.32844 1.33903,
	2.33081 1.32952,
	2.29754 1.25347,
	2.29754 1.24396,
	"/>
</Transform>

<Transform dim="6"
 xcoef=" 0.110007277217632 0.9978609252526 -0.00559610403119931 0 0 0"
 ycoef=" 0.189671756840436 0.000870722519327043 0.965368045057907 0 0 0">
<Contour name="d13" hidden="true" closed="true" simplified="true" border="1 1 0" fill="1 1 0" mode="11"
 points="0.635634 0.556686,
	0.66195 0.524297,
	0.670047 0.518224,
	0.734825 0.5162,
	0.75102 0.514175,
	0.759117 0.514175,
	1.01823 0.344133,
	1.05062 0.321866,
	1.1154 0.269234,
	1.12349 0.263161,
	1.15588 0.269234,
	1.18827 0.283404,
	1.19637 0.287452,
	1.21256 0.289477,
	1.22066 0.289477,
	1.22471 0.291501,
	1.23078 0.32389,
	1.23281 0.340084,
	1.23483 0.348182,
	1.2652 0.378546,
	1.27329 0.386644,
	1.30568 0.380571,
	1.32188 0.378546,
	1.35427 0.394741,
	1.38058 0.42713,
	1.39273 0.443324,
	1.42309 0.467616,
	1.43929 0.479762,
	1.44738 0.487859,
	1.48382 0.552637,
	1.50406 0.585026,
	1.51419 0.601221,
	1.54657 0.631585,
	1.59111 0.761141,
	1.57896 0.825919,
	1.57289 0.842114,
	1.55265 0.874503,
	1.54657 0.890697,
	1.5405 0.923086,
	1.47572 0.959524,
	1.45953 0.965597,
	1.32997 0.979767,
	1.29758 0.98584,
	1.2652 0.997986,
	1.249 1.00406,
	1.18422 0.991913,
	1.11944 0.97167,
	1.08706 0.961548,
	1.05467 0.959524,
	1.03847 0.959524,
	1.01013 0.929159,
	0.995962 0.914989,
	0.866406 0.852236,
	0.834017 0.844138,
	0.825919 0.842114,
	0.821871 0.842114,
	0.789482 0.815798,
	0.724704 0.773287,
	0.696363 0.708509,
	0.682193 0.67612,
	0.659926 0.643731,
	0.653853 0.635634,
	0.639683 0.570856,
	0.637658 0.562759,
	0.635634 0.55871,
	"/>
</Transform>

<Transform dim="6"
 xcoef=" 0.110007277217632 0.9978609252526 -0.00559610403119931 0 0 0"
 ycoef=" 0.189671756840436 0.000870722519327043 0.965368045057907 0 0 0">
<Contour name="d04p05" hidden="true" closed="true" simplified="false" border="1 1 0" fill="1 1 0" mode="-13"
 points="2.18232 4.64947,
	2.18232 4.59503,
	2.12788 4.59503,
	2.12788 4.64266,
	2.12107 4.64947,
	2.12107 4.58822,
	2.18912 4.58822,
	2.18912 4.65627,
	2.12107 4.65627,
	2.12788 4.64947,
	"/>
</Transform>

<Transform dim="6"
 xcoef=" 0.110007277217632 0.9978609252526 -0.00559610403119931 0 0 0"
 ycoef=" 0.189671756840436 0.000870722519327043 0.965368045057907 0 0 0">
<Contour name="d04p19" hidden="true" closed="true" simplified="false" border="0 1 0" fill="0 1 0" mode="9"
 points="2.31265 3.57373,
	2.31265 3.56029,
	2.3261 3.56029,
	2.3261 3.54685,
	2.33954 3.54685,
	2.33954 3.56029,
	2.35298 3.56029,
	2.35298 3.57373,
	2.33954 3.57373,
	2.33954 3.58717,
	2.3261 3.58717,
	2.3261 3.57373,
	"/>
</Transform>

<Transform dim="6"
 xcoef=" 0.110007277217632 0.9978609252526 -0.00559610403119931 0 0 0"
 ycoef=" 0.189671756840436 0.000870722519327043 0.965368045057907 0 0 0">
<Contour name="d04" hidden="true" closed="true" simplified="true" border="1 0 0" fill="1 0 0" mode="11"
 points="2.42701 3.01168,
	2.43906 2.96501,
	2.44207 2.96952,
	2.44508 2.9635,
	2.44508 2.95146,
	2.44508 2.94845,
	2.52487 2.85209,
	2.54444 2.82801,
	2.55498 2.81596,
	2.60315 2.80091,
	2.62724 2.79338,
	2.63929 2.79037,
	2.6438 2.78886,
	2.65585 2.79037,
	2.66337 2.80091,
	2.69499 2.89726,
	2.70854 2.94543,
	2.71908 2.99361,
	2.72058 2.99963,
	2.71155 3.04781,
	2.70703 3.05985,
	2.67241 3.10803,
	2.65585 3.13211,
	2.6423 3.1562,
	2.63929 3.16222,
	2.59563 3.2104,
	2.55498 3.25857,
	2.54444 3.27062,
	2.54143 3.27363,
	2.52788 3.24954,
	2.52035 3.22545,
	2.5053 3.1291,
	2.50229 3.11706,
	2.50078 3.11104,
	2.46465 3.06286,
	2.45411 3.05082,
	2.44959 3.0448,
	2.44809 3.03877,
	2.43604 3.02673,
	2.43002 3.02071,
	2.42701 3.01469,
	2.42701 3.01318,
	"/>
<Contour name="d04" hidden="true" closed="true" simplified="true" border="1 0 0" fill="1 0 0" mode="11"
 points="2.65434 2.78435,
	"/>
</Transform>

<Transform dim="6"
 xcoef=" 0.110007277217632 0.9978609252526 -0.00559610403119931 0 0 0"
 ycoef=" 0.189671756840436 0.000870722519327043 0.965368045057907 0 0 0">
<Contour name="d04" hidden="true" closed="true" simplified="true" border="1 0 0" fill="1 0 0" mode="11"
 points="2.55762 3.3176,
	2.5718 3.28518,
	2.58193 3.26896,
	2.64679 3.22033,
	2.67921 3.20006,
	2.68732 3.19398,
	2.69137 3.19195,
	2.7238 3.20614,
	2.72785 3.20817,
	2.70759 3.27302,
	2.69948 3.30544,
	2.68732 3.33787,
	2.68124 3.35408,
	2.67921 3.36219,
	2.64881 3.38854,
	2.6326 3.4007,
	2.60017 3.40272,
	2.59409 3.39664,
	2.59409 3.39259,
	2.57788 3.38651,
	2.55762 3.32166,
	2.55762 3.31963,
	"/>
</Transform>

<Transform dim="6"
 xcoef=" 0.110007277217632 0.9978609252526 -0.00559610403119931 0 0 0"
 ycoef=" 0.189671756840436 0.000870722519327043 0.965368045057907 0 0 0">
<Contour name="d04" hidden="true" closed="true" simplified="true" border="1 0 0" fill="1 0 0" mode="11"
 points="1.501 4.02182,
	1.51458 3.9494,
	1.5191 3.91319,
	1.53268 3.87699,
	1.6232 3.73215,
	1.68656 3.65974,
	1.71598 3.62353,
	1.73182 3.60543,
	1.74088 3.59637,
	1.77708 3.58053,
	1.79293 3.57374,
	1.8314 3.56696,
	1.8495 3.56243,
	1.85855 3.56243,
	1.89476 3.54206,
	1.91286 3.53075,
	1.91513 3.52848,
	1.9966 3.48775,
	2.0328 3.46738,
	2.06449 3.43344,
	2.10069 3.42439,
	2.10975 3.42212,
	2.11427 3.41986,
	2.18669 3.45154,
	2.2591 3.48775,
	2.27721 3.4968,
	2.28626 3.50359,
	2.32247 3.50585,
	2.33152 3.50359,
	2.34962 3.49001,
	2.36773 3.48549,
	2.37678 3.48549,
	2.38357 3.50359,
	2.3881 3.5398,
	2.3881 3.57601,
	2.38131 3.61222,
	2.36999 3.64842,
	2.36547 3.66653,
	2.3632 3.67558,
	2.36094 3.68011,
	2.39715 3.75252,
	2.4243 3.82494,
	2.44693 3.89735,
	2.4492 3.90641,
	2.49672 3.97882,
	2.51709 4.01503,
	2.51935 4.05124,
	2.51709 4.06934,
	2.50803 4.08745,
	2.49898 4.0965,
	2.4673 4.24133,
	2.44014 4.31375,
	2.43336 4.33185,
	2.4243 4.40427,
	2.42204 4.44047,
	2.40846 4.51289,
	2.38583 4.58531,
	2.37904 4.60341,
	2.37452 4.63962,
	2.39715 4.67583,
	2.4062 4.69393,
	2.40394 4.76635,
	2.40394 4.80255,
	2.40394 4.82066,
	2.37225 4.89307,
	2.3632 4.92928,
	2.33605 4.96549,
	2.32247 4.98359,
	2.28626 5.0017,
	2.21384 5.03112,
	2.19574 5.03791,
	2.15953 5.04017,
	2.08712 5.03112,
	2.06901 5.02885,
	2.05996 5.02659,
	2.02375 5.04243,
	1.98754 5.06506,
	1.96944 5.07638,
	1.96039 5.08317,
	1.94228 5.08543,
	1.90608 5.06733,
	1.90381 5.0628,
	1.91739 5.02659,
	1.91965 5.01754,
	1.98981 4.98586,
	1.99886 4.98359,
	2.05996 4.91344,
	2.07354 4.89534,
	2.07806 4.88629,
	2.08033 4.85008,
	2.0758 4.77766,
	2.07128 4.74145,
	2.07128 4.7324,
	2.02149 4.65998,
	2.01017 4.62378,
	2.00565 4.61699,
	1.96944 4.60567,
	1.89702 4.59436,
	1.87892 4.59436,
	1.86987 4.59209,
	1.80877 4.51968,
	1.77482 4.48347,
	1.75672 4.46537,
	1.74314 4.44726,
	1.70014 4.37485,
	1.68883 4.35674,
	1.6843 4.34769,
	1.53947 4.20512,
	1.52137 4.16891,
	1.51458 4.15081,
	1.52137 4.1146,
	1.52363 4.10555,
	1.50326 4.03313,
	1.501 4.02408,
	"/>
</Transform>

<Transform dim="6"
 xcoef=" 0.110007277217632 0.9978609252526 -0.00559610403119931 0 0 0"
 ycoef=" 0.189671756840436 0.000870722519327043 0.965368045057907 0 0 0">
<Contour name="d13c12b" hidden="true" closed="true" simplified="true" border="1 0.5 0" fill="1 0.5 0" mode="11"
 points="4.16387 2.06484,
	4.1769 2.05507,
	4.20296 2.05018,
	4.21598 2.04855,
	4.2225 2.04693,
	4.27461 2.05507,
	4.32672 2.09252,
	4.34137 2.11858,
	4.34626 2.12509,
	4.34789 2.1316,
	4.34463 2.14463,
	4.34463 2.15115,
	4.33649 2.16417,
	4.32997 2.17069,
	4.31695 2.17557,
	4.30392 2.17557,
	4.28601 2.14952,
	4.27624 2.13812,
	4.22413 2.10555,
	4.2111 2.09741,
	4.18504 2.08927,
	4.17853 2.08764,
	4.17039 2.07461,
	4.1655 2.0681,
	4.1655 2.06647,
	"/>
</Transform>

<Transform dim="6"
 xcoef=" 0.110007277217632 0.9978609252526 -0.00559610403119931 0 0 0"
 ycoef=" 0.189671756840436 0.000870722519327043 0.965368045057907 0 0 0">
<Contour name="d13cfa12b" hidden="true" closed="false" simplified="false" border="1 0.5 0" fill="1 0.5 0" mode="13"
 points="4.32419 2.16803,
	4.31605 2.15175,
	4.2444 2.08824,
	4.1646 2.07033,
	"/>
</Transform>

<Transform dim="6"
 xcoef=" 0.110007277217632 0.9978609252526 -0.00559610403119931 0 0 0"
 ycoef=" 0.189671756840436 0.000870722519327043 0.965368045057907 0 0 0">
<Contour name="d13dia12b" hidden="true" closed="false" simplified="true" border="0 1 1" fill="0 1 1" mode="11"
 points="4.31768 2.26085,
	4.06201 2.10615,
	"/>
</Transform>

<Transform dim="6"
 xcoef=" 0.110007277217632 0.9978609252526 -0.00559610403119931 0 0 0"
 ycoef=" 0.189671756840436 0.000870722519327043 0.965368045057907 0 0 0">
<Contour name="d13" hidden="true" closed="true" simplified="true" border="1 1 0" fill="1 1 0" mode="11"
 points="3.33245 3.14548,
	3.35396 3.119,
	3.40691 3.11569,
	3.45986 3.11569,
	3.48633 3.11569,
	3.49957 3.11569,
	3.50288 3.11569,
	3.51115 3.14217,
	3.51612 3.16864,
	3.51115 3.22159,
	3.5095 3.24806,
	3.52108 3.30101,
	3.5277 3.32749,
	3.52935 3.33411,
	3.54094 3.34238,
	3.59388 3.36554,
	3.60712 3.37051,
	3.63194 3.39533,
	3.64352 3.40856,
	3.67 3.42842,
	3.68323 3.44,
	3.69647 3.44828,
	3.80237 3.44662,
	3.81561 3.44497,
	3.82884 3.44662,
	3.84208 3.4582,
	3.8487 3.46317,
	3.90165 3.46979,
	4.00754 3.50784,
	4.02078 3.51446,
	4.03071 3.52604,
	4.06049 3.57899,
	4.08531 3.63194,
	4.09193 3.64518,
	4.10848 3.75108,
	4.11179 3.77755,
	4.1151 3.79079,
	4.12006 3.89668,
	4.11841 3.90992,
	4.11179 3.92316,
	4.10682 3.92812,
	4.09359 3.92812,
	4.08035 3.92316,
	4.07373 3.91985,
	4.04229 3.8669,
	4.01747 3.81395,
	3.99927 3.761,
	3.99431 3.74777,
	3.99265 3.74115,
	3.88841 3.68654,
	3.86194 3.67496,
	3.75604 3.66669,
	3.70309 3.66669,
	3.67662 3.66669,
	3.57072 3.64849,
	3.53597 3.54259,
	3.51777 3.51612,
	3.50784 3.50288,
	3.39367 3.29108,
	3.36389 3.23814,
	3.34734 3.21166,
	3.34072 3.19842,
	3.33245 3.14713,
	"/>
</Transform>

<Transform dim="6"
 xcoef=" 0.110007277217632 0.9978609252526 -0.00559610403119931 0 0 0"
 ycoef=" 0.189671756840436 0.000870722519327043 0.965368045057907 0 0 0">
<Contour name="d13c14a" hidden="true" closed="true" simplified="true" border="1 0 0" fill="1 0 0" mode="11"
 points="3.69978 3.66007,
	3.71302 3.65511,
	3.76597 3.66669,
	3.79244 3.67165,
	3.80568 3.67496,
	3.85863 3.67496,
	3.8851 3.67496,
	3.89834 3.67496,
	3.95129 3.70309,
	3.97776 3.72129,
	3.991 3.73122,
	3.99596 3.73618,
	4.00424 3.76266,
	3.99762 3.77589,
	3.98438 3.7792,
	3.87848 3.72129,
	3.82553 3.69978,
	3.77259 3.70309,
	3.74611 3.70309,
	3.73287 3.70309,
	3.72626 3.70309,
	3.72295 3.70309,
	3.70805 3.67662,
	3.70144 3.66338,
	3.70144 3.66172,
	"/>
</Transform>

<Transform dim="6"
 xcoef=" 0.110007277217632 0.9978609252526 -0.00559610403119931 0 0 0"
 ycoef=" 0.189671756840436 0.000870722519327043 0.965368045057907 0 0 0">
<Contour name="d13cfa14a" hidden="true" closed="false" simplified="false" border="1 0 0" fill="1 0 0" mode="-13"
 points="3.71254 3.6732,
	3.8383 3.68313,
	3.94254 3.72118,
	3.99383 3.78075,
	"/>
</Transform>

<Transform dim="6"
 xcoef=" 0.110007277217632 0.9978609252526 -0.00559610403119931 0 0 0"
 ycoef=" 0.189671756840436 0.000870722519327043 0.965368045057907 0 0 0">
<Contour name="d01" hidden="false" closed="true" simplified="true" border="1 1 0" fill="1 0.5 0" mode="9"
 points="4.06825 3.22181,
	4.07123 3.20989,
	4.07272 3.20393,
	4.08464 3.19499,
	4.0906 3.19201,
	4.09358 3.18903,
	4.1055 3.19052,
	4.10699 3.19201,
	4.11742 3.18456,
	4.14127 3.17711,
	4.15319 3.17413,
	4.15915 3.17413,
	4.16213 3.17413,
	4.17703 3.19499,
	4.18001 3.21883,
	4.18299 3.23076,
	4.18299 3.23672,
	4.18597 3.24268,
	4.18597 3.26652,
	4.17256 3.31421,
	4.17852 3.33805,
	4.18001 3.34997,
	4.17554 3.36189,
	4.17703 3.36785,
	4.18597 3.37829,
	4.1979 3.38872,
	4.20535 3.39915,
	4.21578 3.40958,
	4.22174 3.41107,
	4.2277 3.41554,
	4.23962 3.41703,
	4.26197 3.43193,
	4.2739 3.43938,
	4.27986 3.44385,
	4.3037 3.44832,
	4.35139 3.45131,
	4.37523 3.4528,
	4.38715 3.45429,
	4.39311 3.45876,
	4.39609 3.45876,
	4.41696 3.48111,
	4.41994 3.48707,
	4.44378 3.50048,
	4.46762 3.51687,
	4.47954 3.52582,
	4.49594 3.54817,
	4.50935 3.57052,
	4.51382 3.58244,
	4.52276 3.59436,
	4.52872 3.59883,
	4.54064 3.60331,
	4.5466 3.60629,
	4.54958 3.60629,
	4.55256 3.60927,
	4.57641 3.61374,
	4.58833 3.61225,
	4.61217 3.59585,
	4.62409 3.59138,
	4.63601 3.59287,
	4.64049 3.59883,
	4.64347 3.60182,
	4.64496 3.60778,
	4.64943 3.61374,
	4.65986 3.63758,
	4.66433 3.6495,
	4.66731 3.65248,
	4.67476 3.67633,
	4.67774 3.70017,
	4.68519 3.72401,
	4.70903 3.73742,
	4.72096 3.7404,
	4.72692 3.74338,
	4.7299 3.74338,
	4.73288 3.74636,
	4.7448 3.74935,
	4.75523 3.75829,
	4.76119 3.76276,
	4.76566 3.77468,
	4.76417 3.7866,
	4.76417 3.79256,
	4.75672 3.80448,
	4.75225 3.8164,
	4.75225 3.84025,
	4.74927 3.85217,
	4.73884 3.8626,
	4.71798 3.8775,
	4.70605 3.88495,
	4.70009 3.88644,
	4.67625 3.89986,
	4.6539 3.91774,
	4.64198 3.9237,
	4.63601 3.92817,
	4.62409 3.93264,
	4.61366 3.94009,
	4.6077 3.94307,
	4.59876 3.95499,
	4.58833 3.97884,
	4.58386 3.9848,
	4.58386 3.98778,
	4.57343 3.9997,
	4.56747 4.00566,
	4.54511 4.01907,
	4.53319 4.02354,
	4.50935 4.02354,
	4.49743 4.02056,
	4.4855 4.02056,
	4.46166 4.03099,
	4.44974 4.03695,
	4.44676 4.03695,
	4.43484 4.0444,
	4.41099 4.05484,
	4.38715 4.05931,
	4.33946 4.0608,
	4.31562 4.06527,
	4.29178 4.07272,
	4.26794 4.07421,
	4.26197 4.07272,
	4.25005 4.06229,
	4.2426 4.05186,
	4.24409 4.04888,
	4.23962 4.02503,
	4.23515 4.01311,
	4.2277 4.00119,
	4.22621 3.99523,
	4.21876 3.98331,
	4.2128 3.97735,
	4.20684 3.96542,
	4.20237 3.95946,
	4.20237 3.95648,
	4.17852 3.93711,
	4.16809 3.92966,
	4.15617 3.92668,
	4.14872 3.91476,
	4.14425 3.89091,
	4.14276 3.87899,
	4.13978 3.87303,
	4.13978 3.87005,
	4.13531 3.86409,
	4.12637 3.84025,
	4.12637 3.8164,
	4.12935 3.79256,
	4.12637 3.74487,
	4.12041 3.69719,
	4.12041 3.68527,
	4.12041 3.67931,
	4.11742 3.67334,
	4.11295 3.6495,
	4.11295 3.62566,
	4.10699 3.60182,
	4.09954 3.55413,
	4.09805 3.53029,
	4.09358 3.50644,
	4.08762 3.49452,
	4.08464 3.48856,
	4.08464 3.47664,
	4.08911 3.46472,
	4.0906 3.45876,
	4.09358 3.45578,
	4.09507 3.44981,
	4.09954 3.44385,
	4.10401 3.42001,
	4.1055 3.41405,
	4.10103 3.40213,
	4.09805 3.39617,
	4.09805 3.39319,
	4.09507 3.39021,
	4.08762 3.36636,
	4.08464 3.34252,
	4.08464 3.31868,
	4.08762 3.30676,
	4.08315 3.28291,
	4.07868 3.27099,
	4.0757 3.24715,
	4.07272 3.24417,
	4.06974 3.23225,
	4.06825 3.22628,
	4.06825 3.2233,
	"/>
</Transform>

<Transform dim="6"
 xcoef=" 0.110007277217632 0.9978609252526 -0.00559610403119931 0 0 0"
 ycoef=" 0.189671756840436 0.000870722519327043 0.965368045057907 0 0 0">
<Contour name="d01" hidden="false" closed="true" simplified="true" border="1 1 0" fill="1 0.5 0" mode="9"
 points="4.1666 2.70173,
	4.17256 2.70024,
	4.17256 2.69428,
	4.17554 2.68832,
	4.17554 2.68534,
	4.18299 2.67342,
	4.18746 2.6615,
	4.18895 2.63766,
	4.19044 2.63467,
	4.18895 2.62275,
	4.18895 2.61679,
	4.19343 2.61232,
	4.19492 2.58848,
	4.1979 2.58252,
	4.19641 2.5706,
	4.18746 2.54675,
	4.18597 2.53483,
	4.18895 2.52291,
	4.1979 2.51099,
	4.19939 2.48715,
	4.19939 2.48416,
	4.20386 2.47969,
	4.20386 2.46777,
	4.20684 2.45585,
	4.22025 2.4335,
	4.23068 2.42307,
	4.23664 2.41711,
	4.23813 2.36942,
	4.23962 2.34558,
	4.24409 2.33365,
	4.25303 2.32173,
	4.2575 2.31577,
	4.30221 2.28895,
	4.31413 2.28001,
	4.33499 2.2666,
	4.34543 2.26063,
	4.36331 2.23828,
	4.36927 2.23232,
	4.37225 2.22934,
	4.39609 2.22487,
	4.40801 2.22487,
	4.41397 2.22487,
	4.4259 2.23083,
	4.43186 2.23232,
	4.43782 2.23679,
	4.44378 2.23828,
	4.4557 2.24573,
	4.46762 2.2502,
	4.47358 2.25169,
	4.47954 2.25616,
	4.48252 2.25616,
	4.50637 2.27256,
	4.51084 2.27852,
	4.51233 2.28448,
	4.52276 2.29491,
	4.53319 2.30087,
	4.53915 2.30683,
	4.54213 2.30981,
	4.54213 2.31279,
	4.54958 2.32471,
	4.55256 2.32769,
	4.55405 2.33365,
	4.56001 2.33962,
	4.58386 2.35154,
	4.58684 2.35452,
	4.61068 2.35601,
	4.6226 2.35899,
	4.62856 2.36197,
	4.63154 2.36197,
	4.64198 2.37389,
	4.65092 2.38283,
	4.67178 2.40667,
	4.67774 2.4186,
	4.68072 2.43052,
	4.67327 2.4782,
	4.67178 2.48416,
	4.65539 2.50801,
	4.64645 2.51993,
	4.6375 2.52887,
	4.62558 2.53781,
	4.61515 2.54377,
	4.61217 2.54675,
	4.60919 2.54675,
	4.56299 2.57954,
	4.53915 2.59295,
	4.51829 2.60934,
	4.51233 2.6153,
	4.50488 2.62722,
	4.49892 2.63318,
	4.48401 2.65703,
	4.48103 2.66299,
	4.46911 2.67342,
	4.46166 2.68385,
	4.44974 2.69428,
	4.43037 2.71664,
	4.41845 2.72409,
	4.41397 2.72707,
	4.40503 2.7375,
	4.39907 2.76134,
	4.39758 2.7673,
	4.38715 2.77773,
	4.37672 2.7837,
	4.37076 2.78668,
	4.35884 2.78668,
	4.34692 2.7822,
	4.33499 2.77475,
	4.32456 2.76283,
	4.32456 2.75985,
	4.31413 2.74942,
	4.29178 2.73601,
	4.28582 2.73303,
	4.28284 2.73005,
	4.25899 2.72111,
	4.24707 2.71813,
	4.23515 2.71962,
	4.22323 2.72409,
	4.19939 2.72707,
	4.18746 2.72558,
	4.17554 2.72111,
	4.17256 2.72111,
	4.1666 2.70919,
	4.1666 2.70322,
	"/>
</Transform>

<Transform dim="6"
 xcoef=" 0.110007277217632 0.9978609252526 -0.00559610403119931 0 0 0"
 ycoef=" 0.189671756840436 0.000870722519327043 0.965368045057907 0 0 0">
<Contour name="d02" hidden="true" closed="true" simplified="true" border="0.5 0 1" fill="0.5 0 1" mode="11"
 points="7.17391 4.59615,
	7.19121 4.57308,
	7.19986 4.56155,
	7.19986 4.55001,
	7.21139 4.54136,
	7.23446 4.54136,
	7.246 4.54425,
	7.25753 4.5529,
	7.2633 4.5529,
	7.27195 4.56443,
	7.27771 4.5702,
	7.28636 4.59326,
	7.28348 4.61633,
	7.27771 4.62786,
	7.25465 4.65093,
	7.23446 4.66823,
	7.22005 4.68265,
	7.20851 4.67977,
	7.19409 4.65958,
	7.18544 4.64805,
	7.17679 4.62498,
	7.17391 4.60191,
	7.17391 4.59903,
	"/>
<Contour name="d02" hidden="true" closed="true" simplified="true" border="0.5 0 1" fill="0.5 0 1" mode="11"
 points="4.75185 3.2669,
	4.75473 3.22076,
	4.75473 3.20923,
	4.78068 3.16598,
	4.78068 3.16021,
	4.78645 3.15444,
	4.78645 3.13138,
	4.78645 3.12561,
	4.79222 3.11984,
	4.81529 3.11408,
	4.82682 3.11119,
	4.84989 3.11696,
	4.86142 3.12273,
	4.87007 3.13426,
	4.87584 3.1804,
	4.87295 3.22653,
	4.8643 3.27266,
	4.84989 3.29573,
	4.82682 3.31015,
	4.80375 3.31592,
	4.78068 3.31592,
	4.76915 3.31303,
	4.75473 3.29285,
	4.75185 3.26978,
	"/>
<Contour name="d02" hidden="true" closed="true" simplified="true" border="0.5 0 1" fill="0.5 0 1" mode="11"
 points="5.70337 2.67868,
	5.70914 2.67292,
	5.71779 2.64985,
	5.73509 2.62967,
	5.74374 2.61813,
	5.78988 2.62101,
	5.81294 2.62678,
	5.81871 2.63255,
	5.83024 2.63543,
	5.84178 2.64408,
	5.84754 2.64408,
	5.85331 2.64985,
	5.85908 2.64985,
	5.88215 2.67003,
	5.89656 2.6931,
	5.89656 2.71617,
	5.90233 2.73923,
	5.90521 2.75077,
	5.89945 2.77384,
	5.88503 2.7969,
	5.85619 2.88917,
	5.84178 2.93531,
	5.81871 2.95549,
	5.79564 2.94684,
	5.77258 2.93242,
	5.76104 2.92666,
	5.75239 2.91512,
	5.75239 2.89205,
	5.75528 2.88052,
	5.75239 2.86899,
	5.74663 2.86899,
	5.73798 2.85745,
	5.73221 2.85169,
	5.73509 2.8488,
	5.72932 2.84304,
	5.72356 2.81997,
	5.72356 2.80844,
	5.71202 2.78537,
	5.70914 2.73923,
	5.70914 2.7277,
	5.71491 2.71617,
	5.71202 2.70463,
	5.70337 2.6931,
	5.70337 2.68157,
	"/>
<Contour name="d02" hidden="true" closed="true" simplified="true" border="0.5 0 1" fill="0.5 0 1" mode="11"
 points="5.62552 3.27843,
	5.63417 3.2323,
	5.63417 3.22653,
	5.63994 3.22076,
	5.63994 3.215,
	5.64571 3.20923,
	5.66012 3.16309,
	5.68896 3.11696,
	5.69184 3.10543,
	5.75239 3.01604,
	5.76969 2.99586,
	5.85619 2.93531,
	5.87061 2.88917,
	5.87638 2.87764,
	5.87638 2.8661,
	5.8908 2.84304,
	5.8908 2.81997,
	5.89656 2.7969,
	5.90233 2.78537,
	5.90233 2.7796,
	5.91675 2.75653,
	5.93981 2.75365,
	5.94558 2.75365,
	5.96576 2.76807,
	6.00613 2.81132,
	6.01767 2.81709,
	6.0292 2.81709,
	6.05227 2.82862,
	6.07245 2.8488,
	6.09552 2.85745,
	6.11858 2.87187,
	6.16184 2.90936,
	6.1676 2.91512,
	6.17337 2.91512,
	6.21662 2.94684,
	6.26275 2.96126,
	6.30889 2.96991,
	6.35502 2.98432,
	6.37809 2.99297,
	6.38386 2.99297,
	6.39539 3.00162,
	6.40693 3.00451,
	6.41269 3.01027,
	6.43576 3.01604,
	6.47901 3.05353,
	6.50784 3.09966,
	6.51073 3.11119,
	6.51649 3.11408,
	6.51938 3.12561,
	6.52803 3.13714,
	6.53091 3.14291,
	6.55398 3.15156,
	6.56551 3.16309,
	6.57993 3.18616,
	6.61165 3.21788,
	6.62318 3.26401,
	6.6203 3.31015,
	6.64048 3.40242,
	6.6549 3.44855,
	6.66355 3.47162,
	6.66931 3.48315,
	6.66931 3.48892,
	6.67508 3.49469,
	6.68085 3.51775,
	6.68085 3.52929,
	6.69815 3.57542,
	6.70392 3.58696,
	6.70968 3.58984,
	6.72698 3.63597,
	6.73275 3.65904,
	6.74717 3.67922,
	6.79042 3.70806,
	6.80195 3.71094,
	6.82502 3.72536,
	6.84809 3.74554,
	6.87115 3.75708,
	6.88269 3.76284,
	6.97496 3.76284,
	6.98649 3.76284,
	6.99802 3.76861,
	7.01532 3.78879,
	7.06146 3.81474,
	7.08453 3.82628,
	7.09606 3.82916,
	7.09894 3.83493,
	7.11048 3.83781,
	7.15661 3.86376,
	7.19409 3.90701,
	7.19986 3.91855,
	7.21139 3.93008,
	7.23446 3.93296,
	7.25753 3.94161,
	7.26906 3.94738,
	7.26906 3.95891,
	7.24888 3.9791,
	7.20274 4.00505,
	7.15661 4.01082,
	7.13354 4.0137,
	7.08741 4.01082,
	7.06434 4.01082,
	7.05281 4.00793,
	7.04704 4.00793,
	7.03551 3.99928,
	7.01244 3.99063,
	6.97496 3.94738,
	6.9317 3.91566,
	6.89999 3.87241,
	6.8798 3.85511,
	6.83655 3.83493,
	6.79042 3.82339,
	6.77888 3.82051,
	6.76735 3.81186,
	6.74428 3.80609,
	6.72698 3.82339,
	6.71545 3.83493,
	6.70392 3.83781,
	6.65778 3.86953,
	6.6203 3.90413,
	6.53668 3.99063,
	6.53091 3.9964,
	6.53091 4.00217,
	6.52514 4.00505,
	6.52514 4.01082,
	6.51938 4.01658,
	6.51938 4.02235,
	6.50208 4.04253,
	6.49054 4.04542,
	6.44441 4.031,
	6.42134 4.02235,
	6.40981 4.01947,
	6.38674 4.031,
	6.34061 4.03388,
	6.31754 4.02523,
	6.22527 4.02523,
	6.17914 4.031,
	6.1676 4.02812,
	6.15895 4.01947,
	6.15607 3.9964,
	6.15607 3.98487,
	6.1503 3.98487,
	6.13877 3.97621,
	6.1157 3.97045,
	6.06957 3.96756,
	6.05803 3.96756,
	6.03497 3.95891,
	6.02343 3.95603,
	5.9773 3.92431,
	5.95423 3.91566,
	5.9427 3.91566,
	5.93116 3.92143,
	5.83889 3.91278,
	5.81583 3.90701,
	5.79564 3.88683,
	5.79853 3.84069,
	5.79276 3.81763,
	5.77834 3.79744,
	5.77258 3.78591,
	5.76104 3.77438,
	5.75528 3.77438,
	5.73509 3.75708,
	5.72644 3.73401,
	5.72356 3.72248,
	5.70914 3.69941,
	5.67166 3.65327,
	5.66589 3.64174,
	5.65436 3.63597,
	5.64859 3.63597,
	5.63706 3.62444,
	5.64571 3.57831,
	5.64859 3.55524,
	5.63994 3.5091,
	5.62552 3.46297,
	5.62552 3.41683,
	5.63417 3.3707,
	5.62552 3.28131,
	"/>
</Transform>

<Transform dim="6"
 xcoef=" 0.110007277217632 0.9978609252526 -0.00559610403119931 0 0 0"
 ycoef=" 0.189671756840436 0.000870722519327043 0.965368045057907 0 0 0">
<Contour name="d02" hidden="true" closed="true" simplified="true" border="0.5 0 1" fill="0.5 0 1" mode="11"
 points="6.88845 2.37881,
	6.90575 2.35574,
	6.91729 2.34421,
	6.92882 2.33844,
	6.95189 2.31826,
	6.96919 2.30096,
	6.97784 2.27789,
	6.98361 2.23464,
	6.98361 2.2231,
	6.97784 2.21157,
	6.98072 2.1885,
	6.99226 2.17697,
	7.00091 2.1712,
	7.02397 2.1712,
	7.07011 2.15102,
	7.09318 2.14814,
	7.11624 2.15679,
	7.12778 2.16544,
	7.14219 2.1885,
	7.14796 2.21157,
	7.15373 2.2231,
	7.15084 2.26924,
	7.15084 2.29231,
	7.16238 2.31537,
	7.18256 2.33844,
	7.18544 2.36151,
	7.18544 2.36728,
	7.16526 2.39034,
	7.11913 2.39034,
	7.09606 2.39034,
	7.04992 2.40188,
	7.02686 2.40476,
	7.01532 2.40188,
	6.96919 2.41341,
	6.94612 2.42783,
	6.92305 2.43648,
	6.91152 2.43648,
	6.90575 2.43648,
	6.89134 2.41629,
	6.88845 2.39323,
	6.88845 2.38169,
	"/>
<Contour name="d02" hidden="true" closed="true" simplified="true" border="0.5 0 1" fill="0.5 0 1" mode="11"
 points="5.55632 2.00685,
	5.5938 1.9636,
	5.61399 1.94341,
	5.63706 1.93476,
	5.66012 1.93188,
	5.68319 1.93476,
	5.69472 1.93765,
	5.70626 1.94918,
	5.70914 1.99532,
	5.70626 2.00685,
	5.70049 2.00973,
	5.70049 2.0155,
	5.68031 2.03568,
	5.65724 2.03857,
	5.63417 2.0328,
	5.58804 2.04145,
	5.5765 2.03857,
	5.55632 2.02127,
	5.55632 2.00973,
	"/>
</Transform>

<Transform dim="6"
 xcoef=" 0.110007277217632 0.9978609252526 -0.00559610403119931 0 0 0"
 ycoef=" 0.189671756840436 0.000870722519327043 0.965368045057907 0 0 0">
<Contour name="d02" hidden="true" closed="true" simplified="true" border="0.5 0 1" fill="0.5 0 1" mode="11"
 points="5.8735 2.32979,
	5.88215 2.31826,
	5.88503 2.30672,
	5.9081 2.29231,
	5.95423 2.27789,
	5.9773 2.28077,
	5.98306 2.28654,
	5.98883 2.30961,
	6.00325 2.32979,
	6.02343 2.34709,
	6.0292 2.35286,
	6.03497 2.35286,
	6.0465 2.36439,
	6.04938 2.37593,
	6.04073 2.39899,
	5.99748 2.43936,
	5.98595 2.44513,
	5.96288 2.44224,
	5.95135 2.43936,
	5.9081 2.39899,
	5.88791 2.37881,
	5.8735 2.35862,
	5.8735 2.33556,
	5.8735 2.33267,
	"/>
<Contour name="d02" hidden="true" closed="true" simplified="true" border="0.5 0 1" fill="0.5 0 1" mode="11"
 points="4.99406 2.22887,
	4.99982 2.21734,
	5.04019 2.17985,
	5.06326 2.15967,
	5.07479 2.1539,
	5.09786 2.1539,
	5.12093 2.16255,
	5.16706 2.25482,
	5.17859 2.27789,
	5.1959 2.30096,
	5.21896 2.31537,
	5.23626 2.33267,
	5.23338 2.37881,
	5.24203 2.40188,
	5.23338 2.42494,
	5.21031 2.43936,
	5.18724 2.46243,
	5.17859 2.47396,
	5.16706 2.47684,
	5.15553 2.47396,
	5.13534 2.45378,
	5.12958 2.44224,
	5.12958 2.43648,
	5.12381 2.43071,
	5.12093 2.41918,
	5.07479 2.38169,
	5.03154 2.34997,
	5.00847 2.34132,
	4.99982 2.33267,
	4.99406 2.24041,
	4.99406 2.23176,
	"/>
</Transform>

<Transform dim="6"
 xcoef=" 0.110007277217632 0.9978609252526 -0.00559610403119931 0 0 0"
 ycoef=" 0.189671756840436 0.000870722519327043 0.965368045057907 0 0 0">
<Contour name="d13" hidden="true" closed="true" simplified="true" border="1 1 0" fill="1 1 0" mode="11"
 points="-0.131735 0.269897,
	-0.118883 0.244193,
	-0.0931787 0.228127,
	-0.0674743 0.221701,
	-0.054622 0.215275,
	-0.0289175 0.215275,
	-0.0160653 0.221701,
	0.00321306 0.247406,
	0.0224914 0.298815,
	0.051409 0.350224,
	0.0610481 0.375928,
	0.0803265 0.401632,
	0.0899657 0.414485,
	0.0931787 0.427337,
	0.0771134 0.453041,
	0.0642612 0.462681,
	0.0385567 0.465894,
	0.0257045 0.459468,
	-0.0257045 0.459468,
	-0.0385567 0.456255,
	-0.0449828 0.456255,
	-0.0578351 0.443402,
	-0.0739004 0.420911,
	-0.0931787 0.369502,
	-0.102818 0.343797,
	-0.131735 0.295602,
	-0.131735 0.27311,
	"/>
</Transform>

<Transform dim="6"
 xcoef=" 0.110007277217632 0.9978609252526 -0.00559610403119931 0 0 0"
 ycoef=" 0.189671756840436 0.000870722519327043 0.965368045057907 0 0 0">
<Contour name="d13" hidden="true" closed="true" simplified="true" border="1 1 0" fill="1 1 0" mode="11"
 points="0.758282 -0.167079,
	0.764708 -0.192784,
	0.771134 -0.19921,
	0.771134 -0.224914,
	0.764708 -0.237766,
	0.767921 -0.263471,
	0.783987 -0.285962,
	0.796839 -0.289175,
	0.809691 -0.285962,
	0.81933 -0.276323,
	0.870739 -0.266684,
	0.896444 -0.253832,
	0.909296 -0.250619,
	0.925361 -0.228127,
	0.935 -0.215275,
	0.94464 -0.163866,
	0.947853 -0.112457,
	0.954279 -0.0867526,
	0.960705 -0.0739004,
	0.960705 -0.0481959,
	0.954279 -0.0353437,
	0.954279 -0.0289175,
	0.94464 -0.0160653,
	0.938214 -0.00963918,
	0.938214 -0.00321306,
	0.906083 0.0449828,
	0.896444 0.0578351,
	0.870739 0.0610481,
	0.848248 0.0449828,
	0.828969 0.0224914,
	0.809691 -0.0257045,
	0.790413 -0.0481959,
	0.780774 -0.0610481,
	0.774347 -0.0867526,
	0.771134 -0.0996049,
	0.764708 -0.106031,
	0.758282 -0.131735,
	0.758282 -0.15744,
	0.758282 -0.163866,
	"/>
</Transform>

<Transform dim="6"
 xcoef=" 0.110007277217632 0.9978609252526 -0.00559610403119931 0 0 0"
 ycoef=" 0.189671756840436 0.000870722519327043 0.965368045057907 0 0 0">
<Contour name="d13SER" hidden="true" closed="true" simplified="true" border="0 1 0" fill="0 1 0" mode="-9"
 points="2.57878 2.5568,
	2.58821 2.54423,
	2.61333 2.53481,
	2.63846 2.53481,
	2.6416 2.53795,
	2.62904 2.56308,
	2.61962 2.57564,
	2.59449 2.57878,
	2.58192 2.5725,
	2.57878 2.55994,
	"/>
<Contour name="d13SER" hidden="true" closed="true" simplified="true" border="0 1 0" fill="0 1 0" mode="-9"
 points="2.98398 2.57564,
	2.99654 2.56622,
	3.02167 2.56936,
	3.03423 2.57878,
	3.02795 2.59135,
	3.01539 2.59763,
	3.00282 2.59763,
	2.99026 2.59135,
	2.98398 2.58821,
	2.98398 2.57878,
	"/>
<Contour name="d13SER" hidden="true" closed="true" simplified="true" border="0 1 0" fill="0 1 0" mode="-9"
 points="2.7484 2.33692,
	2.76096 2.32436,
	2.76724 2.31808,
	2.79237 2.32122,
	2.81436 2.34007,
	2.82064 2.34949,
	2.82064 2.36205,
	2.81122 2.37462,
	2.79866 2.3809,
	2.77353 2.3809,
	2.75154 2.35891,
	2.7484 2.34635,
	2.7484 2.34007,
	"/>
<Contour name="d13SER" hidden="true" closed="true" simplified="true" border="0 1 0" fill="0 1 0" mode="-9"
 points="3.64359 2.33692,
	3.65301 2.3118,
	3.67814 2.30865,
	3.69071 2.30865,
	3.69699 2.30865,
	3.70327 2.32122,
	3.70641 2.3275,
	3.70327 2.33378,
	3.69699 2.33378,
	3.67186 2.34949,
	3.64673 2.34635,
	3.64359 2.34007,
	"/>
<Contour name="d13SER" hidden="true" closed="true" simplified="true" border="0 1 0" fill="0 1 0" mode="-9"
 points="3.77866 2.05109,
	3.78808 2.02596,
	3.79122 2.02282,
	3.80378 2.04795,
	3.80378 2.06051,
	3.79436 2.06994,
	3.7818 2.06994,
	3.77866 2.05737,
	3.77866 2.05423,
	"/>
<Contour name="d13SER" hidden="true" closed="true" simplified="true" border="0 1 0" fill="0 1 0" mode="-9"
 points="3.65301 1.86263,
	3.66558 1.85006,
	3.69071 1.8375,
	3.70013 1.83122,
	3.70955 1.85635,
	3.70013 1.88148,
	3.69071 1.89404,
	3.66558 1.89718,
	3.65616 1.88776,
	3.65301 1.86577,
	"/>
<Contour name="d13SER" hidden="true" closed="true" simplified="true" border="0 1 0" fill="0 1 0" mode="-9"
 points="3.45827 1.71186,
	3.47084 1.68673,
	3.4834 1.68673,
	3.50853 1.70558,
	3.51795 1.73071,
	3.52109 1.74327,
	3.51795 1.75583,
	3.50539 1.76212,
	3.49282 1.76212,
	3.46769 1.74641,
	3.45827 1.72128,
	3.45827 1.715,
	"/>
</Transform>

<Transform dim="6"
 xcoef=" 0.110007277217632 0.9978609252526 -0.00559610403119931 0 0 0"
 ycoef=" 0.189671756840436 0.000870722519327043 0.965368045057907 0 0 0">
<Contour name="d13SER" hidden="true" closed="true" simplified="true" border="0 1 0" fill="0 1 0" mode="-9"
 points="3.70327 1.50141,
	3.72526 1.48571,
	3.73154 1.48256,
	3.74096 1.49199,
	3.73782 1.50455,
	3.73782 1.51083,
	3.72526 1.5234,
	3.71269 1.5234,
	3.70327 1.51398,
	3.70327 1.50455,
	"/>
</Transform>

<Transform dim="6"
 xcoef=" 0.110007277217632 0.9978609252526 -0.00559610403119931 0 0 0"
 ycoef=" 0.189671756840436 0.000870722519327043 0.965368045057907 0 0 0">
<Contour name="d13SER" hidden="true" closed="true" simplified="true" border="0 1 0" fill="0 1 0" mode="-9"
 points="3.57449 1.22814,
	3.58705 1.21872,
	3.63731 1.22186,
	3.63417 1.24699,
	3.60904 1.25327,
	3.59648 1.25327,
	3.57449 1.23756,
	3.57449 1.23128,
	"/>
<Contour name="d13SER" hidden="true" closed="true" simplified="true" border="0 1 0" fill="0 1 0" mode="-9"
 points="3.44571 1.53596,
	3.45199 1.5234,
	3.46455 1.51398,
	3.47084 1.51398,
	3.47712 1.50769,
	3.50225 1.50769,
	3.52737 1.5234,
	3.50539 1.54853,
	3.48026 1.55795,
	3.45513 1.55481,
	3.44571 1.54539,
	3.44571 1.5391,
	"/>
<Contour name="d13SER" hidden="true" closed="true" simplified="true" border="0 1 0" fill="0 1 0" mode="-9"
 points="3.15359 1.14962,
	3.17872 1.14647,
	3.22898 1.1559,
	3.27923 1.15904,
	3.32949 1.1559,
	3.34205 1.1559,
	3.34833 1.15904,
	3.33891 1.1716,
	3.28866 1.18103,
	3.18814 1.17474,
	3.16301 1.1716,
	3.15359 1.16218,
	3.15359 1.15276,
	"/>
<Contour name="d13SER" hidden="true" closed="true" simplified="true" border="0 1 0" fill="0 1 0" mode="-9"
 points="3.12846 0.904616,
	3.13789 0.892052,
	3.15045 0.895193,
	3.17558 0.920321,
	3.19757 0.936026,
	3.21641 0.961154,
	3.24154 0.983141,
	3.2541 0.989424,
	3.30436 0.998847,
	3.35462 1.02712,
	3.37975 1.04596,
	3.39231 1.05853,
	3.40487 1.08365,
	3.40487 1.09622,
	3.40173 1.1025,
	3.3766 1.1025,
	3.35148 1.09622,
	3.30436 1.06167,
	3.27923 1.0491,
	3.26667 1.04596,
	3.24154 1.03026,
	3.21955 1.00513,
	3.21013 0.995706,
	3.185 0.986283,
	3.16301 0.970577,
	3.14103 0.945449,
	3.12846 0.920321,
	3.12846 0.907757,
	"/>
<Contour name="d13SER" hidden="true" closed="true" simplified="true" border="0 1 0" fill="0 1 0" mode="-9"
 points="3.12846 2.12333,
	3.13789 2.11077,
	3.16301 2.10135,
	3.17558 2.10449,
	3.18186 2.11705,
	3.16301 2.14218,
	3.13789 2.14532,
	3.12846 2.1359,
	3.12846 2.12648,
	"/>
<Contour name="d13SER" hidden="true" closed="true" simplified="true" border="0 1 0" fill="0 1 0" mode="-9"
 points="2.88974 2.05109,
	2.91173 2.0291,
	2.9243 2.03853,
	2.91801 2.06365,
	2.91173 2.06994,
	2.89917 2.06994,
	2.88974 2.06051,
	2.88974 2.05423,
	"/>
<Contour name="d13SER" hidden="true" closed="true" simplified="true" border="0 1 0" fill="0 1 0" mode="-9"
 points="2.63846 2.01968,
	2.65103 2.01654,
	2.67616 2.02596,
	2.68558 2.03853,
	2.69186 2.04167,
	2.69186 2.05423,
	2.68244 2.0668,
	2.65731 2.05737,
	2.63846 2.03539,
	2.63846 2.02282,
	"/>
<Contour name="d13SER" hidden="true" closed="true" simplified="true" border="0 1 0" fill="0 1 0" mode="-9"
 points="2.4343 2.11391,
	2.44686 2.10763,
	2.45314 2.10135,
	2.46571 2.10449,
	2.47513 2.11391,
	2.47827 2.13904,
	2.46885 2.16417,
	2.45628 2.17045,
	2.44372 2.17045,
	2.43744 2.16417,
	2.4343 2.11705,
	"/>
<Contour name="d13SER" hidden="true" closed="true" simplified="true" border="0 1 0" fill="0 1 0" mode="-9"
 points="2.40289 1.75269,
	2.41231 1.74327,
	2.41545 1.74013,
	2.42487 1.75269,
	2.42801 1.76526,
	2.41859 1.77468,
	2.40603 1.77468,
	2.40289 1.76212,
	2.40289 1.75583,
	"/>
<Contour name="d13SER" hidden="true" closed="true" simplified="true" border="0 1 0" fill="0 1 0" mode="-9"
 points="2.35577 1.2784,
	2.37148 1.25327,
	2.39346 1.22814,
	2.43116 1.19045,
	2.44372 1.16532,
	2.45628 1.11506,
	2.47513 1.06481,
	2.48141 1.05224,
	2.5034 1.03654,
	2.55051 0.992565,
	2.56308 0.98,
	2.56936 0.970577,
	2.58192 0.961154,
	2.59449 0.958013,
	2.59763 0.961154,
	2.58507 0.970577,
	2.58821 0.995706,
	2.56622 1.01455,
	2.53167 1.06481,
	2.50654 1.0868,
	2.49398 1.10878,
	2.48769 1.12135,
	2.48141 1.1716,
	2.47513 1.17789,
	2.45314 1.225,
	2.44058 1.25013,
	2.3966 1.29096,
	2.38404 1.30039,
	2.37148 1.30353,
	2.35891 1.30039,
	2.35577 1.28782,
	2.35577 1.28154,
	"/>
<Contour name="d13SER" hidden="true" closed="true" simplified="true" border="0 1 0" fill="0 1 0" mode="-9"
 points="2.72641 0.923462,
	2.73898 0.914039,
	2.78923 0.901475,
	2.8018 0.904616,
	2.79866 0.91718,
	2.77667 0.936026,
	2.7641 0.942308,
	2.73898 0.939167,
	2.72641 0.932885,
	2.72641 0.926603,
	"/>
</Transform>

<Transform dim="6"
 xcoef=" 0.110007277217632 0.9978609252526 -0.00559610403119931 0 0 0"
 ycoef=" 0.189671756840436 0.000870722519327043 0.965368045057907 0 0 0">
<Contour name="d13SER" hidden="true" closed="true" simplified="true" border="0 1 0" fill="0 1 0" mode="-9"
 points="2.83007 1.47,
	2.83635 1.45744,
	2.86148 1.44801,
	2.91173 1.44487,
	2.93372 1.44801,
	2.92744 1.46058,
	2.90231 1.48256,
	2.87718 1.49827,
	2.85205 1.50141,
	2.83007 1.47942,
	2.83007 1.47314,
	"/>
</Transform>

<Transform dim="6"
 xcoef=" 0.110007277217632 0.9978609252526 -0.00559610403119931 0 0 0"
 ycoef=" 0.189671756840436 0.000870722519327043 0.965368045057907 0 0 0">
<Contour name="d13SER" hidden="true" closed="true" simplified="true" border="0 1 0" fill="0 1 0" mode="-9"
 points="2.44686 1.90346,
	2.49712 1.90032,
	2.50968 1.90032,
	2.52224 1.9066,
	2.52539 1.91289,
	2.51282 1.92545,
	2.48769 1.93487,
	2.46257 1.93173,
	2.45628 1.93173,
	2.44686 1.9066,
	"/>
</Transform>

<Transform dim="6"
 xcoef=" 0.110007277217632 0.9978609252526 -0.00559610403119931 0 0 0"
 ycoef=" 0.189671756840436 0.000870722519327043 0.965368045057907 0 0 0">
<Contour name="d13brrs06" hidden="true" closed="true" simplified="false" border="0.5 0 1" fill="0.5 0 1" mode="-9"
 points="1.46392 0.78681,
	1.45449 0.783669,
	1.46392 0.780528,
	1.45764 0.771105,
	1.46706 0.777387,
	1.4702 0.767964,
	1.47334 0.777387,
	1.48276 0.771105,
	1.47648 0.780528,
	1.4859 0.783669,
	1.47648 0.78681,
	1.48276 0.796233,
	1.47334 0.789951,
	1.4702 0.799374,
	1.46706 0.789951,
	1.45764 0.796233,
	"/>
<Contour name="d13brrs07" hidden="true" closed="true" simplified="false" border="0.5 0 1" fill="0.5 0 1" mode="-9"
 points="1.47648 0.811938,
	1.46706 0.808797,
	1.47648 0.805656,
	1.4702 0.796233,
	1.47962 0.802515,
	1.48276 0.793092,
	1.4859 0.802515,
	1.49533 0.796233,
	1.48905 0.805656,
	1.49847 0.808797,
	1.48905 0.811938,
	1.49533 0.821361,
	1.4859 0.815079,
	1.48276 0.824502,
	1.47962 0.815079,
	1.4702 0.821361,
	"/>
<Contour name="d13brrs08" hidden="true" closed="true" simplified="false" border="0.5 0 1" fill="0.5 0 1" mode="-9"
 points="1.43251 0.81822,
	1.42308 0.815079,
	1.43251 0.811938,
	1.42623 0.802515,
	1.43565 0.808797,
	1.43879 0.799374,
	1.44193 0.808797,
	1.45135 0.802515,
	1.44507 0.811938,
	1.45449 0.815079,
	1.44507 0.81822,
	1.45135 0.827643,
	1.44193 0.821361,
	1.43879 0.830784,
	1.43565 0.821361,
	1.42623 0.827643,
	"/>
<Contour name="d13brrs09" hidden="true" closed="true" simplified="false" border="0.5 0 1" fill="0.5 0 1" mode="-9"
 points="1.44193 0.846489,
	1.43251 0.843348,
	1.44193 0.840207,
	1.43565 0.830784,
	1.44507 0.837066,
	1.44821 0.827643,
	1.45135 0.837066,
	1.46078 0.830784,
	1.45449 0.840207,
	1.46392 0.843348,
	1.45449 0.846489,
	1.46078 0.855912,
	1.45135 0.84963,
	1.44821 0.859053,
	1.44507 0.84963,
	1.43565 0.855912,
	"/>
<Contour name="d13brrs10" hidden="true" closed="true" simplified="false" border="0.5 0 1" fill="0.5 0 1" mode="-9"
 points="1.45449 0.871617,
	1.44507 0.868476,
	1.45449 0.865335,
	1.44821 0.855912,
	1.45764 0.862194,
	1.46078 0.852771,
	1.46392 0.862194,
	1.47334 0.855912,
	1.46706 0.865335,
	1.47648 0.868476,
	1.46706 0.871617,
	1.47334 0.881041,
	1.46392 0.874758,
	1.46078 0.884182,
	1.45764 0.874758,
	1.44821 0.881041,
	"/>
</Transform>

<Transform dim="6"
 xcoef=" 0.110007277217632 0.9978609252526 -0.00559610403119931 0 0 0"
 ycoef=" 0.189671756840436 0.000870722519327043 0.965368045057907 0 0 0">
<Contour name="d13SER" hidden="true" closed="true" simplified="true" border="0 1 0" fill="0 1 0" mode="-9"
 points="0.810385 0.785257,
	0.822949 0.775834,
	0.848077 0.778975,
	0.898334 0.800962,
	0.907757 0.810385,
	0.932885 0.819808,
	0.945449 0.82609,
	0.951731 0.82609,
	0.958013 0.832372,
	0.964295 0.832372,
	0.973718 0.841795,
	0.995706 0.851218,
	1.04282 0.879488,
	1.09308 0.88577,
	1.11821 0.892052,
	1.13077 0.895193,
	1.13705 0.901475,
	1.14962 0.904616,
	1.15904 0.914039,
	1.18417 0.923462,
	1.23442 0.91718,
	1.25955 0.910898,
	1.27212 0.904616,
	1.32237 0.904616,
	1.3475 0.898334,
	1.44801 0.895193,
	1.46058 0.888911,
	1.46686 0.888911,
	1.47628 0.901475,
	1.47942 0.914039,
	1.47628 0.926603,
	1.46372 0.936026,
	1.43859 0.939167,
	1.38833 0.932885,
	1.36321 0.929744,
	1.35064 0.929744,
	1.34436 0.929744,
	1.33808 0.936026,
	1.31295 0.942308,
	1.30039 0.951731,
	1.25013 0.967436,
	1.19987 0.970577,
	1.14962 0.961154,
	1.12449 0.94859,
	1.07423 0.914039,
	1.02397 0.904616,
	0.973718 0.863782,
	0.94859 0.844936,
	0.898334 0.829231,
	0.873206 0.82609,
	0.848077 0.816667,
	0.835513 0.813526,
	0.810385 0.79468,
	0.810385 0.788398,
	"/>
<Contour name="d13SER" hidden="true" closed="true" simplified="true" border="0 1 0" fill="0 1 0" mode="-9"
 points="1.30667 0.49,
	1.3318 0.480577,
	1.38205 0.486859,
	1.43231 0.511987,
	1.43859 0.515128,
	1.44173 0.527693,
	1.4543 0.537116,
	1.46058 0.54968,
	1.45744 0.562244,
	1.4543 0.568526,
	1.40404 0.568526,
	1.39776 0.562244,
	1.37263 0.555962,
	1.36635 0.54968,
	1.35378 0.546539,
	1.32865 0.527693,
	1.30981 0.505705,
	1.30667 0.493141,
	"/>
<Contour name="d13SER" hidden="true" closed="true" simplified="true" border="0 1 0" fill="0 1 0" mode="-9"
 points="1.25641 0.424039,
	1.26897 0.414616,
	1.2941 0.414616,
	1.30039 0.420898,
	1.31295 0.424039,
	1.32237 0.436603,
	1.31923 0.449167,
	1.30667 0.45859,
	1.28154 0.45859,
	1.26897 0.455449,
	1.25955 0.446026,
	1.25641 0.433462,
	1.25641 0.42718,
	"/>
<Contour name="d13SER" hidden="true" closed="true" simplified="true" border="0 1 0" fill="0 1 0" mode="-9"
 points="0.844936 0.461731,
	0.866923 0.442885,
	0.892052 0.433462,
	0.904616 0.42718,
	0.91718 0.42718,
	0.923462 0.42718,
	0.926603 0.433462,
	0.914039 0.45859,
	0.892052 0.483718,
	0.879488 0.493141,
	0.854359 0.49,
	0.844936 0.477436,
	0.844936 0.464872,
	"/>
<Contour name="d13SER" hidden="true" closed="true" simplified="true" border="0 1 0" fill="0 1 0" mode="-9"
 points="0.747564 0.643911,
	0.756988 0.631346,
	0.76327 0.625064,
	0.788398 0.634487,
	0.813526 0.656475,
	0.829231 0.678462,
	0.835513 0.691026,
	0.838654 0.697308,
	0.832372 0.709872,
	0.807244 0.713013,
	0.756988 0.684744,
	0.747564 0.659616,
	0.747564 0.647052,
	"/>
</Transform>

<Transform dim="6"
 xcoef=" 0.110007277217632 0.9978609252526 -0.00559610403119931 0 0 0"
 ycoef=" 0.189671756840436 0.000870722519327043 0.965368045057907 0 0 0">
<Contour name="d01SER" hidden="false" closed="true" simplified="true" border="0 1 0" fill="0 1 0" mode="-9"
 points="4.58303 3.86503,
	4.60619 3.85056,
	4.61777 3.83898,
	4.62935 3.83319,
	4.63515 3.8274,
	4.64673 3.8245,
	4.65831 3.81582,
	4.68147 3.81871,
	4.69305 3.82161,
	4.70463 3.83029,
	4.71042 3.83608,
	4.70463 3.84187,
	4.68147 3.84187,
	4.63515 3.85924,
	4.62935 3.85924,
	4.62356 3.86503,
	4.6004 3.87372,
	4.58882 3.87372,
	4.58303 3.87082,
	4.58303 3.86793,
	"/>
<Contour name="d01SER" hidden="false" closed="true" simplified="true" border="0 1 0" fill="0 1 0" mode="-9"
 points="4.47012 3.96057,
	4.47591 3.95478,
	4.49907 3.95189,
	4.52223 3.94031,
	4.5454 3.93741,
	4.55698 3.94031,
	4.55698 3.95189,
	4.53671 3.97215,
	4.51355 3.98084,
	4.49039 3.98084,
	4.47881 3.98084,
	4.47012 3.97215,
	4.47012 3.96347,
	"/>
<Contour name="d01SER" hidden="false" closed="true" simplified="true" border="0 1 0" fill="0 1 0" mode="-9"
 points="4.15165 3.72317,
	4.16613 3.7029,
	4.1835 3.72317,
	4.1835 3.74633,
	4.17482 3.79265,
	4.16902 3.79844,
	4.16613 3.79265,
	4.16902 3.78686,
	4.15744 3.7637,
	4.15455 3.74054,
	4.15165 3.72896,
	4.15165 3.72607,
	"/>
<Contour name="d01SER" hidden="false" closed="true" simplified="true" border="0 1 0" fill="0 1 0" mode="-9"
 points="4.31957 3.49445,
	4.34273 3.48287,
	4.3659 3.48287,
	4.38616 3.50314,
	4.39485 3.51182,
	4.39774 3.51761,
	4.40353 3.51761,
	4.40643 3.5292,
	4.39485 3.53788,
	4.37169 3.54078,
	4.32826 3.51182,
	4.31957 3.50314,
	4.31957 3.49735,
	"/>
</Transform>

<Transform dim="6"
 xcoef=" 0.110007277217632 0.9978609252526 -0.00559610403119931 0 0 0"
 ycoef=" 0.189671756840436 0.000870722519327043 0.965368045057907 0 0 0">
<Contour name="d01SER" hidden="false" closed="true" simplified="true" border="0 1 0" fill="0 1 0" mode="-9"
 points="4.23272 3.88819,
	4.23851 3.87661,
	4.28194 3.89688,
	4.3051 3.91425,
	4.30799 3.91715,
	4.29641 3.92583,
	4.25009 3.91136,
	4.2443 3.91136,
	4.23272 3.89978,
	4.23272 3.89109,
	"/>
</Transform>

<Transform dim="6"
 xcoef=" 0.110007277217632 0.9978609252526 -0.00559610403119931 0 0 0"
 ycoef=" 0.189671756840436 0.000870722519327043 0.965368045057907 0 0 0">
<Contour name="d01p04" hidden="false" closed="true" simplified="false" border="1 0 0" fill="1 0 0" mode="-9"
 points="4.14862 3.47794,
	4.16209 3.45908,
	4.14862 3.44022,
	4.1567 3.44022,
	4.16748 3.45638,
	4.17826 3.44022,
	4.18635 3.44022,
	4.17287 3.45908,
	4.18635 3.47794,
	4.17826 3.47794,
	4.16748 3.46177,
	4.1567 3.47794,
	"/>
</Transform>

<Transform dim="6"
 xcoef=" 0.110007277217632 0.9978609252526 -0.00559610403119931 0 0 0"
 ycoef=" 0.189671756840436 0.000870722519327043 0.965368045057907 0 0 0">
<Contour name="d01SER" hidden="false" closed="true" simplified="true" border="0 1 0" fill="0 1 0" mode="-9"
 points="4.34852 2.6317,
	4.35142 2.60854,
	4.35142 2.60275,
	4.37458 2.58827,
	4.38616 2.58248,
	4.39195 2.58537,
	4.40064 2.60854,
	4.40353 2.62012,
	4.39485 2.64328,
	4.38327 2.65486,
	4.37169 2.65775,
	4.36011 2.65486,
	4.35142 2.64617,
	4.34852 2.63459,
	"/>
</Transform>

<Transform dim="6"
 xcoef=" 0.120007277217632 0.9978609252526 -0.00559610403119931 0 0 0"
 ycoef=" 0.189671756840436 0.000870722519327043 0.965368045057907 0 0 0">
<Contour name="d01SERp06" hidden="false" closed="true" simplified="true" border="0 1 0" fill="0 1 0" mode="-9"
 points="4.34852 2.6317,
	4.35142 2.60854,
	4.35142 2.60275,
	4.37458 2.58827,
	4.38616 2.58248,
	4.39195 2.58537,
	4.40064 2.60854,
	4.40353 2.62012,
	4.39485 2.64328,
	4.38327 2.65486,
	4.37169 2.65775,
	4.36011 2.65486,
	4.35142 2.64617,
	4.34852 2.63459,
	"/>
</Transform>

<Transform dim="0"
 xcoef=" 0 1 0 0 0 0"
 ycoef=" 0 0 1 0 0 0">
<Contour name="d01ax10" comment="LK bouton trace named after cfa" hidden="true" closed="true" simplified="true" border="0 1 1" fill="0.502 1 1" mode="-11"
 points="3.38958 0.678996,
	3.39678 0.664588,
	3.40579 0.635771,
	3.41299 0.621363,
	3.4238 0.608755,
	3.4292 0.603352,
	3.45802 0.608755,
	3.47243 0.615959,
	3.47603 0.619562,
	3.47963 0.619562,
	3.50665 0.642975,
	3.53546 0.659185,
	3.53907 0.659185,
	3.54267 0.662787,
	3.54987 0.662787,
	3.55708 0.666389,
	3.56428 0.666389,
	3.5931 0.677195,
	3.6003 0.680797,
	3.6039 0.684399,
	3.61111 0.6862,
	3.62552 0.695206,
	3.65253 0.72042,
	3.67595 0.747436,
	3.69576 0.772651,
	3.72097 0.801468,
	3.72998 0.814075,
	3.73358 0.815876,
	3.74078 0.844693,
	3.74799 0.902327,
	3.75159 0.916735,
	3.7678 0.945552,
	3.7714 0.952756,
	3.775 0.956358,
	3.775 0.95996,
	3.78401 0.970766,
	3.79662 0.999583,
	3.79662 1.0284,
	3.79481 1.0356,
	3.78221 1.04821,
	3.775 1.05181,
	3.76059 1.05001,
	3.75339 1.05001,
	3.73898 1.04461,
	3.73178 1.04281,
	3.67595 1.00138,
	3.66334 0.99418,
	3.65613 0.986976,
	3.65253 0.986976,
	3.64893 0.983374,
	3.64533 0.983374,
	3.63092 0.972568,
	3.62371 0.968965,
	3.57509 0.923939,
	3.54627 0.904128,
	3.53186 0.895122,
	3.49044 0.842892,
	3.47243 0.815876,
	3.4256 0.760044,
	3.41119 0.749237,
	3.40399 0.743834,
	3.39138 0.715017,
	3.38958 0.6862,
	3.38958 0.680797,
	"/>
</Transform>

<Transform dim="0"
 xcoef=" 0 1 0 0 0 0"
 ycoef=" 0 0 1 0 0 0">
<Contour name="d01ax06" comment="LK bouton trace named after cfa" hidden="true" closed="true" simplified="true" border="0 1 1" fill="0.502 1 1" mode="-9"
 points="4.39691 2.13543,
	4.40176 2.1318,
	4.41145 2.13059,
	4.42115 2.13422,
	4.42963 2.14271,
	4.43448 2.14755,
	4.45024 2.16089,
	4.45751 2.16937,
	4.4672 2.17543,
	4.48659 2.18028,
	4.50477 2.1924,
	4.50841 2.19603,
	4.51083 2.19603,
	4.52053 2.20209,
	4.53022 2.20452,
	4.54962 2.20452,
	4.56901 2.20209,
	4.5787 2.20209,
	4.5884 2.20815,
	4.59567 2.21663,
	4.59809 2.21906,
	4.59931 2.22875,
	4.59567 2.23845,
	4.59082 2.2433,
	4.58719 2.25299,
	4.58597 2.25784,
	4.57749 2.26632,
	4.57264 2.26875,
	4.56295 2.26754,
	4.54477 2.25178,
	4.53507 2.24693,
	4.51568 2.2433,
	4.50599 2.24087,
	4.48659 2.23118,
	4.4769 2.22391,
	4.46236 2.20815,
	4.4563 2.19846,
	4.45508 2.19361,
	4.45145 2.18876,
	4.45145 2.18634,
	4.43448 2.17179,
	4.42963 2.16816,
	4.42479 2.15967,
	4.4163 2.15119,
	4.41145 2.14755,
	4.40661 2.14634,
	4.39691 2.13907,
	4.39691 2.13665,
	"/>
</Transform>

<Transform dim="6"
 xcoef=" 0.421887226065558 0.906784743432062 0.0775894897890715 0 0 0"
 ycoef=" 1.33474106301476 -0.0820529932761739 0.964166218585434 0 0 0">
<Image mag="0.00220626" contrast="1" brightness="0" red="true" green="true" blue="true"
 src="FPNCT.35.jpg" />
<Contour name="domain1" hidden="false" closed="true" simplified="false" border="1 0 1" fill="1 0 1" mode="11"
 points="0 0,
	4096 0,
	4096 4096,
	0 4096,
	"/>
</Transform>

<Transform dim="0"
 xcoef=" 0 1 0 0 0 0"
 ycoef=" 0 0 1 0 0 0">
<Contour name="d01ax06" comment="LK bouton trace named after cfa" hidden="true" closed="true" simplified="true" border="0 1 1" fill="0.502 1 1" mode="-9"
 points="5.31117 1.90959,
	5.31238 1.8999,
	5.31481 1.89626,
	5.32087 1.8902,
	5.33056 1.88414,
	5.33299 1.88414,
	5.33541 1.88172,
	5.3548 1.87566,
	5.3645 1.87324,
	5.36934 1.87324,
	5.37177 1.87081,
	5.39116 1.86596,
	5.40085 1.86354,
	5.41055 1.86354,
	5.41176 1.86354,
	5.43236 1.8696,
	5.43721 1.87324,
	5.43964 1.87324,
	5.44933 1.87929,
	5.48811 1.91202,
	5.5075 1.92171,
	5.5269 1.92414,
	5.54629 1.92292,
	5.55598 1.92171,
	5.57537 1.91323,
	5.58507 1.90717,
	5.60446 1.90111,
	5.62385 1.89263,
	5.63355 1.88778,
	5.65294 1.87081,
	5.67233 1.85748,
	5.68202 1.85384,
	5.70141 1.85263,
	5.71111 1.85263,
	5.72081 1.85506,
	5.72323 1.85506,
	5.72444 1.85748,
	5.72687 1.85748,
	5.72929 1.8599,
	5.73414 1.86112,
	5.75353 1.87687,
	5.7608 1.88657,
	5.78019 1.90111,
	5.78989 1.90596,
	5.80928 1.90596,
	5.81897 1.90353,
	5.85775 1.90353,
	5.87715 1.90596,
	5.89654 1.91081,
	5.91593 1.92171,
	5.93532 1.93504,
	5.94501 1.9411,
	5.96441 1.94716,
	5.9741 1.94959,
	5.97895 1.94959,
	5.99834 1.96292,
	6.01531 1.98231,
	6.01773 1.98716,
	6.02621 1.99685,
	6.02864 2.0017,
	6.03712 2.0114,
	6.04803 2.02958,
	6.065 2.06836,
	6.06621 2.08775,
	6.065 2.10714,
	6.05894 2.11683,
	6.03955 2.13017,
	6.02015 2.13744,
	5.98137 2.14471,
	5.94259 2.14471,
	5.90381 2.14229,
	5.86503 2.14229,
	5.82624 2.14835,
	5.80685 2.15198,
	5.80201 2.15198,
	5.79231 2.15562,
	5.75353 2.15925,
	5.73414 2.15804,
	5.71475 2.1544,
	5.67596 2.1544,
	5.65657 2.15683,
	5.65415 2.15683,
	5.64445 2.16289,
	5.62506 2.17016,
	5.61537 2.17258,
	5.61052 2.1738,
	5.59113 2.16895,
	5.57174 2.16652,
	5.56204 2.16652,
	5.55719 2.16531,
	5.5475 2.15804,
	5.53901 2.14835,
	5.53659 2.1435,
	5.5172 2.12653,
	5.51235 2.12168,
	5.5075 2.11199,
	5.49902 2.10472,
	5.48933 2.09987,
	5.45054 2.09381,
	5.44085 2.09381,
	5.42146 2.09017,
	5.41176 2.08896,
	5.40207 2.08532,
	5.39722 2.08532,
	5.39237 2.0829,
	5.38752 2.0829,
	5.36813 2.07563,
	5.34874 2.0623,
	5.34026 2.04291,
	5.3342 2.02352,
	5.32935 2.01382,
	5.32571 1.99443,
	5.32329 1.95565,
	5.32087 1.94595,
	5.31238 1.92656,
	5.31117 1.91686,
	5.31117 1.91202,
	5.31117 1.91081,
	"/>
</Transform>

<Transform dim="0"
 xcoef=" 0 1 0 0 0 0"
 ycoef=" 0 0 1 0 0 0">
<Contour name="d01ax11_ddh" comment="ddh_traced_2018-05-22" hidden="true" closed="true" simplified="true" border="0.501961 1 0.501961" fill="0.501961 1 0.501961" mode="11"
 points="3.85881 1.12153,
	3.86475 1.11202,
	3.90039 1.07638,
	3.90752 1.06925,
	3.91227 1.06569,
	3.91465 1.06094,
	3.93366 1.04787,
	3.93841 1.04311,
	3.94198 1.04074,
	3.97643 1.00866,
	3.98593 1.00628,
	3.99069 1.00391,
	4.00969 1.00391,
	4.0287 1.00628,
	4.03821 1.00866,
	4.04296 1.00985,
	4.06078 1.02173,
	4.0691 1.02648,
	4.10593 1.06331,
	4.11424 1.07044,
	4.11662 1.07519,
	4.13444 1.09183,
	4.15226 1.10371,
	4.17008 1.11796,
	4.1784 1.12628,
	4.18315 1.13578,
	4.18672 1.15479,
	4.18909 1.15954,
	4.19147 1.16192,
	4.19266 1.16667,
	4.20572 1.18568,
	4.21404 1.19162,
	4.21642 1.194,
	4.22592 1.19519,
	4.23067 1.19756,
	4.24018 1.19756,
	4.24968 1.20231,
	4.258 1.20944,
	4.26038 1.21182,
	4.26038 1.21419,
	4.26275 1.21538,
	4.26156 1.2534,
	4.26156 1.25815,
	4.258 1.26766,
	4.25206 1.27716,
	4.24374 1.28548,
	4.24018 1.28785,
	4.23067 1.29617,
	4.21166 1.30449,
	4.20216 1.30805,
	4.16414 1.30924,
	4.14513 1.30924,
	4.13563 1.30924,
	4.09761 1.32231,
	4.08811 1.32587,
	4.0691 1.32706,
	4.03108 1.3235,
	4.0287 1.32112,
	4.0192 1.31756,
	4.00969 1.31162,
	3.99069 1.29498,
	3.98118 1.28785,
	3.97405 1.27954,
	3.97168 1.27716,
	3.97168 1.27479,
	3.9693 1.27241,
	3.96336 1.2534,
	3.96217 1.23439,
	3.95742 1.22489,
	3.9491 1.21776,
	3.9396 1.21301,
	3.92059 1.21301,
	3.90158 1.21063,
	3.88257 1.20231,
	3.87544 1.19519,
	3.87069 1.19043,
	3.86594 1.18093,
	3.86475 1.17618,
	3.86238 1.1738,
	3.85881 1.15479,
	3.85881 1.13578,
	3.85881 1.12628,
	3.85881 1.12271,
	"/>
</Transform>

<Transform dim="0"
 xcoef=" 0 1 0 0 0 0"
 ycoef=" 0 0 1 0 0 0">
<Contour name="d01ax12_ddh" comment="ddh_traced_2018-05-22" hidden="false" closed="true" simplified="true" border="0.501961 1 0.501961" fill="0.501961 1 0.501961" mode="11"
 points="6.59153 4.88415,
	6.59803 4.87375,
	6.60713 4.86465,
	6.61233 4.86335,
	6.61753 4.85945,
	6.63834 4.85295,
	6.65785 4.83604,
	6.67865 4.83214,
	6.69946 4.83214,
	6.70466 4.83344,
	6.70986 4.83734,
	6.71506 4.83864,
	6.72026 4.84254,
	6.72546 4.84384,
	6.72807 4.84384,
	6.73067 4.84644,
	6.75147 4.85165,
	6.79308 4.85685,
	6.81389 4.86335,
	6.81519 4.86595,
	6.82039 4.86725,
	6.83079 4.87375,
	6.836 4.87505,
	6.8555 4.89196,
	6.87241 4.91016,
	6.88021 4.91926,
	6.88801 4.94007,
	6.88801 4.95047,
	6.88411 4.96088,
	6.87631 4.96868,
	6.8711 4.97128,
	6.8685 4.97128,
	6.8659 4.97388,
	6.8451 4.97778,
	6.82429 4.98428,
	6.81389 4.99078,
	6.80609 5.00119,
	6.80349 5.00639,
	6.79438 5.01549,
	6.78528 5.02069,
	6.78268 5.02329,
	6.76187 5.02719,
	6.75147 5.02849,
	6.74627 5.02849,
	6.73587 5.02199,
	6.72676 5.01159,
	6.72286 5.00639,
	6.72156 5.00379,
	6.70076 4.99859,
	6.69035 4.99208,
	6.68515 4.98688,
	6.67995 4.97908,
	6.67345 4.96868,
	6.66305 4.96218,
	6.65264 4.96088,
	6.63184 4.96348,
	6.62144 4.96218,
	6.61884 4.96218,
	6.60973 4.95177,
	6.60453 4.94137,
	6.60323 4.93097,
	6.59933 4.92056,
	6.59803 4.91536,
	6.59803 4.91276,
	6.59543 4.91016,
	6.59153 4.88936,
	6.59153 4.88545,
	"/>
</Transform>

<Transform dim="0"
 xcoef=" 0 1 0 0 0 0"
 ycoef=" 0 0 1 0 0 0">
<Contour name="d01ax12_ddh" comment="ddh_traced_2018-05-22" hidden="false" closed="true" simplified="true" border="0.501961 1 0.501961" fill="0.501961 1 0.501961" mode="11"
 points="1.30831 6.50482,
	1.31511 6.48306,
	1.31783 6.47218,
	1.32735 6.45042,
	1.32871 6.44498,
	1.32871 6.44226,
	1.33143 6.43954,
	1.33279 6.42866,
	1.33687 6.42322,
	1.33823 6.41778,
	1.34095 6.41506,
	1.34231 6.40962,
	1.35591 6.38786,
	1.37359 6.36746,
	1.38991 6.34978,
	1.40759 6.32938,
	1.41167 6.32394,
	1.41847 6.31714,
	1.44839 6.2777,
	1.46607 6.25866,
	1.47015 6.25322,
	1.47967 6.24642,
	1.48511 6.24098,
	1.50415 6.22874,
	1.50823 6.22466,
	1.51095 6.22466,
	1.55447 6.1961,
	1.56535 6.19202,
	1.57079 6.19066,
	1.57351 6.18794,
	1.59527 6.18114,
	1.60615 6.17842,
	1.61159 6.17706,
	1.61431 6.17434,
	1.63607 6.17026,
	1.64694 6.16754,
	1.65238 6.16482,
	1.67414 6.16346,
	1.68502 6.16482,
	1.69046 6.16482,
	1.70134 6.1689,
	1.70678 6.17026,
	1.7095 6.17026,
	1.71222 6.17298,
	1.73262 6.1825,
	1.74214 6.18658,
	1.75302 6.19338,
	1.75574 6.19338,
	1.7775 6.21242,
	1.79654 6.22874,
	1.8183 6.24506,
	1.82374 6.24914,
	1.82918 6.2505,
	1.86998 6.27906,
	1.8795 6.28858,
	1.88222 6.29402,
	1.88494 6.29674,
	1.89174 6.3185,
	1.89174 6.32938,
	1.89174 6.33482,
	1.88494 6.35658,
	1.88358 6.36746,
	1.8795 6.37834,
	1.87814 6.38922,
	1.87406 6.4001,
	1.8727 6.41098,
	1.86998 6.41642,
	1.8659 6.43818,
	1.86454 6.44906,
	1.87134 6.47082,
	1.87542 6.4817,
	1.87542 6.50346,
	1.8727 6.52522,
	1.8727 6.5361,
	1.8795 6.55786,
	1.88358 6.5633,
	1.88358 6.56602,
	1.8863 6.56874,
	1.88902 6.57962,
	1.88766 6.60138,
	1.87814 6.6449,
	1.86726 6.66666,
	1.85774 6.67618,
	1.84686 6.68298,
	1.84142 6.68434,
	1.8387 6.68706,
	1.82782 6.69114,
	1.80606 6.69386,
	1.80062 6.69658,
	1.78974 6.69794,
	1.7843 6.70066,
	1.76254 6.70474,
	1.74078 6.71154,
	1.7299 6.71426,
	1.71902 6.72106,
	1.7163 6.72106,
	1.6959 6.7401,
	1.68774 6.74962,
	1.67686 6.75778,
	1.66598 6.76322,
	1.66054 6.76322,
	1.63879 6.77002,
	1.63335 6.77274,
	1.62791 6.77274,
	1.61703 6.77818,
	1.61159 6.77954,
	1.60887 6.78226,
	1.60343 6.78362,
	1.58167 6.80402,
	1.57487 6.81082,
	1.57215 6.81082,
	1.56943 6.81354,
	1.56671 6.81354,
	1.56127 6.81762,
	1.55855 6.81762,
	1.55583 6.82034,
	1.53407 6.82442,
	1.51231 6.82442,
	1.49055 6.8217,
	1.47967 6.81898,
	1.47695 6.81898,
	1.47423 6.81626,
	1.45247 6.80946,
	1.44703 6.80538,
	1.44431 6.80538,
	1.43887 6.8013,
	1.43343 6.79994,
	1.41167 6.78634,
	1.40759 6.78362,
	1.39807 6.7741,
	1.39263 6.77138,
	1.38447 6.76186,
	1.37359 6.75234,
	1.36815 6.74962,
	1.35863 6.7401,
	1.35183 6.72922,
	1.33823 6.6857,
	1.33551 6.67482,
	1.33279 6.66938,
	1.33007 6.64762,
	1.32599 6.63674,
	1.32599 6.62586,
	1.31919 6.58234,
	1.31647 6.57146,
	1.31647 6.56602,
	1.31239 6.55514,
	1.30831 6.53338,
	1.30831 6.51162,
	1.30831 6.50618,
	"/>
</Transform>

<Transform dim="0"
 xcoef=" 0 1 0 0 0 0"
 ycoef=" 0 0 1 0 0 0">
<Contour name="d01ax14_ddh" comment="ddh_traced_2018-05-26" hidden="false" closed="true" simplified="true" border="0.502 1 0.502" fill="0.502 1 0.502" mode="11"
 points="0.272321 0.120837,
	0.273196 0.113832,
	0.279326 0.0998218,
	0.288958 0.0858117,
	0.300341 0.0718016,
	0.309097 0.0577915,
	0.314351 0.0507865,
	0.32048 0.0367764,
	0.323107 0.0297714,
	0.323983 0.0157613,
	0.331864 -0.0122588,
	0.333615 -0.0157613,
	0.333615 -0.0192638,
	0.336242 -0.0227664,
	0.336242 -0.0262689,
	0.337993 -0.0280201,
	0.344122 -0.0560403,
	0.344122 -0.0595428,
	0.345874 -0.0630453,
	0.345874 -0.0647966,
	0.347625 -0.0665478,
	0.347625 -0.0682991,
	0.352879 -0.0753041,
	0.359884 -0.0796823,
	0.373894 -0.0796823,
	0.387904 -0.077931,
	0.401914 -0.077931,
	0.408919 -0.0770554,
	0.422929 -0.0718016,
	0.436939 -0.0647966,
	0.443944 -0.0612941,
	0.450949 -0.0560403,
	0.464959 -0.0490353,
	0.471964 -0.047284,
	0.475467 -0.047284,
	0.482472 -0.0446571,
	0.496482 -0.0429058,
	0.510492 -0.0394033,
	0.513995 -0.0394033,
	0.528005 -0.0341495,
	0.542015 -0.0253933,
	0.554273 -0.0113832,
	0.559527 -0.00437815,
	0.566532 0.00963192,
	0.568284 0.0131344,
	0.567408 0.0271445,
	0.565657 0.0341495,
	0.564781 0.0376521,
	0.562154 0.0411546,
	0.562154 0.0429058,
	0.559527 0.0464084,
	0.5569 0.0534134,
	0.554273 0.0569159,
	0.553398 0.0604184,
	0.550771 0.063921,
	0.549895 0.0674235,
	0.544642 0.0744285,
	0.542015 0.077931,
	0.541139 0.0814335,
	0.521875 0.109454,
	0.512243 0.123464,
	0.499109 0.137474,
	0.476342 0.165494,
	0.464084 0.178628,
	0.450074 0.190012,
	0.422053 0.209275,
	0.415048 0.211902,
	0.413297 0.211902,
	0.411546 0.213654,
	0.397536 0.21628,
	0.369516 0.215405,
	0.355506 0.210151,
	0.348501 0.2084,
	0.33449 0.198768,
	0.327485 0.19439,
	0.314351 0.18038,
	0.309097 0.173375,
	0.302968 0.168121,
	0.299465 0.167245,
	0.295963 0.164618,
	0.294212 0.164618,
	0.280201 0.15236,
	0.274948 0.145354,
	0.272321 0.131344,
	0.272321 0.124339,
	0.272321 0.121712,
	"/>
</Transform>

<Transform dim="0"
 xcoef=" 0 1 0 0 0 0"
 ycoef=" 0 0 1 0 0 0">
<Contour name="d01ax22B_ddh" comment="ddh_traced_2018-05-31" hidden="false" closed="true" simplified="true" border="0.502 1 0.502" fill="0.502 1 0.502" mode="11"
 points="2.76066 0.478898,
	2.76455 0.466459,
	2.76843 0.46024,
	2.77465 0.45713,
	2.78709 0.454798,
	2.81197 0.455575,
	2.82441 0.45713,
	2.83063 0.459462,
	2.84307 0.461794,
	2.85551 0.465682,
	2.85862 0.466459,
	2.86017 0.466459,
	2.86173 0.468014,
	2.86795 0.468791,
	2.87106 0.470346,
	2.87727 0.471124,
	2.88038 0.473456,
	2.90526 0.480453,
	2.93014 0.482008,
	2.95502 0.482008,
	2.96124 0.482008,
	2.96746 0.48434,
	2.97368 0.485117,
	2.9799 0.490559,
	2.98456 0.496779,
	2.99 0.509218,
	2.99078 0.512328,
	2.99233 0.513882,
	2.99233 0.53876,
	2.99 0.563638,
	2.98767 0.576077,
	2.98767 0.588516,
	2.99156 0.613394,
	2.99311 0.619613,
	2.99233 0.632052,
	2.98922 0.638271,
	2.98378 0.643713,
	2.97756 0.646046,
	2.97601 0.647601,
	2.96357 0.648378,
	2.95113 0.647601,
	2.93869 0.643713,
	2.93247 0.640604,
	2.92936 0.639049,
	2.92781 0.639049,
	2.92159 0.634384,
	2.91537 0.631275,
	2.91226 0.630497,
	2.9107 0.628942,
	2.89827 0.625055,
	2.87339 0.6235,
	2.86717 0.622723,
	2.86406 0.622723,
	2.86095 0.620391,
	2.85784 0.619613,
	2.85162 0.614171,
	2.84229 0.601732,
	2.83996 0.598622,
	2.83918 0.595513,
	2.83685 0.592403,
	2.83607 0.589293,
	2.83374 0.586184,
	2.83374 0.584629,
	2.82596 0.57219,
	2.82285 0.566748,
	2.8143 0.555086,
	2.80964 0.549644,
	2.80808 0.549644,
	2.80186 0.54498,
	2.79331 0.533318,
	2.78632 0.521657,
	2.78476 0.518547,
	2.77932 0.512328,
	2.77621 0.509218,
	2.77388 0.507663,
	2.76843 0.502221,
	2.76455 0.496779,
	2.76299 0.495224,
	2.76299 0.493669,
	2.76066 0.490559,
	2.76066 0.48434,
	2.76066 0.48123,
	2.76066 0.479675,
	"/>
</Transform>

</Section>