<?xml version="1.0"?>
<!DOCTYPE Section SYSTEM "section.dtd">

<Section index="195" thickness="0.048" alignLocked="true">
<Transform dim="6"
 xcoef=" 1.51778000161239 0.847353067278579 -0.0369154860779443 0 0 0"
 ycoef=" 0.10413602962378 -0.00669532937248998 0.948861978823106 0 0 0">
<Contour name="D06" hidden="true" closed="true" simplified="true" border="0 0 1" fill="0 0 1" mode="9"
 points="4.89754 3.56957,
	4.90202 3.53005,
	4.9153 3.492,
	4.93687 3.45685,
	4.96594 3.42589,
	5.00142 3.40029,
	5.042 3.38099,
	5.08615 3.36872,
	5.13224 3.36393,
	5.17854 3.36681,
	5.22333 3.37724,
	5.26495 3.39484,
	5.30183 3.41894,
	5.33262 3.44866,
	5.35615 3.48289,
	5.37156 3.52034,
	5.37827 3.55963,
	5.37603 3.59929,
	5.36492 3.63784,
	5.34535 3.67385,
	5.31807 3.70597,
	5.28407 3.73301,
	5.24464 3.75396,
	5.20123 3.76804,
	5.15547 3.77472,
	5.10906 3.77376,
	5.06373 3.7652,
	5.02117 3.74934,
	4.98296 3.72678,
	4.95053 3.69837,
	4.92509 3.66516,
	4.90758 3.62839,
	"/>
</Transform>

<Transform dim="6"
 xcoef=" 1.51778000161239 0.847353067278579 -0.0369154860779443 0 0 0"
 ycoef=" 0.10413602962378 -0.00669532937248998 0.948861978823106 0 0 0">
<Contour name="D14" hidden="true" closed="true" simplified="true" border="1 0 0.5" fill="1 0 0.5" mode="9"
 points="2.33012 -1.82635,
	2.34 -1.9101,
	2.36866 -1.98564,
	2.41331 -2.0456,
	2.46957 -2.08409,
	2.53193 -2.09735,
	2.59429 -2.08409,
	2.65055 -2.0456,
	2.6952 -1.98564,
	2.72386 -1.9101,
	2.73374 -1.82635,
	2.72386 -1.74261,
	2.6952 -1.66706,
	2.65055 -1.60711,
	2.59429 -1.56862,
	2.53193 -1.55535,
	2.46957 -1.56862,
	2.41331 -1.60711,
	2.36866 -1.66706,
	"/>
<Contour name="D13" hidden="true" closed="true" simplified="true" border="0.5 0 1" fill="0.5 0 1" mode="9"
 points="2.02438 0.30344,
	2.03248 0.22517,
	2.05636 0.15083,
	2.09483 0.08414,
	2.14596 0.02845,
	2.20718 -0.013455,
	2.27543 -0.039468,
	2.34728 -0.048287,
	2.41913 -0.039468,
	2.48737 -0.013455,
	2.5486 0.02845,
	2.59972 0.08414,
	2.63819 0.15083,
	2.66207 0.22517,
	2.67017 0.30344,
	2.66207 0.3817,
	2.63819 0.45604,
	2.59972 0.52273,
	2.5486 0.57842,
	2.48737 0.62033,
	2.41913 0.64634,
	2.34728 0.65516,
	2.27543 0.64634,
	2.20718 0.62033,
	2.14596 0.57842,
	2.09483 0.52273,
	2.05636 0.45604,
	"/>
</Transform>

<Transform dim="6"
 xcoef=" 1.51778000161239 0.847353067278579 -0.0369154860779443 0 0 0"
 ycoef=" 0.10413602962378 -0.00669532937248998 0.948861978823106 0 0 0">
<Contour name="D18" hidden="true" closed="true" simplified="true" border="1 0 1" fill="1 0 1" mode="9"
 points="6.56729 -1.98046,
	6.57803 -2.06204,
	6.60947 -2.13757,
	6.65928 -2.20144,
	6.72375 -2.24893,
	6.79811 -2.27651,
	6.87684 -2.28213,
	6.9541 -2.26537,
	7.02417 -2.22749,
	7.08185 -2.17128,
	7.12285 -2.10092,
	7.14414 -2.02163,
	7.14414 -1.93928,
	7.12285 -1.85999,
	7.08185 -1.78963,
	7.02417 -1.73343,
	6.9541 -1.69554,
	6.87684 -1.67879,
	6.79811 -1.68441,
	6.72375 -1.71198,
	6.65928 -1.75947,
	6.60947 -1.82335,
	6.57803 -1.89888,
	"/>
</Transform>

<Transform dim="6"
 xcoef=" 1.6777800016124 0.847353067278579 -0.0369154860779443 0 0 0"
 ycoef=" 1.4541360296238 -0.00669532937248998 0.948861978823106 0 0 0">
<Contour name="D17" hidden="true" closed="true" simplified="true" border="0 0 1" fill="0 0 1" mode="-13"
 points="5.33474 -1.48592,
	5.34525 -1.56732,
	5.37589 -1.64181,
	5.42407 -1.70309,
	5.4857 -1.74595,
	5.55555 -1.76676,
	5.62771 -1.76375,
	5.69604 -1.73719,
	5.75476 -1.68932,
	5.79888 -1.6242,
	5.82468 -1.54735,
	5.82995 -1.4653,
	5.81425 -1.38499,
	5.77891 -1.31325,
	5.72693 -1.25614,
	5.66273 -1.21853,
	5.59173 -1.20358,
	5.51996 -1.21258,
	5.45351 -1.24476,
	5.39802 -1.29739,
	5.35818 -1.366,
	"/>
</Transform>

<Transform dim="6"
 xcoef=" 1.51778000161239 0.847353067278579 -0.0369154860779443 0 0 0"
 ycoef=" 0.10413602962378 -0.00669532937248998 0.948861978823106 0 0 0">
<Contour name="d14" hidden="true" closed="true" simplified="true" border="1 0 1" fill="1 0 1" mode="-11"
 points="4.31323 -0.695266,
	4.3776 -0.812983,
	4.39232 -0.842413,
	4.40151 -0.857127,
	4.40703 -0.864485,
	4.42543 -0.835055,
	4.4291 -0.827698,
	4.47877 -0.76884,
	4.49164 -0.754125,
	4.49716 -0.746768,
	4.499 -0.743089,
	4.49532 -0.728374,
	4.49348 -0.721017,
	4.48245 -0.706302,
	4.46773 -0.697106,
	4.40887 -0.689748,
	4.39416 -0.687909,
	4.36473 -0.660319,
	4.35001 -0.649283,
	4.3353 -0.647444,
	4.32058 -0.649283,
	4.31507 -0.678712,
	4.31323 -0.693427,
	"/>
<Contour name="d14" hidden="true" closed="true" simplified="true" border="1 0 1" fill="1 0 1" mode="-11"
 points="4.66638 -1.89083,
	4.705 -1.94969,
	4.71052 -1.95521,
	4.73995 -1.95889,
	4.74731 -1.95521,
	4.77674 -1.9313,
	4.79881 -1.90187,
	4.80433 -1.89451,
	4.79697 -1.77679,
	4.78777 -1.71793,
	4.7749 -1.65907,
	4.76938 -1.62965,
	4.79145 -1.39421,
	4.79329 -1.36478,
	4.79513 -1.35007,
	4.83744 -1.23235,
	4.85767 -1.17349,
	4.8687 -1.14406,
	4.87422 -1.12935,
	4.87606 -1.12199,
	4.90549 -1.0944,
	4.92021 -1.08153,
	4.99562 -0.963808,
	5.00481 -0.949094,
	5.01033 -0.941736,
	5.01953 -0.912307,
	5.02505 -0.897593,
	5.01217 -0.888396,
	5.00481 -0.886557,
	5.00114 -0.884717,
	4.97171 -0.895753,
	4.93676 -0.954612,
	4.91837 -0.984041,
	4.90917 -0.998756,
	4.85031 -1.04474,
	4.82088 -1.06865,
	4.80617 -1.07969,
	4.77122 -1.13854,
	4.76202 -1.15326,
	4.74547 -1.21212,
	4.73259 -1.27098,
	4.72708 -1.30041,
	4.73259 -1.41812,
	4.73443 -1.47698,
	4.72156 -1.5947,
	4.71972 -1.62413,
	4.6719 -1.85956,
	4.66638 -1.88899,
	"/>
</Transform>

<Transform dim="6"
 xcoef=" 1.51778000161239 0.847353067278579 -0.0369154860779443 0 0 0"
 ycoef=" 0.10413602962378 -0.00669532937248998 0.948861978823106 0 0 0">
<Contour name="d14" hidden="true" closed="true" simplified="true" border="1 0 1" fill="1 0 1" mode="-11"
 points="1.45118 -3.01954,
	1.4602 -3.13492,
	1.462 -3.16376,
	1.462 -3.16737,
	1.47642 -3.17097,
	1.50526 -3.17277,
	1.51248 -3.17097,
	1.52509 -3.15655,
	1.53231 -3.14934,
	1.56475 -3.09165,
	1.58639 -3.03396,
	1.62244 -2.91859,
	1.63867 -2.80322,
	1.64407 -2.77437,
	1.64948 -2.71669,
	1.65128 -2.70227,
	1.63867 -2.67342,
	1.62965 -2.6608,
	1.60081 -2.64638,
	1.5936 -2.64278,
	1.53952 -2.69866,
	1.52329 -2.7275,
	1.49625 -2.78519,
	1.48724 -2.81403,
	1.4656 -2.92941,
	1.45479 -2.98709,
	1.45118 -3.01594,
	1.45118 -3.01774,
	"/>
</Transform>

<Transform dim="6"
 xcoef=" 1.51778000161239 0.847353067278579 -0.0369154860779443 0 0 0"
 ycoef=" 0.10413602962378 -0.00669532937248998 0.948861978823106 0 0 0">
<Contour name="d14" hidden="true" closed="true" simplified="true" border="1 0 1" fill="1 0 1" mode="11"
 points="2.0194 -1.94364,
	2.06225 -2.28637,
	2.0676 -2.32921,
	2.07028 -2.35063,
	2.07296 -2.36134,
	2.07296 -2.36402,
	2.08634 -2.43899,
	2.09705 -2.46041,
	2.10776 -2.47112,
	2.12115 -2.49254,
	2.12918 -2.50325,
	2.13186 -2.51396,
	2.13454 -2.51664,
	2.13989 -2.52467,
	2.22558 -2.56483,
	2.247 -2.57554,
	2.25771 -2.5809,
	2.42907 -2.57287,
	2.47191 -2.57019,
	2.49333 -2.56483,
	2.57901 -2.51664,
	2.75038 -2.47915,
	2.76109 -2.47647,
	2.88693 -2.30779,
	2.903 -2.28637,
	2.98868 -2.2114,
	3.07436 -2.16856,
	3.1172 -2.14981,
	3.13862 -2.14446,
	3.14933 -2.14178,
	3.16272 -2.10162,
	3.16272 -2.05878,
	3.16807 -2.01594,
	3.20824 -1.97845,
	3.25108 -1.949,
	3.33676 -1.91687,
	3.35818 -1.90883,
	3.37692 -1.89545,
	3.41708 -1.80976,
	3.42512 -1.78834,
	3.43315 -1.70266,
	3.43047 -1.68124,
	3.40102 -1.59556,
	3.37157 -1.55272,
	3.28588 -1.49381,
	3.26446 -1.48578,
	3.22162 -1.47775,
	3.2002 -1.47507,
	3.18949 -1.47239,
	3.15736 -1.43223,
	3.07436 -1.35726,
	3.05294 -1.34923,
	2.88158 -1.34923,
	2.86015 -1.34655,
	2.81731 -1.33316,
	2.79589 -1.32513,
	2.77447 -1.32245,
	2.73163 -1.33048,
	2.64595 -1.38939,
	2.60311 -1.42152,
	2.51743 -1.4242,
	2.47459 -1.42955,
	2.43175 -1.44026,
	2.41033 -1.44294,
	2.32464 -1.46972,
	2.30322 -1.47507,
	2.29251 -1.47775,
	2.24967 -1.46704,
	2.20683 -1.47775,
	2.18541 -1.4831,
	2.05421 -1.82315,
	2.02208 -1.90883,
	2.0194 -1.93025,
	2.0194 -1.94096,
	"/>
</Transform>

<Transform dim="6"
 xcoef=" 1.51778000161239 0.847353067278579 -0.0369154860779443 0 0 0"
 ycoef=" 0.10413602962378 -0.00669532937248998 0.948861978823106 0 0 0">
<Contour name="d14" hidden="true" closed="true" simplified="true" border="1 0 1" fill="1 0 1" mode="-11"
 points="3.8306 -2.26712,
	3.85487 -2.31565,
	3.91098 -2.41119,
	3.91856 -2.4218,
	3.94282 -2.41877,
	3.95495 -2.41574,
	3.96102 -2.41422,
	3.96709 -2.38996,
	3.97164 -2.37783,
	3.9868 -2.35356,
	3.98832 -2.35053,
	3.97315 -2.302,
	3.96557 -2.27774,
	3.94434 -2.22921,
	3.93827 -2.21708,
	3.93221 -2.21101,
	3.92917 -2.20798,
	3.92766 -2.20191,
	3.92614 -2.19888,
	3.92008 -2.19737,
	3.91401 -2.19282,
	3.88975 -2.19888,
	3.88368 -2.19888,
	3.87761 -2.20191,
	3.8761 -2.20798,
	3.85335 -2.23224,
	3.84728 -2.23831,
	3.83364 -2.26257,
	3.83212 -2.26561,
	"/>
</Transform>

<Transform dim="6"
 xcoef=" 1.51778000161239 0.847353067278579 -0.0369154860779443 0 0 0"
 ycoef=" 0.10413602962378 -0.00669532937248998 0.948861978823106 0 0 0">
<Contour name="d14" hidden="true" closed="true" simplified="true" border="1 0 1" fill="1 0 1" mode="-11"
 points="3.73819 -1.80123,
	3.79933 -1.87949,
	3.80178 -1.88193,
	3.84091 -1.87093,
	3.86047 -1.86481,
	3.87025 -1.86237,
	3.88004 -1.85748,
	3.91917 -1.8318,
	3.92406 -1.82813,
	3.93629 -1.74987,
	3.93873 -1.7303,
	3.93873 -1.71074,
	3.93384 -1.67161,
	3.93262 -1.66182,
	3.89838 -1.62269,
	3.88004 -1.60435,
	3.86047 -1.59335,
	3.85069 -1.58723,
	3.8458 -1.58479,
	3.80667 -1.5909,
	3.79688 -1.59335,
	3.79199 -1.59457,
	3.77121 -1.6337,
	3.76142 -1.65327,
	3.75775 -1.66305,
	3.75531 -1.70218,
	3.75409 -1.72174,
	3.73819 -1.8,
	"/>
</Transform>

<Transform dim="6"
 xcoef=" 1.51778000161239 0.847353067278579 -0.0369154860779443 0 0 0"
 ycoef=" 0.10413602962378 -0.00669532937248998 0.948861978823106 0 0 0">
<Contour name="d14p35" hidden="true" closed="true" simplified="false" border="1 1 0" fill="1 1 0" mode="-13"
 points="2.26849 -1.56007,
	2.26849 -1.61024,
	2.21832 -1.61024,
	2.21832 -1.56634,
	2.21205 -1.56007,
	2.21205 -1.61651,
	2.27476 -1.61651,
	2.27476 -1.5538,
	2.21205 -1.5538,
	2.21832 -1.56007,
	"/>
</Transform>

<Transform dim="6"
 xcoef=" 1.51778000161239 0.847353067278579 -0.0369154860779443 0 0 0"
 ycoef=" 0.10413602962378 -0.00669532937248998 0.948861978823106 0 0 0">
<Contour name="d14" hidden="true" closed="true" simplified="true" border="1 0 1" fill="1 0 1" mode="-11"
 points="3.91778 -0.226806,
	3.9512 -0.303204,
	3.96792 -0.341403,
	4.04193 -0.415414,
	4.06103 -0.398702,
	4.07058 -0.389152,
	4.07774 -0.350953,
	4.08251 -0.331853,
	4.11832 -0.300817,
	4.13742 -0.284105,
	4.13742 -0.245906,
	4.13742 -0.226806,
	4.13742 -0.217257,
	4.11116 -0.179058,
	4.0467 -0.10266,
	4.04193 -0.0978848,
	4.00373 -0.0931099,
	3.99418 -0.0954974,
	3.95598 -0.124147,
	3.93688 -0.140859,
	3.92733 -0.148021,
	3.92256 -0.16712,
	3.92017 -0.205319,
	3.91778 -0.224419,
	"/>
</Transform>

<Transform dim="6"
 xcoef=" 1.51778000161239 0.847353067278579 -0.0369154860779443 0 0 0"
 ycoef=" 0.10413602962378 -0.00669532937248998 0.948861978823106 0 0 0">
<Contour name="d14c27a" hidden="true" closed="true" simplified="true" border="1 0 1" fill="1 0 1" mode="-11"
 points="4.77798 -1.47818,
	4.79405 -1.48019,
	4.79807 -1.48019,
	4.88644 -1.22312,
	4.90853 -1.15885,
	4.92259 -1.12671,
	4.92861 -1.11065,
	4.89648 -1.09257,
	4.87439 -1.1227,
	4.83623 -1.18696,
	4.80209 -1.3155,
	4.79204 -1.34764,
	4.782 -1.41191,
	4.77798 -1.47617,
	"/>
</Transform>

<Transform dim="6"
 xcoef=" 1.51778000161239 0.847353067278579 -0.0369154860779443 0 0 0"
 ycoef=" 0.10413602962378 -0.00669532937248998 0.948861978823106 0 0 0">
<Contour name="d14cfa27a" hidden="true" closed="false" simplified="false" border="1 0 1" fill="1 0 1" mode="-11"
 points="4.78504 -1.47538,
	4.84762 -1.22506,
	4.90894 -1.10115,
	"/>
</Transform>

<Transform dim="6"
 xcoef=" 1.51778000161239 0.847353067278579 -0.0369154860779443 0 0 0"
 ycoef=" 0.10413602962378 -0.00669532937248998 0.948861978823106 0 0 0">
<Contour name="d01" hidden="false" closed="true" simplified="true" border="1 1 0" fill="1 0.5 0" mode="11"
 points="5.14121 0.364722,
	5.14901 0.349118,
	5.14901 0.286706,
	5.15096 0.271103,
	5.15876 0.2555,
	5.16071 0.247699,
	5.16461 0.245748,
	5.16851 0.230145,
	5.17241 0.226244,
	5.18022 0.195038,
	5.18217 0.179435,
	5.18802 0.163832,
	5.18412 0.132626,
	5.18412 0.124824,
	5.18802 0.117023,
	5.18022 0.0858168,
	5.18217 0.0702138,
	5.18022 0.0624122,
	5.18607 0.0468092,
	5.17437 -0.0156031,
	5.16461 -0.0312061,
	5.16266 -0.0390077,
	5.15486 -0.0468092,
	5.15291 -0.0546107,
	5.15681 -0.0702138,
	5.16071 -0.0741145,
	5.17241 -0.105321,
	5.17632 -0.120924,
	5.17632 -0.136527,
	5.18607 -0.167733,
	5.18802 -0.175534,
	5.19777 -0.191137,
	5.20167 -0.196989,
	5.20947 -0.20479,
	5.24458 -0.267202,
	5.25628 -0.298409,
	5.26018 -0.314012,
	5.27969 -0.345218,
	5.28944 -0.35887,
	5.30504 -0.366672,
	5.30894 -0.370573,
	5.32454 -0.374473,
	5.35575 -0.372523,
	5.38696 -0.366672,
	5.40256 -0.35887,
	5.43377 -0.35887,
	5.46497 -0.349118,
	5.49618 -0.345218,
	5.51178 -0.341317,
	5.52738 -0.333515,
	5.53909 -0.317912,
	5.55079 -0.30621,
	5.56249 -0.290607,
	5.56639 -0.259401,
	5.57029 -0.2555,
	5.58004 -0.224294,
	5.5859 -0.193088,
	5.59175 -0.177485,
	5.6171 -0.150179,
	5.63075 -0.140428,
	5.64636 -0.136527,
	5.65416 -0.132626,
	5.65806 -0.132626,
	5.67366 -0.118973,
	5.67951 -0.10337,
	5.68146 -0.0877672,
	5.67951 -0.0721642,
	5.67366 -0.0565611,
	5.66976 -0.025355,
	5.67561 0.00585115,
	5.68732 0.0214542,
	5.68732 0.025355,
	5.69707 0.040958,
	5.70292 0.0487596,
	5.71072 0.111172,
	5.71072 0.126775,
	5.72437 0.157981,
	5.72242 0.189187,
	5.72632 0.20479,
	5.72242 0.235996,
	5.72047 0.251599,
	5.71462 0.267202,
	5.71072 0.271103,
	5.71072 0.275004,
	5.66781 0.335466,
	5.65806 0.351069,
	5.65416 0.35887,
	5.65416 0.362771,
	5.65026 0.366672,
	5.64246 0.429084,
	5.64246 0.46029,
	5.64051 0.475893,
	5.63075 0.507099,
	5.62295 0.522703,
	5.61125 0.538306,
	5.60735 0.546107,
	5.59175 0.55976,
	5.58004 0.573412,
	5.57224 0.579264,
	5.56834 0.579264,
	5.56444 0.583164,
	5.54884 0.585115,
	5.53324 0.583164,
	5.51763 0.577313,
	5.48643 0.581214,
	5.47862 0.581214,
	5.46302 0.573412,
	5.44742 0.569512,
	5.43962 0.565611,
	5.42401 0.565611,
	5.41621 0.565611,
	5.40061 0.573412,
	5.37135 0.596817,
	5.36745 0.596817,
	5.3655 0.600718,
	5.3499 0.606569,
	5.3343 0.606569,
	5.3265 0.604619,
	5.31089 0.590966,
	5.30309 0.575363,
	5.29334 0.544157,
	5.29334 0.536355,
	5.28554 0.528554,
	5.27774 0.526603,
	5.27383 0.522703,
	5.26993 0.522703,
	5.25433 0.512951,
	5.24653 0.50905,
	5.18412 0.499298,
	5.17632 0.495397,
	5.16851 0.487596,
	5.16071 0.471993,
	5.15291 0.40958,
	5.15291 0.401779,
	5.14316 0.386176,
	5.14121 0.370573,
	5.14121 0.366672,
	"/>
</Transform>

<Transform dim="6"
 xcoef=" 1.51778000161239 0.847353067278579 -0.0369154860779443 0 0 0"
 ycoef=" 0.10413602962378 -0.00669532937248998 0.948861978823106 0 0 0">
<Contour name="d03" hidden="false" closed="true" simplified="true" border="1 1 0.501961" fill="1 1 0.501961" mode="11"
 points="7.53933 0.0403173,
	7.55193 0,
	7.55949 -0.0403173,
	7.56201 -0.0806346,
	7.56453 -0.100793,
	7.57713 -0.14111,
	7.57209 -0.161269,
	7.57209 -0.201586,
	7.57209 -0.221745,
	7.56705 -0.231824,
	7.56957 -0.272142,
	7.56453 -0.2923,
	7.56957 -0.332618,
	7.56705 -0.372935,
	7.56957 -0.413252,
	7.58217 -0.453569,
	7.58973 -0.493887,
	7.58973 -0.534204,
	7.60485 -0.574521,
	7.60737 -0.59468,
	7.61997 -0.634997,
	7.64012 -0.675314,
	7.65272 -0.695473,
	7.65776 -0.705552,
	7.69808 -0.73831,
	7.7384 -0.760989,
	7.75604 -0.781147,
	7.75604 -0.786187,
	7.7636 -0.796266,
	7.76612 -0.806346,
	7.77872 -0.826504,
	7.80139 -0.907139,
	7.80139 -0.927297,
	7.79383 -0.947456,
	7.76864 -0.987773,
	7.75856 -1.02809,
	7.75856 -1.10873,
	7.76612 -1.14904,
	7.7636 -1.18936,
	7.7258 -1.22968,
	7.7132 -1.24984,
	7.70816 -1.25488,
	7.70312 -1.27503,
	7.7006 -1.31535,
	7.7006 -1.33551,
	7.7006 -1.34559,
	7.7006 -1.35063,
	7.74092 -1.38591,
	7.76108 -1.39851,
	7.78124 -1.41614,
	7.82155 -1.44134,
	7.85935 -1.48166,
	7.86943 -1.50182,
	7.90471 -1.54214,
	7.90975 -1.54214,
	7.92739 -1.52198,
	7.93998 -1.44134,
	7.94502 -1.40103,
	7.95006 -1.39095,
	7.95006 -1.37079,
	7.9677 -1.29015,
	7.96518 -1.28007,
	7.98534 -1.23976,
	7.99794 -1.2196,
	8.01054 -1.17928,
	8.0181 -1.13896,
	8.0181 -1.09865,
	8.01558 -1.07849,
	7.97778 -1.03817,
	7.95762 -1.02557,
	7.93746 -1.02053,
	7.93242 -1.02053,
	7.92487 -1.00037,
	7.91479 -0.919738,
	7.90975 -0.899579,
	7.91479 -0.818945,
	7.90219 -0.73831,
	7.89715 -0.718152,
	7.89967 -0.697993,
	7.89715 -0.677834,
	7.89967 -0.657676,
	7.93998 -0.645076,
	7.9803 -0.622398,
	7.99038 -0.582081,
	7.99794 -0.561922,
	8.01054 -0.541763,
	8.02566 -0.501446,
	8.02818 -0.481288,
	8.02314 -0.44097,
	8.05086 -0.360336,
	8.05338 -0.340177,
	8.05086 -0.320018,
	8.04834 -0.309939,
	8.0559 -0.28978,
	8.07102 -0.269622,
	8.07606 -0.259542,
	8.07606 -0.239384,
	8.07102 -0.219225,
	8.03322 -0.178908,
	8.01306 -0.161269,
	7.99794 -0.14111,
	7.97526 -0.0604759,
	7.9551 -0.0201586,
	7.94502 0,
	7.86439 0.0806346,
	7.84171 0.120952,
	7.80643 0.161269,
	7.79383 0.181428,
	7.79131 0.191507,
	7.77368 0.211666,
	7.75352 0.224265,
	7.7132 0.231824,
	7.67288 0.249463,
	7.6628 0.254503,
	7.64264 0.29482,
	7.63005 0.335137,
	7.61745 0.355296,
	7.59729 0.372935,
	7.58721 0.372935,
	7.56705 0.355296,
	7.55949 0.345217,
	7.55949 0.325058,
	7.56201 0.314979,
	7.55697 0.29482,
	7.56201 0.214186,
	7.56201 0.194027,
	7.54437 0.15371,
	7.53933 0.133551,
	7.54437 0.0932337,
	7.53933 0.0730751,
	7.53933 0.0529164,
	7.53933 0.0428371,
	"/>
</Transform>

<Transform dim="6"
 xcoef=" 1.51778000161239 0.847353067278579 -0.0369154860779443 0 0 0"
 ycoef=" 0.10413602962378 -0.00669532937248998 0.948861978823106 0 0 0">
<Contour name="d05" hidden="false" closed="true" simplified="true" border="1 1 0" fill="1 1 0" mode="11"
 points="6.38774 3.3519,
	6.39176 3.34385,
	6.39176 3.33982,
	6.40183 3.32372,
	6.41189 3.31164,
	6.43807 3.28547,
	6.46424 3.25527,
	6.48437 3.22306,
	6.50047 3.19085,
	6.51255 3.17676,
	6.5206 3.17072,
	6.53671 3.17072,
	6.55282 3.18078,
	6.55885 3.18884,
	6.56489 3.20494,
	6.57093 3.21299,
	6.58503 3.27741,
	6.58301 3.34184,
	6.58503 3.37405,
	6.58704 3.39015,
	6.59308 3.40626,
	6.59106 3.43847,
	6.58301 3.45256,
	6.57093 3.46866,
	6.56288 3.4747,
	6.54678 3.48074,
	6.51457 3.48074,
	6.49846 3.47672,
	6.49041 3.47672,
	6.4743 3.46665,
	6.46222 3.45256,
	6.44612 3.43847,
	6.43807 3.43444,
	6.41189 3.40424,
	6.39176 3.37203,
	6.38774 3.36801,
	6.38774 3.35391,
	"/>
<Contour name="d05" hidden="false" closed="true" simplified="true" border="1 1 0" fill="1 1 0" mode="11"
 points="6.56087 2.81238,
	6.56691 2.80634,
	6.57496 2.80432,
	6.58301 2.79828,
	6.59106 2.79627,
	6.59912 2.79023,
	6.60717 2.79023,
	6.62126 2.79828,
	6.65146 2.82848,
	6.6575 2.83653,
	6.66153 2.84056,
	6.67763 2.84459,
	6.70984 2.84257,
	6.71789 2.83855,
	6.78231 2.83653,
	6.81453 2.82848,
	6.84674 2.81238,
	6.87492 2.79023,
	6.88297 2.78419,
	6.887 2.78017,
	6.89102 2.78017,
	6.89505 2.77614,
	6.92726 2.78017,
	6.95947 2.78017,
	6.99168 2.77614,
	7.02389 2.77815,
	7.04 2.7862,
	7.0561 2.79023,
	7.07221 2.78822,
	7.08026 2.78822,
	7.08429 2.78419,
	7.10039 2.78419,
	7.1165 2.79426,
	7.13059 2.82647,
	7.12858 2.85868,
	7.13059 2.87478,
	7.14468 2.90699,
	7.15475 2.9392,
	7.1628 2.95531,
	7.16683 2.97141,
	7.16683 2.98752,
	7.17689 3.00363,
	7.20709 3.03382,
	7.21917 3.0459,
	7.2232 3.04993,
	7.23729 3.08013,
	7.24735 3.09623,
	7.27554 3.12441,
	7.29164 3.13851,
	7.30372 3.1526,
	7.30573 3.1687,
	7.2997 3.20091,
	7.28762 3.23312,
	7.28963 3.29755,
	7.28963 3.31365,
	7.29768 3.34586,
	7.29164 3.41028,
	7.28963 3.42639,
	7.27956 3.44249,
	7.26547 3.45658,
	7.26346 3.46061,
	7.25541 3.46262,
	7.2393 3.47269,
	7.23326 3.47873,
	7.23125 3.48678,
	7.22722 3.4888,
	7.22521 3.49685,
	7.21917 3.5049,
	7.21716 3.51295,
	7.20508 3.52705,
	7.19702 3.53308,
	7.18092 3.53107,
	7.17287 3.53107,
	7.16481 3.5351,
	7.15676 3.54315,
	7.14871 3.55926,
	7.13864 3.56932,
	7.07422 3.56731,
	7.05812 3.56731,
	7.02591 3.57737,
	7.0098 3.58543,
	6.9937 3.58341,
	6.98564 3.5814,
	6.95545 3.56328,
	6.95142 3.56328,
	6.94337 3.55724,
	6.92726 3.55523,
	6.91921 3.5512,
	6.887 3.55523,
	6.87895 3.55322,
	6.86888 3.53711,
	6.85881 3.5049,
	6.85479 3.50087,
	6.84271 3.46866,
	6.83868 3.45256,
	6.83466 3.44451,
	6.83466 3.44048,
	6.82862 3.43243,
	6.81654 3.40022,
	6.80849 3.38411,
	6.80446 3.36801,
	6.80245 3.35995,
	6.79641 3.3519,
	6.7803 3.34184,
	6.76822 3.32976,
	6.75614 3.31365,
	6.74004 3.28345,
	6.72796 3.26735,
	6.71185 3.23514,
	6.69776 3.22105,
	6.68971 3.21501,
	6.68568 3.20695,
	6.67159 3.19085,
	6.66756 3.1828,
	6.66354 3.17877,
	6.66354 3.17474,
	6.6575 3.16669,
	6.65146 3.13448,
	6.65347 3.10227,
	6.65347 3.09422,
	6.6575 3.08616,
	6.6575 3.05395,
	6.65347 3.02174,
	6.65347 2.98953,
	6.64139 2.95732,
	6.62126 2.92713,
	6.61522 2.91102,
	6.59308 2.88082,
	6.57496 2.84861,
	6.56087 2.8164,
	6.56087 2.81439,
	"/>
<Contour name="d05" hidden="false" closed="true" simplified="true" border="1 1 0" fill="1 1 0" mode="11"
 points="7.10241 2.37955,
	7.10442 2.36344,
	7.11046 2.34734,
	7.11247 2.33928,
	7.1165 2.33526,
	7.12052 2.31915,
	7.12052 2.31513,
	7.12455 2.3111,
	7.12455 2.30305,
	7.12455 2.29902,
	7.14066 2.29298,
	7.14871 2.28896,
	7.15676 2.29097,
	7.18495 2.31714,
	7.2232 2.38156,
	7.24131 2.41377,
	7.24534 2.42988,
	7.24937 2.4339,
	7.27352 2.49832,
	7.2856 2.53053,
	7.28963 2.56274,
	7.28762 2.59496,
	7.2856 2.60301,
	7.27352 2.61911,
	7.26547 2.62113,
	7.23326 2.61509,
	7.21716 2.61509,
	7.18495 2.59294,
	7.15676 2.56476,
	7.14871 2.55671,
	7.1467 2.5406,
	7.14871 2.53255,
	7.15072 2.53053,
	7.14267 2.51443,
	7.14267 2.5104,
	7.13864 2.50638,
	7.12858 2.47417,
	7.12254 2.45806,
	7.12052 2.44196,
	7.10442 2.40974,
	7.10241 2.39364,
	7.10241 2.38559,
	7.10241 2.38156,
	"/>
</Transform>

<Transform dim="6"
 xcoef=" 1.51778000161239 0.847353067278579 -0.0369154860779443 0 0 0"
 ycoef=" 0.10413602962378 -0.00669532937248998 0.948861978823106 0 0 0">
<Contour name="d02" hidden="true" closed="true" simplified="true" border="0.5 0 1" fill="0.5 0 1" mode="-11"
 points="7.1895 1.28756,
	7.21084 1.24963,
	7.21795 1.23066,
	7.22032 1.22117,
	7.22744 1.21406,
	7.23218 1.19509,
	7.23218 1.19035,
	7.23692 1.1856,
	7.24403 1.14766,
	7.24641 1.12869,
	7.24878 1.11921,
	7.25589 1.10972,
	7.263 1.09075,
	7.26538 1.07179,
	7.26775 1.0623,
	7.28434 1.0457,
	7.30331 1.03622,
	7.30806 1.03147,
	7.34363 1.01488,
	7.38156 1.00302,
	7.39105 0.998278,
	7.39579 0.998278,
	7.40053 0.993535,
	7.41002 0.991164,
	7.41476 0.991164,
	7.4195 0.986422,
	7.45744 0.979308,
	7.47641 0.972194,
	7.48116 0.972194,
	7.4859 0.967452,
	7.50487 0.967452,
	7.51435 0.969823,
	7.52384 0.976937,
	7.53332 0.976937,
	7.55229 0.984051,
	7.56178 0.986422,
	7.576 1.00065,
	7.57837 1.01013,
	7.57126 1.0291,
	7.55229 1.04333,
	7.53332 1.05044,
	7.51909 1.08838,
	7.50012 1.10261,
	7.46456 1.12395,
	7.43847 1.15952,
	7.4195 1.17375,
	7.41002 1.17849,
	7.37445 1.21406,
	7.33888 1.24488,
	7.3128 1.27808,
	7.30806 1.28282,
	7.30806 1.28756,
	7.2962 1.30416,
	7.2796 1.32076,
	7.26775 1.33736,
	7.23218 1.36581,
	7.21321 1.36819,
	7.20372 1.36344,
	7.20135 1.3255,
	7.19424 1.30653,
	7.19424 1.30179,
	7.1895 1.29705,
	7.1895 1.28994,
	"/>
</Transform>

<Transform dim="6"
 xcoef=" 1.51778000161239 0.847353067278579 -0.0369154860779443 0 0 0"
 ycoef=" 0.10413602962378 -0.00669532937248998 0.948861978823106 0 0 0">
<Contour name="d02" hidden="true" closed="true" simplified="true" border="0.5 0 1" fill="0.5 0 1" mode="-11"
 points="5.99827 2.75982,
	6.0078 2.74077,
	6.02208 2.72411,
	6.04113 2.7122,
	6.06018 2.70982,
	6.06971 2.70506,
	6.10781 2.70506,
	6.14591 2.71696,
	6.16258 2.72887,
	6.17924 2.74792,
	6.20067 2.78364,
	6.20544 2.79316,
	6.2102 2.79792,
	6.2102 2.80269,
	6.21972 2.81221,
	6.22925 2.82888,
	6.23401 2.8384,
	6.23877 2.84079,
	6.24116 2.85031,
	6.25306 2.86698,
	6.2864 2.90032,
	6.31021 2.93841,
	6.3245 2.95746,
	6.32926 2.96699,
	6.33402 2.97175,
	6.34117 2.9908,
	6.36974 3.02652,
	6.40546 3.04795,
	6.41498 3.05509,
	6.45308 3.06938,
	6.46975 3.08129,
	6.48404 3.09796,
	6.49118 3.11701,
	6.48642 3.12653,
	6.48642 3.13606,
	6.46499 3.17415,
	6.46261 3.21225,
	6.46261 3.22178,
	6.45308 3.24083,
	6.42213 3.27178,
	6.38403 3.2956,
	6.37212 3.31465,
	6.36736 3.3337,
	6.36498 3.34322,
	6.35069 3.36227,
	6.34117 3.36941,
	6.33164 3.3718,
	6.32212 3.36941,
	6.31974 3.36465,
	6.30069 3.36703,
	6.29592 3.36703,
	6.29354 3.3718,
	6.28878 3.3718,
	6.26021 3.40513,
	6.25068 3.40751,
	6.24116 3.40513,
	6.23163 3.39561,
	6.22211 3.37656,
	6.21972 3.35751,
	6.21972 3.34798,
	6.2102 3.32893,
	6.14591 3.2575,
	6.12686 3.24321,
	6.08876 3.22178,
	6.05066 3.19559,
	6.03161 3.1813,
	6.0197 3.16225,
	6.01494 3.15749,
	6.01494 3.15272,
	6.01018 3.14796,
	6.00542 3.10986,
	6.00303 3.09081,
	6.0078 3.05271,
	6.00065 2.97651,
	6.00303 2.90032,
	6.01018 2.86222,
	6.01494 2.85745,
	6.01018 2.81935,
	5.99827 2.78126,
	5.99827 2.76221,
	"/>
<Contour name="d02" hidden="true" closed="true" simplified="true" border="0.5 0 1" fill="0.5 0 1" mode="-11"
 points="5.5387 1.86449,
	5.55537 1.84544,
	5.56727 1.82639,
	5.58394 1.80734,
	5.60061 1.79543,
	5.61966 1.78829,
	5.62918 1.78829,
	5.64823 1.79781,
	5.67919 1.82877,
	5.71491 1.86211,
	5.73158 1.87163,
	5.73634 1.87163,
	5.7411 1.87639,
	5.7792 1.8883,
	5.8173 1.89068,
	5.82682 1.89068,
	5.86492 1.90259,
	5.88397 1.90021,
	5.8935 1.89783,
	5.90779 1.88116,
	5.91731 1.87163,
	5.92207 1.79543,
	5.91969 1.71923,
	5.91255 1.70019,
	5.91017 1.69066,
	5.89826 1.67161,
	5.8935 1.66685,
	5.88874 1.6478,
	5.89112 1.6097,
	5.8935 1.59065,
	5.9054 1.55255,
	5.91017 1.5335,
	5.91493 1.52874,
	5.92207 1.50969,
	5.92684 1.50493,
	5.93398 1.48588,
	5.94589 1.46683,
	5.95541 1.42873,
	5.95541 1.39063,
	5.96255 1.37158,
	5.96017 1.33348,
	5.94589 1.29538,
	5.9435 1.25728,
	5.94827 1.21918,
	5.94827 1.20013,
	5.95065 1.19061,
	5.94827 1.18108,
	5.94827 1.17632,
	5.9316 1.16203,
	5.8935 1.14536,
	5.88397 1.1406,
	5.87445 1.13108,
	5.85778 1.09298,
	5.86016 1.05488,
	5.86254 1.04535,
	5.87921 1.02868,
	5.88874 1.02868,
	5.90779 1.04059,
	5.91731 1.04773,
	5.95541 1.06202,
	5.99351 1.0644,
	6.03161 1.05488,
	6.05066 1.04535,
	6.06018 1.04297,
	6.06733 1.03583,
	6.10543 1.02392,
	6.14353 1.01916,
	6.18163 1.02392,
	6.21972 1.01916,
	6.25782 1.02392,
	6.26735 1.0263,
	6.27687 1.03345,
	6.2864 1.03583,
	6.29592 1.04297,
	6.30545 1.04535,
	6.31497 1.0525,
	6.3364 1.09059,
	6.33879 1.12869,
	6.34355 1.13822,
	6.34355 1.14298,
	6.35307 1.15013,
	6.37212 1.15251,
	6.38165 1.15489,
	6.4007 1.16679,
	6.43165 1.20013,
	6.46261 1.22871,
	6.47928 1.24299,
	6.50309 1.28109,
	6.52214 1.31681,
	6.54833 1.35253,
	6.565 1.37158,
	6.56976 1.37158,
	6.58643 1.38587,
	6.60072 1.40491,
	6.61262 1.44301,
	6.61501 1.46206,
	6.62453 1.48111,
	6.62929 1.48349,
	6.62929 1.48826,
	6.63644 1.49778,
	6.6412 1.50254,
	6.6412 1.50731,
	6.66977 1.54064,
	6.69359 1.57398,
	6.70787 1.59303,
	6.7293 1.66923,
	6.74359 1.74543,
	6.74835 1.76448,
	6.74835 1.774,
	6.75312 1.78353,
	6.7555 1.82163,
	6.7555 1.84068,
	6.76026 1.85973,
	6.77217 1.87878,
	6.77693 1.88354,
	6.78407 1.90259,
	6.78645 1.97879,
	6.77931 2.05499,
	6.78169 2.07404,
	6.77931 2.09308,
	6.77693 2.09785,
	6.78645 2.13595,
	6.7936 2.155,
	6.7936 2.15976,
	6.79836 2.16452,
	6.80788 2.20262,
	6.80788 2.22167,
	6.80074 2.25977,
	6.78169 2.29787,
	6.77693 2.30263,
	6.77217 2.32168,
	6.7674 2.32406,
	6.76264 2.34311,
	6.7555 2.35264,
	6.75073 2.37169,
	6.75073 2.37645,
	6.74121 2.38359,
	6.72216 2.38359,
	6.70311 2.37645,
	6.69359 2.37407,
	6.68882 2.37407,
	6.6793 2.38359,
	6.67454 2.39312,
	6.67454 2.41217,
	6.67215 2.42169,
	6.67215 2.42645,
	6.66739 2.43122,
	6.66501 2.44074,
	6.64834 2.45979,
	6.63882 2.46932,
	6.63406 2.47884,
	6.61501 2.49313,
	6.60548 2.49789,
	6.59834 2.50742,
	6.59834 2.51218,
	6.58881 2.51932,
	6.56976 2.5217,
	6.56024 2.52647,
	6.54119 2.52408,
	6.51976 2.48837,
	6.51976 2.46932,
	6.52214 2.45979,
	6.5269 2.45503,
	6.52214 2.4455,
	6.51261 2.43836,
	6.49356 2.43122,
	6.4769 2.41693,
	6.46975 2.4074,
	6.4507 2.40026,
	6.43165 2.40026,
	6.42213 2.40026,
	6.38403 2.37407,
	6.37927 2.37407,
	6.36022 2.3574,
	6.34593 2.33835,
	6.30783 2.32168,
	6.28878 2.32406,
	6.27925 2.32882,
	6.26973 2.32882,
	6.25068 2.33597,
	6.23163 2.33597,
	6.22211 2.33597,
	6.18639 2.31454,
	6.17686 2.30501,
	6.15305 2.26929,
	6.14353 2.25263,
	6.11257 2.22167,
	6.10305 2.21215,
	6.06733 2.18833,
	6.06018 2.17881,
	6.06018 2.17405,
	6.0459 2.15738,
	6.01018 2.13833,
	6.00065 2.1288,
	5.99113 2.10975,
	5.97446 2.09547,
	5.96255 2.07642,
	5.95541 2.06689,
	5.95303 2.05737,
	5.93874 2.0407,
	5.92207 2.02879,
	5.90302 2.02165,
	5.8935 2.01689,
	5.8173 2.01927,
	5.80777 2.01927,
	5.76968 2.03355,
	5.75063 2.03594,
	5.71253 2.02879,
	5.70776 2.02403,
	5.703 2.02403,
	5.6649 1.99784,
	5.64585 1.98831,
	5.63633 1.98355,
	5.60061 1.94783,
	5.58394 1.92878,
	5.56489 1.91688,
	5.54822 1.89783,
	5.54108 1.8883,
	5.5387 1.86925,
	5.5387 1.86687,
	"/>
</Transform>

<Transform dim="6"
 xcoef=" 1.51778000161239 0.847353067278579 -0.0369154860779443 0 0 0"
 ycoef=" 0.10413602962378 -0.00669532937248998 0.948861978823106 0 0 0">
<Contour name="d03ax20ssvr" hidden="false" closed="true" simplified="false" border="0 1 0.25098" fill="0 0 1" mode="-11"
 points="8.56342 -0.246212,
	8.55204 -0.257588,
	8.56342 -0.268964,
	8.5748 -0.257588,
	"/>
<Contour name="d03ax20ssvr" hidden="false" closed="true" simplified="false" border="0 1 0.25098" fill="0 0 1" mode="-11"
 points="8.5683 -0.312842,
	8.55692 -0.324218,
	8.5683 -0.335594,
	8.57967 -0.324218,
	"/>
<Contour name="d03ax20ssvr" hidden="false" closed="true" simplified="false" border="0 1 0.25098" fill="0 0 1" mode="-11"
 points="8.54229 -0.147079,
	8.53092 -0.158455,
	8.54229 -0.169831,
	8.55367 -0.158455,
	"/>
</Transform>

<Transform dim="6"
 xcoef=" 1.51778000161239 0.847353067278579 -0.0369154860779443 0 0 0"
 ycoef=" 0.10413602962378 -0.00669532937248998 0.948861978823106 0 0 0">
<Contour name="d05ax18ssvr" hidden="false" closed="true" simplified="false" border="0 1 0.25098" fill="0 0 1" mode="-11"
 points="8.10959 1.45156,
	8.09922 1.44119,
	8.10959 1.43081,
	8.11997 1.44119,
	"/>
<Contour name="d05ax18ssvr" hidden="false" closed="true" simplified="false" border="0 1 0.25098" fill="0 0 1" mode="-11"
 points="8.07848 1.43822,
	8.0681 1.42785,
	8.07848 1.41748,
	8.08885 1.42785,
	"/>
<Contour name="d05ax18ssvr" hidden="false" closed="true" simplified="false" border="0 1 0.25098" fill="0 0 1" mode="-11"
 points="8.03106 1.41007,
	8.02069 1.3997,
	8.03106 1.38933,
	8.04143 1.3997,
	"/>
<Contour name="d05ax18ssvr" hidden="false" closed="true" simplified="false" border="0 1 0.25098" fill="0 0 1" mode="-11"
 points="8.01921 1.46638,
	8.00884 1.456,
	8.01921 1.44563,
	8.02958 1.456,
	"/>
<Contour name="d05ax18ssvr" hidden="false" closed="true" simplified="false" border="0 1 0.25098" fill="0 0 1" mode="-11"
 points="7.98365 1.44267,
	7.97327 1.4323,
	7.98365 1.42192,
	7.99402 1.4323,
	"/>
<Contour name="d05ax18ssvr" hidden="false" closed="true" simplified="false" border="0 1 0.25098" fill="0 0 1" mode="-11"
 points="7.97772 1.4886,
	7.96735 1.47823,
	7.97772 1.46786,
	7.98809 1.47823,
	"/>
<Contour name="d05ax18ssvr" hidden="false" closed="true" simplified="false" border="0 1 0.25098" fill="0 0 1" mode="-11"
 points="7.93623 1.49749,
	7.92586 1.48712,
	7.93623 1.47675,
	7.9466 1.48712,
	"/>
<Contour name="d05ax18ssvr" hidden="false" closed="true" simplified="false" border="0 1 0.25098" fill="0 0 1" mode="-11"
 points="7.90067 1.51083,
	7.8903 1.50045,
	7.90067 1.49008,
	7.91104 1.50045,
	"/>
<Contour name="d05ax18ssvr" hidden="false" closed="true" simplified="false" border="0 1 0.25098" fill="0 0 1" mode="-11"
 points="7.85918 1.49897,
	7.84881 1.4886,
	7.85918 1.47823,
	7.86955 1.4886,
	"/>
<Contour name="d05ax18ssvr" hidden="false" closed="true" simplified="false" border="0 1 0.25098" fill="0 0 1" mode="-11"
 points="7.89771 1.4723,
	7.88733 1.46193,
	7.89771 1.45156,
	7.90808 1.46193,
	"/>
<Contour name="d05ax18ssvr" hidden="false" closed="true" simplified="false" border="0 1 0.25098" fill="0 0 1" mode="-11"
 points="7.93919 1.43526,
	7.92882 1.42489,
	7.93919 1.41451,
	7.94957 1.42489,
	"/>
<Contour name="d05ax18ssvr" hidden="false" closed="true" simplified="false" border="0 1 0.25098" fill="0 0 1" mode="-11"
 points="7.96883 1.38933,
	7.95846 1.37895,
	7.96883 1.36858,
	7.9792 1.37895,
	"/>
<Contour name="d05ax18ssvr" hidden="false" closed="true" simplified="false" border="0 1 0.25098" fill="0 0 1" mode="-11"
 points="7.92882 1.3997,
	7.91845 1.38933,
	7.92882 1.37895,
	7.93919 1.38933,
	"/>
<Contour name="d05ax18ssvr" hidden="false" closed="true" simplified="false" border="0 1 0.25098" fill="0 0 1" mode="-11"
 points="7.94512 1.36562,
	7.93475 1.35525,
	7.94512 1.34487,
	7.95549 1.35525,
	"/>
<Contour name="d05ax18ssvr" hidden="false" closed="true" simplified="false" border="0 1 0.25098" fill="0 0 1" mode="-11"
 points="7.91697 1.33154,
	7.9066 1.32117,
	7.91697 1.31079,
	7.92734 1.32117,
	"/>
<Contour name="d05ax18ssvr" hidden="false" closed="true" simplified="false" border="0 1 0.25098" fill="0 0 1" mode="-11"
 points="7.874 1.31228,
	7.86363 1.3019,
	7.874 1.29153,
	7.88437 1.3019,
	"/>
<Contour name="d05ax18ssvr" hidden="false" closed="true" simplified="false" border="0 1 0.25098" fill="0 0 1" mode="-11"
 points="7.87252 1.35525,
	7.86215 1.34487,
	7.87252 1.3345,
	7.88289 1.34487,
	"/>
<Contour name="d05ax18ssvr" hidden="false" closed="true" simplified="false" border="0 1 0.25098" fill="0 0 1" mode="-11"
 points="7.88437 1.42192,
	7.874 1.41155,
	7.88437 1.40118,
	7.89474 1.41155,
	"/>
<Contour name="d05ax18ssvr" hidden="false" closed="true" simplified="false" border="0 1 0.25098" fill="0 0 1" mode="-11"
 points="7.84288 1.40859,
	7.83251 1.39822,
	7.84288 1.38784,
	7.85325 1.39822,
	"/>
<Contour name="d05ax18ssvr" hidden="false" closed="true" simplified="false" border="0 1 0.25098" fill="0 0 1" mode="-11"
 points="7.82658 1.3834,
	7.81621 1.37303,
	7.82658 1.36265,
	7.83696 1.37303,
	"/>
<Contour name="d05ax18ssvr" hidden="false" closed="true" simplified="false" border="0 1 0.25098" fill="0 0 1" mode="-11"
 points="7.79991 1.39229,
	7.78954 1.38192,
	7.79991 1.37154,
	7.81028 1.38192,
	"/>
<Contour name="d05ax18ssvr" hidden="false" closed="true" simplified="false" border="0 1 0.25098" fill="0 0 1" mode="-11"
 points="7.81028 1.42933,
	7.79991 1.41896,
	7.81028 1.40859,
	7.82066 1.41896,
	"/>
<Contour name="d05ax18ssvr" hidden="false" closed="true" simplified="false" border="0 1 0.25098" fill="0 0 1" mode="-11"
 points="7.95105 1.28709,
	7.94068 1.27671,
	7.95105 1.26634,
	7.96142 1.27671,
	"/>
<Contour name="d05ax18ssvr" hidden="false" closed="true" simplified="false" border="0 1 0.25098" fill="0 0 1" mode="-11"
 points="7.97327 1.33006,
	7.9629 1.31968,
	7.97327 1.30931,
	7.98365 1.31968,
	"/>
<Contour name="d05ax18ssvr" hidden="false" closed="true" simplified="false" border="0 1 0.25098" fill="0 0 1" mode="-11"
 points="8.02217 1.33598,
	8.0118 1.32561,
	8.02217 1.31524,
	8.03254 1.32561,
	"/>
<Contour name="d05ax18ssvr" hidden="false" closed="true" simplified="false" border="0 1 0.25098" fill="0 0 1" mode="-11"
 points="8.0281 1.28857,
	8.01773 1.2782,
	8.0281 1.26782,
	8.03847 1.2782,
	"/>
<Contour name="d05ax18ssvr" hidden="false" closed="true" simplified="false" border="0 1 0.25098" fill="0 0 1" mode="-11"
 points="8.0118 1.14188,
	8.00143 1.13151,
	8.0118 1.12113,
	8.02217 1.13151,
	"/>
<Contour name="d05ax18ssvr" hidden="false" closed="true" simplified="false" border="0 1 0.25098" fill="0 0 1" mode="-11"
 points="7.9303 1.20707,
	7.91993 1.1967,
	7.9303 1.18633,
	7.94068 1.1967,
	"/>
<Contour name="d05ax18ssvr" hidden="false" closed="true" simplified="false" border="0 1 0.25098" fill="0 0 1" mode="-11"
 points="7.88437 1.21004,
	7.874 1.19966,
	7.88437 1.18929,
	7.89474 1.19966,
	"/>
<Contour name="d05ax18ssvr" hidden="false" closed="true" simplified="false" border="0 1 0.25098" fill="0 0 1" mode="-11"
 points="7.84585 1.19818,
	7.83547 1.18781,
	7.84585 1.17744,
	7.85622 1.18781,
	"/>
<Contour name="d05ax18ssvr" hidden="false" closed="true" simplified="false" border="0 1 0.25098" fill="0 0 1" mode="-11"
 points="7.83696 1.23374,
	7.82658 1.22337,
	7.83696 1.213,
	7.84733 1.22337,
	"/>
<Contour name="d05ax18ssvr" hidden="false" closed="true" simplified="false" border="0 1 0.25098" fill="0 0 1" mode="-11"
 points="7.97179 1.09446,
	7.96142 1.08409,
	7.97179 1.07372,
	7.98216 1.08409,
	"/>
</Transform>

<Transform dim="6"
 xcoef=" 1.51778000161239 0.847353067278579 -0.0369154860779443 0 0 0"
 ycoef=" 0.10413602962378 -0.00669532937248998 0.948861978823106 0 0 0">
<Contour name="d05ax19ssvr" hidden="false" closed="true" simplified="false" border="0 1 0.25098" fill="0 0 1" mode="-11"
 points="7.46757 4.83867,
	7.45851 4.82961,
	7.46757 4.82055,
	7.47663 4.82961,
	"/>
<Contour name="d05ax19ssvr" hidden="false" closed="true" simplified="false" border="0 1 0.25098" fill="0 0 1" mode="-11"
 points="7.4598 4.77525,
	7.45074 4.76619,
	7.4598 4.75713,
	7.46886 4.76619,
	"/>
<Contour name="d05ax19ssvr" hidden="false" closed="true" simplified="false" border="0 1 0.25098" fill="0 0 1" mode="-11"
 points="7.45333 4.7183,
	7.44427 4.70924,
	7.45333 4.70018,
	7.46239 4.70924,
	"/>
<Contour name="d05ax19ssvr" hidden="false" closed="true" simplified="false" border="0 1 0.25098" fill="0 0 1" mode="-11"
 points="7.4145 4.69241,
	7.40544 4.68335,
	7.4145 4.67429,
	7.42356 4.68335,
	"/>
<Contour name="d05ax19ssvr" hidden="false" closed="true" simplified="false" border="0 1 0.25098" fill="0 0 1" mode="-11"
 points="7.35884 4.67559,
	7.34978 4.66653,
	7.35884 4.65747,
	7.3679 4.66653,
	"/>
<Contour name="d05ax19ssvr" hidden="false" closed="true" simplified="false" border="0 1 0.25098" fill="0 0 1" mode="-11"
 points="7.38473 4.64582,
	7.37567 4.63676,
	7.38473 4.6277,
	7.39379 4.63676,
	"/>
<Contour name="d05ax19ssvr" hidden="false" closed="true" simplified="false" border="0 1 0.25098" fill="0 0 1" mode="-11"
 points="7.38991 4.7416,
	7.38085 4.73254,
	7.38991 4.72348,
	7.39897 4.73254,
	"/>
<Contour name="d05ax19ssvr" hidden="false" closed="true" simplified="false" border="0 1 0.25098" fill="0 0 1" mode="-11"
 points="7.36402 4.79726,
	7.35496 4.78819,
	7.36402 4.77913,
	7.37308 4.78819,
	"/>
<Contour name="d05ax19ssvr" hidden="false" closed="true" simplified="false" border="0 1 0.25098" fill="0 0 1" mode="-11"
 points="7.3925 4.82702,
	7.38344 4.81796,
	7.3925 4.8089,
	7.40156 4.81796,
	"/>
<Contour name="d05ax19ssvr" hidden="false" closed="true" simplified="false" border="0 1 0.25098" fill="0 0 1" mode="-11"
 points="7.41579 4.89174,
	7.40673 4.88268,
	7.41579 4.87362,
	7.42485 4.88268,
	"/>
<Contour name="d05ax19ssvr" hidden="false" closed="true" simplified="false" border="0 1 0.25098" fill="0 0 1" mode="-11"
 points="7.4378 4.96164,
	7.42874 4.95258,
	7.4378 4.94351,
	7.44686 4.95258,
	"/>
<Contour name="d05ax19ssvr" hidden="false" closed="true" simplified="false" border="0 1 0.25098" fill="0 0 1" mode="-11"
 points="7.48828 5.00564,
	7.47922 4.99658,
	7.48828 4.98752,
	7.49734 4.99658,
	"/>
<Contour name="d05ax19ssvr" hidden="false" closed="true" simplified="false" border="0 1 0.25098" fill="0 0 1" mode="-11"
 points="7.46757 5.03412,
	7.45851 5.02506,
	7.46757 5.016,
	7.47663 5.02506,
	"/>
<Contour name="d05ax19ssvr" hidden="false" closed="true" simplified="false" border="0 1 0.25098" fill="0 0 1" mode="-11"
 points="7.55688 4.97458,
	7.54782 4.96552,
	7.55688 4.95646,
	7.56594 4.96552,
	"/>
<Contour name="d05ax19ssvr" hidden="false" closed="true" simplified="false" border="0 1 0.25098" fill="0 0 1" mode="-11"
 points="7.50899 4.89951,
	7.49993 4.89045,
	7.50899 4.88139,
	7.51805 4.89045,
	"/>
</Transform>

<Transform dim="6"
 xcoef=" 1.51778000161239 0.847353067278579 -0.0369154860779443 0 0 0"
 ycoef=" 0.10413602962378 -0.00669532937248998 0.948861978823106 0 0 0">
<Contour name="d01SER" hidden="false" closed="true" simplified="true" border="0 1 0" fill="0 1 0" mode="-9"
 points="5.23444 0.188185,
	5.24023 0.165024,
	5.23734 0.141863,
	5.24023 0.118701,
	5.24313 0.107121,
	5.24892 0.104226,
	5.25471 0.107121,
	5.2605 0.130282,
	5.2605 0.176605,
	5.2576 0.199766,
	5.24602 0.202661,
	5.23444 0.199766,
	5.23444 0.19108,
	"/>
</Transform>

<Transform dim="6"
 xcoef=" 1.51778000161239 0.847353067278579 -0.0369154860779443 0 0 0"
 ycoef=" 0.10413602962378 -0.00669532937248998 0.948861978823106 0 0 0">
<Contour name="d01SER" hidden="false" closed="true" simplified="true" border="0 1 0" fill="0 1 0" mode="-9"
 points="5.5616 0.0665886,
	5.57028 0.0434273,
	5.57318 -0.00289516,
	5.58476 -0.0115806,
	5.59634 -0.00868547,
	5.60213 0.00289516,
	5.60213 0.0260564,
	5.60792 0.0492177,
	5.62239 0.0723789,
	5.62529 0.0781692,
	5.62239 0.0897498,
	5.62529 0.112911,
	5.6166 0.159234,
	5.61371 0.205556,
	5.60502 0.214242,
	5.60213 0.202661,
	5.60792 0.1795,
	5.59634 0.159234,
	5.56449 0.118701,
	5.5616 0.0723789,
	5.5616 0.0694837,
	"/>
</Transform>

<Transform dim="6"
 xcoef=" 0.365126349024191 0.908656548211159 -0.0439623646262202 0 0 0"
 ycoef=" 4.70230872828108 -0.0655258125666114 0.761157055957196 0 0 0">
<Image mag="0.00220626" contrast="1" brightness="0" red="true" green="true" blue="true"
 src="FPNCT.195.jpg" />
<Contour name="domain1" hidden="false" closed="true" simplified="false" border="1 0 1" fill="1 0 1" mode="11"
 points="0 0,
	4096 0,
	4096 4096,
	0 4096,
	"/>
</Transform>

<Transform dim="0"
 xcoef=" 0 1 0 0 0 0"
 ycoef=" 0 0 1 0 0 0">
<Contour name="d05ax18" comment="LK bouton trace named after cfa" hidden="false" closed="true" simplified="true" border="0 1 1" fill="0.502 1 1" mode="-9"
 points="8.03903 3.25834,
	8.04052 3.23444,
	8.04202 3.22248,
	8.04052 3.17468,
	8.04052 3.16273,
	8.04799 3.13882,
	8.04949 3.13285,
	8.04949 3.12986,
	8.05397 3.12538,
	8.05546 3.1194,
	8.06443 3.10745,
	8.06742 3.10147,
	8.09132 3.08205,
	8.10327 3.07906,
	8.11522 3.08056,
	8.13763 3.10297,
	8.15556 3.12687,
	8.1705 3.15077,
	8.18096 3.17468,
	8.18693 3.18663,
	8.19291 3.21053,
	8.19291 3.21651,
	8.20934 3.26432,
	8.2198 3.28822,
	8.24968 3.33603,
	8.26462 3.35993,
	8.28255 3.38383,
	8.29749 3.40774,
	8.30645 3.41969,
	8.31243 3.43164,
	8.32438 3.44359,
	8.32438 3.44658,
	8.32737 3.44957,
	8.32737 3.45256,
	8.33334 3.45853,
	8.33633 3.46152,
	8.33633 3.46451,
	8.33932 3.46749,
	8.33932 3.47048,
	8.34679 3.48243,
	8.35725 3.50634,
	8.36621 3.51829,
	8.37816 3.52875,
	8.39459 3.55265,
	8.40804 3.57655,
	8.417 3.60046,
	8.42149 3.62436,
	8.42896 3.64826,
	8.42746 3.69607,
	8.42149 3.71998,
	8.417 3.73193,
	8.40953 3.74388,
	8.39758 3.75583,
	8.38563 3.76181,
	8.36173 3.7633,
	8.33782 3.76031,
	8.32587 3.75732,
	8.3199 3.75732,
	8.30794 3.75284,
	8.30197 3.75284,
	8.27807 3.74388,
	8.25566 3.72595,
	8.24669 3.714,
	8.24221 3.70802,
	8.23773 3.69607,
	8.23474 3.69308,
	8.23325 3.68711,
	8.21532 3.6632,
	8.20038 3.6393,
	8.19291 3.62735,
	8.18843 3.62137,
	8.18544 3.61839,
	8.18544 3.6154,
	8.17498 3.60345,
	8.15257 3.55564,
	8.14809 3.54369,
	8.1466 3.53771,
	8.13763 3.52576,
	8.13315 3.51978,
	8.13315 3.5168,
	8.13016 3.51381,
	8.12867 3.50783,
	8.11373 3.48393,
	8.09281 3.43612,
	8.08534 3.42417,
	8.08086 3.41222,
	8.07937 3.40624,
	8.06293 3.38234,
	8.05546 3.37039,
	8.05098 3.36441,
	8.04052 3.3166,
	8.03903 3.2688,
	8.03903 3.26282,
	8.03903 3.25983,
	"/>
</Transform>

<Transform dim="0"
 xcoef=" 0 1 0 0 0 0"
 ycoef=" 0 0 1 0 0 0">
<Contour name="d05ax18" comment="LK bouton trace named after cfa" hidden="false" closed="true" simplified="true" border="0 1 1" fill="0.502 1 1" mode="-9"
 points="7.26875 1.16614,
	7.28185 1.13994,
	7.33098 1.0908,
	7.34081 1.0777,
	7.39322 1.05149,
	7.41943 1.03512,
	7.43908 1.00891,
	7.49149 0.959776,
	7.5177 0.946673,
	7.57011 0.936846,
	7.67493 0.930295,
	7.72734 0.93357,
	7.77975 0.930295,
	7.79286 0.930295,
	7.84527 0.907365,
	7.87147 0.91064,
	7.89768 0.927019,
	7.9075 0.953224,
	7.91406 1.00564,
	7.91406 1.11046,
	7.9075 1.16287,
	7.91078 1.21528,
	7.92388 1.26769,
	7.93043 1.3201,
	7.93371 1.34631,
	7.92716 1.39872,
	7.92388 1.42492,
	7.92716 1.45113,
	7.97957 1.55595,
	7.99267 1.58216,
	7.99922 1.60836,
	8.0025 1.71318,
	8.00905 1.73939,
	8.0025 1.7918,
	8.00577 1.89662,
	7.99922 1.94903,
	8.00577 2.00144,
	8.0025 2.05385,
	7.97302 2.15868,
	7.96974 2.2635,
	7.97302 2.31591,
	7.97957 2.34211,
	7.98284 2.35522,
	8.02215 2.40763,
	8.09094 2.51245,
	8.12042 2.56486,
	8.16301 2.66968,
	8.17611 2.69589,
	8.17611 2.72209,
	8.15318 2.77451,
	8.12042 2.82692,
	8.09749 2.87933,
	8.08767 2.90553,
	8.07784 2.95794,
	8.07456 2.98415,
	8.07456 2.99725,
	8.05491 3.02346,
	8.04836 3.02673,
	8.02215 3.02018,
	8.01233 3.01035,
	8.00577 2.98415,
	8.00905 2.95794,
	8.00905 2.94484,
	8.03198 2.89243,
	8.03853 2.87933,
	8.03526 2.82692,
	8.02543 2.77451,
	8.02543 2.7614,
	8.01233 2.7352,
	7.99922 2.73192,
	7.95336 2.68279,
	7.92716 2.66968,
	7.90423 2.64348,
	7.8944 2.63038,
	7.88457 2.57796,
	7.8813 2.52555,
	7.8813 2.49935,
	7.88457 2.48625,
	7.8682 2.43383,
	7.8682 2.40763,
	7.85509 2.35522,
	7.85182 2.34211,
	7.84527 2.33556,
	7.83544 2.30936,
	7.82889 2.29626,
	7.82234 2.2897,
	7.80268 2.23729,
	7.78303 2.13247,
	7.77975 2.08006,
	7.77975 2.05385,
	7.76993 2.02765,
	7.74372 2.00144,
	7.71424 1.94903,
	7.66183 1.90645,
	7.64872 1.89335,
	7.61597 1.84094,
	7.59631 1.78852,
	7.56356 1.73611,
	7.51115 1.71318,
	7.49149 1.68698,
	7.47839 1.66077,
	7.47511 1.64767,
	7.46856 1.64112,
	7.46529 1.62802,
	7.45874 1.62146,
	7.45546 1.60836,
	7.44236 1.59526,
	7.38667 1.49044,
	7.37357 1.46423,
	7.36702 1.45113,
	7.36046 1.39872,
	7.35719 1.37251,
	7.35391 1.35941,
	7.29495 1.25459,
	7.27857 1.22838,
	7.27857 1.22183,
	7.27202 1.21528,
	7.26875 1.18907,
	7.26875 1.17597,
	7.26875 1.16942,
	"/>
</Transform>

<Transform dim="0"
 xcoef=" 0 1 0 0 0 0"
 ycoef=" 0 0 1 0 0 0">
<Contour name="d05ax10_ddh" comment="ddh_traced_2018-06-29" hidden="false" closed="true" simplified="true" border="0.502 1 0.502" fill="0.502 1 0.502" mode="11"
 points="7.60439 -0.737944,
	7.6052 -0.741181,
	7.60924 -0.746845,
	7.61248 -0.749273,
	7.6141 -0.750891,
	7.62704 -0.753318,
	7.65294 -0.753318,
	7.66588 -0.752509,
	7.67883 -0.750082,
	7.69178 -0.743609,
	7.69744 -0.738754,
	7.7031 -0.73228,
	7.7112 -0.719334,
	7.71605 -0.714479,
	7.72252 -0.709624,
	7.72576 -0.708815,
	7.72738 -0.707197,
	7.74033 -0.701533,
	7.75327 -0.693441,
	7.76622 -0.682922,
	7.77593 -0.670785,
	7.78807 -0.644892,
	7.79211 -0.631946,
	7.79373 -0.618999,
	7.79454 -0.612526,
	7.79697 -0.606053,
	7.79697 -0.604435,
	7.79858 -0.602816,
	7.80263 -0.58987,
	7.80829 -0.576924,
	7.80829 -0.575305,
	7.80991 -0.574496,
	7.81477 -0.56155,
	7.81719 -0.555077,
	7.81881 -0.55184,
	7.81962 -0.525947,
	7.81719 -0.513001,
	7.81558 -0.509764,
	7.81315 -0.496818,
	7.81153 -0.470925,
	7.81396 -0.41914,
	7.81315 -0.406193,
	7.81153 -0.39972,
	7.81072 -0.396483,
	7.80506 -0.390819,
	7.80263 -0.388392,
	7.78968 -0.385964,
	7.78321 -0.385964,
	7.77674 -0.387583,
	7.76379 -0.394056,
	7.75732 -0.398911,
	7.73142 -0.411857,
	7.7201 -0.41914,
	7.70796 -0.431277,
	7.70472 -0.434513,
	7.70472 -0.436132,
	7.69744 -0.449078,
	7.69501 -0.455551,
	7.69339 -0.45717,
	7.69259 -0.460406,
	7.69016 -0.463643,
	7.68773 -0.470116,
	7.68692 -0.473353,
	7.68449 -0.476589,
	7.68207 -0.483062,
	7.68126 -0.486299,
	7.67964 -0.487917,
	7.67155 -0.51381,
	7.66831 -0.526756,
	7.6675 -0.552649,
	7.6675 -0.565596,
	7.66265 -0.591488,
	7.66103 -0.597962,
	7.65941 -0.59958,
	7.65456 -0.612526,
	7.65294 -0.614145,
	7.65213 -0.617381,
	7.64808 -0.623854,
	7.63595 -0.649747,
	7.62866 -0.662694,
	7.62462 -0.669167,
	7.62381 -0.672403,
	7.62219 -0.674022,
	7.62057 -0.680495,
	7.60843 -0.706388,
	7.6052 -0.712861,
	7.60439 -0.725807,
	7.60439 -0.73228,
	7.60439 -0.735517,
	7.60439 -0.737135,
	"/>
</Transform>

<Transform dim="0"
 xcoef=" 0 1 0 0 0 0"
 ycoef=" 0 0 1 0 0 0">
<Contour name="d05ax13_ddh" comment="ddh_traced_2018-07-01" hidden="false" closed="true" simplified="true" border="0.502 1 0.502" fill="0.502 1 0.502" mode="11"
 points="8.24309 0.368717,
	8.24519 0.35191,
	8.25045 0.335102,
	8.2536 0.326698,
	8.25465 0.322496,
	8.2599 0.315143,
	8.26725 0.306739,
	8.28406 0.293083,
	8.29982 0.277326,
	8.33028 0.251064,
	8.33869 0.247913,
	8.35549 0.247913,
	8.3639 0.247913,
	8.39751 0.255266,
	8.40592 0.258417,
	8.42272 0.268922,
	8.42693 0.272074,
	8.43218 0.279427,
	8.43218 0.281528,
	8.43743 0.289932,
	8.45319 0.303588,
	8.46789 0.319345,
	8.47735 0.336153,
	8.47945 0.344556,
	8.4805 0.361364,
	8.4805 0.369768,
	8.4805 0.37397,
	8.4826 0.378172,
	8.48575 0.394979,
	8.48785 0.403383,
	8.4868 0.420191,
	8.48155 0.436998,
	8.4763 0.445402,
	8.4742 0.447503,
	8.4742 0.449604,
	8.46789 0.456957,
	8.45949 0.46221,
	8.45739 0.46221,
	8.44899 0.467462,
	8.44478 0.469563,
	8.44268 0.469563,
	8.44058 0.471664,
	8.43218 0.474816,
	8.42798 0.476917,
	8.42588 0.476917,
	8.41957 0.483219,
	8.41117 0.487421,
	8.40697 0.490573,
	8.40487 0.490573,
	8.37125 0.510532,
	8.36285 0.516835,
	8.35444 0.521037,
	8.35234 0.521037,
	8.34814 0.524188,
	8.34394 0.524188,
	8.33974 0.526289,
	8.32293 0.526289,
	8.31453 0.524188,
	8.31032 0.522087,
	8.30822 0.522087,
	8.30087 0.514734,
	8.29562 0.50738,
	8.28196 0.473765,
	8.28196 0.471664,
	8.27986 0.469563,
	8.27251 0.452756,
	8.26935 0.448554,
	8.26725 0.446453,
	8.2662 0.442251,
	8.25465 0.425443,
	8.24729 0.408636,
	8.24519 0.404434,
	8.24309 0.387626,
	8.24309 0.370818,
	8.24309 0.369768,
	"/>
</Transform>

</Section>