<?xml version="1.0"?>
<!DOCTYPE Section SYSTEM "section.dtd">

<Section index="43" thickness="0.048" alignLocked="true">
<Transform dim="6"
 xcoef=" 0.110007277217632 0.9978609252526 -0.00559610403119931 0 0 0"
 ycoef=" 0.189671756840436 0.000870722519327043 0.965368045057907 0 0 0">
<Contour name="mito4" hidden="true" closed="false" simplified="true" border="1 0.5 0" fill="1 0.5 0" mode="13"
 points="7.19829 7.46591,
	7.37236 7.33655,
	"/>
</Transform>

<Transform dim="6"
 xcoef=" 0.110007277217632 0.9978609252526 -0.00559610403119931 0 0 0"
 ycoef=" 0.189671756840436 0.000870722519327043 0.965368045057907 0 0 0">
<Contour name="D04" hidden="true" closed="true" simplified="true" border="1 0 0" fill="1 0 0" mode="13"
 points="1.48509 3.96394,
	1.49282 3.91173,
	1.51566 3.86197,
	1.55253 3.81697,
	1.60172 3.77885,
	1.66092 3.74938,
	1.72737 3.72994,
	1.79795 3.72145,
	1.86937 3.72429,
	1.93829 3.73834,
	2.00148 3.76294,
	2.05599 3.79693,
	2.09928 3.83874,
	2.12931 3.88639,
	2.14469 3.93768,
	2.14469 3.99019,
	2.12931 4.04148,
	2.09928 4.08913,
	2.05599 4.13094,
	2.00148 4.16493,
	1.93829 4.18953,
	1.86937 4.20358,
	1.79795 4.20642,
	1.72737 4.19793,
	1.66092 4.17849,
	1.60172 4.14902,
	1.55253 4.1109,
	1.51566 4.0659,
	"/>
</Transform>

<Transform dim="6"
 xcoef=" 0.110007277217632 0.9978609252526 -0.00559610403119931 0 0 0"
 ycoef=" 0.189671756840436 0.000870722519327043 0.965368045057907 0 0 0">
<Contour name="D06" hidden="true" closed="true" simplified="true" border="0 0 1" fill="0 0 1" mode="9"
 points="6.06842 7.25625,
	6.07384 7.21687,
	6.0898 7.17977,
	6.11537 7.14713,
	6.14906 7.12082,
	6.18892 7.10239,
	6.23262 7.09289,
	6.27763 7.09289,
	6.32133 7.10239,
	6.36119 7.12082,
	6.39488 7.14713,
	6.42045 7.17977,
	6.43641 7.21687,
	6.44183 7.25625,
	6.43641 7.29563,
	6.42045 7.33272,
	6.39488 7.36537,
	6.36119 7.39167,
	6.32133 7.41011,
	6.27763 7.4196,
	6.23262 7.4196,
	6.18892 7.41011,
	6.14906 7.39167,
	6.11537 7.36537,
	6.0898 7.33272,
	6.07384 7.29563,
	"/>
</Transform>

<Transform dim="6"
 xcoef=" 0.110007277217632 0.9978609252526 -0.00559610403119931 0 0 0"
 ycoef=" 0.189671756840436 0.000870722519327043 0.965368045057907 0 0 0">
<Contour name="D07" hidden="true" closed="true" simplified="true" border="1 0 1" fill="1 0 1" mode="9"
 points="5.78361 6.46828,
	5.79081 6.42898,
	5.81188 6.39248,
	5.84534 6.36137,
	5.88881 6.33785,
	5.93919 6.3236,
	5.99291 6.31963,
	6.04615 6.32622,
	6.09512 6.34291,
	6.13635 6.36851,
	6.1669 6.4012,
	6.18461 6.43865,
	6.18822 6.47821,
	6.17746 6.51707,
	6.15312 6.55245,
	6.1169 6.58186,
	6.07139 6.60319,
	6.01983 6.61494,
	5.96587 6.61627,
	5.91335 6.60707,
	5.866 6.58802,
	5.8272 6.56046,
	5.79968 6.52634,
	"/>
</Transform>

<Transform dim="6"
 xcoef=" 0.110007277217632 0.9978609252526 -0.00559610403119931 0 0 0"
 ycoef=" 0.189671756840436 0.000870722519327043 0.965368045057907 0 0 0">
<Contour name="d01cfa07" hidden="false" closed="false" simplified="false" border="0 1 1" fill="0 1 1" mode="9"
 points="3.3193 4.47657,
	3.27677 4.43876,
	3.22007 4.40569,
	3.13974 4.39151,
	3.08304 4.39624,
	3.01216 4.41514,
	"/>
</Transform>

<Transform dim="6"
 xcoef=" 0.110007277217632 0.9978609252526 -0.00559610403119931 0 0 0"
 ycoef=" 0.189671756840436 0.000870722519327043 0.965368045057907 0 0 0">
<Contour name="d02c05b" hidden="true" closed="true" simplified="true" border="0 1 0" fill="0 1 0" mode="9"
 points="6.04991 1.99856,
	6.07702 1.97919,
	6.09251 1.98307,
	6.11188 2.01405,
	6.10026 2.02567,
	6.1235 2.05278,
	6.15448 2.08377,
	6.15448 2.09926,
	6.15448 2.10701,
	6.1235 2.12638,
	6.108 2.13799,
	6.09251 2.12638,
	6.08476 2.12638,
	6.0654 2.09539,
	6.0654 2.08764,
	6.05378 2.07215,
	6.04991 2.01018,
	6.04991 2.00243,
	"/>
</Transform>

<Transform dim="6"
 xcoef=" 0.110007277217632 0.9978609252526 -0.00559610403119931 0 0 0"
 ycoef=" 0.189671756840436 0.000870722519327043 0.965368045057907 0 0 0">
<Contour name="d02cfa05b" hidden="true" closed="false" simplified="false" border="0 1 1" fill="0 1 1" mode="9"
 points="6.14407 2.11956,
	6.1247 2.10407,
	6.0821 2.05372,
	6.07435 1.99175,
	"/>
</Transform>

<Transform dim="6"
 xcoef=" 0.110007277217632 0.9978609252526 -0.00559610403119931 0 0 0"
 ycoef=" 0.189671756840436 0.000870722519327043 0.965368045057907 0 0 0">
<Contour name="D12" hidden="true" closed="true" simplified="true" border="1 0.5 0" fill="1 0.5 0" mode="9"
 points="3.90362 5.86034,
	3.91389 5.77587,
	3.94389 5.69824,
	3.99118 5.63375,
	4.05193 5.58761,
	4.12121 5.56357,
	4.19342 5.56357,
	4.26271 5.58761,
	4.32346 5.63375,
	4.37074 5.69824,
	4.40074 5.77587,
	4.41102 5.86034,
	4.40074 5.94482,
	4.37074 6.02244,
	4.32346 6.08694,
	4.26271 6.13308,
	4.19342 6.15712,
	4.12121 6.15712,
	4.05193 6.13308,
	3.99118 6.08694,
	3.94389 6.02244,
	3.91389 5.94482,
	"/>
<Contour name="D13" hidden="true" closed="true" simplified="true" border="0.5 0 1" fill="0.5 0 1" mode="9"
 points="2.44438 1.53344,
	2.45248 1.45517,
	2.47636 1.38083,
	2.51483 1.31414,
	2.56596 1.25845,
	2.62718 1.21654,
	2.69543 1.19053,
	2.76728 1.18171,
	2.83913 1.19053,
	2.90737 1.21654,
	2.9686 1.25845,
	3.01972 1.31414,
	3.05819 1.38083,
	3.08207 1.45517,
	3.09017 1.53344,
	3.08207 1.6117,
	3.05819 1.68604,
	3.01972 1.75273,
	2.9686 1.80842,
	2.90737 1.85033,
	2.83913 1.87634,
	2.76728 1.88516,
	2.69543 1.87634,
	2.62718 1.85033,
	2.56596 1.80842,
	2.51483 1.75273,
	2.47636 1.68604,
	"/>
</Transform>

<Transform dim="6"
 xcoef=" 0.110007277217632 0.9978609252526 -0.00559610403119931 0 0 0"
 ycoef=" 0.189671756840436 0.000870722519327043 0.965368045057907 0 0 0">
<Contour name="d13" hidden="true" closed="true" simplified="true" border="1 1 0" fill="1 1 0" mode="11"
 points="1.55382 2.9413,
	1.56193 2.89802,
	1.56464 2.87639,
	1.56464 2.83311,
	1.56464 2.81148,
	1.56464 2.80066,
	1.56464 2.79525,
	1.58762 2.75197,
	1.5998 2.73034,
	1.6052 2.71952,
	1.60791 2.71411,
	1.61061 2.71276,
	1.63225 2.72357,
	1.63766 2.72628,
	1.68093 2.72898,
	1.68364 2.72898,
	1.68499 2.72628,
	1.69581 2.73034,
	1.71745 2.73304,
	1.73773 2.75333,
	1.75531 2.77496,
	1.76207 2.78578,
	1.77154 2.80742,
	1.7756 2.81824,
	1.7783 2.82365,
	1.7783 2.86692,
	1.76613 2.88856,
	1.72286 2.91155,
	1.71204 2.9156,
	1.66876 2.92237,
	1.65795 2.92372,
	1.61467 2.9413,
	1.5714 2.94536,
	1.56058 2.94536,
	1.55517 2.94536,
	1.55382 2.94265,
	"/>
</Transform>

<Transform dim="6"
 xcoef=" 0.110007277217632 0.9978609252526 -0.00559610403119931 0 0 0"
 ycoef=" 0.189671756840436 0.000870722519327043 0.965368045057907 0 0 0">
<Contour name="d13" hidden="true" closed="true" simplified="true" border="1 1 0" fill="1 1 0" mode="11"
 points="3.70047 2.55983,
	3.71953 2.51292,
	3.72832 2.48946,
	3.72979 2.44254,
	3.75178 2.39563,
	3.75764 2.3839,
	3.77964 2.36777,
	3.79137 2.36044,
	3.81482 2.35897,
	3.82655 2.35897,
	3.85001 2.36924,
	3.86027 2.37657,
	3.872 2.40003,
	3.87787 2.41175,
	3.8808 2.43521,
	3.8808 2.44694,
	3.8764 2.4704,
	3.872 2.48213,
	3.84415 2.52904,
	3.80016 2.57596,
	3.77964 2.59942,
	3.75618 2.61554,
	3.73272 2.62141,
	3.72099 2.62287,
	3.70926 2.61261,
	3.7034 2.60821,
	3.70047 2.60528,
	3.70047 2.58182,
	3.70047 2.57009,
	3.70047 2.56423,
	3.70047 2.5613,
	"/>
</Transform>

<Transform dim="6"
 xcoef=" 0.110007277217632 0.9978609252526 -0.00559610403119931 0 0 0"
 ycoef=" 0.189671756840436 0.000870722519327043 0.965368045057907 0 0 0">
<Contour name="d13" hidden="true" closed="true" simplified="true" border="1 1 0" fill="1 1 0" mode="11"
 points="3.50547 2.8208,
	3.53186 2.77388,
	3.53626 2.76949,
	3.58318 2.76509,
	3.60664 2.76215,
	3.6125 2.76215,
	3.65942 2.78561,
	3.68287 2.79001,
	3.6946 2.79294,
	3.70047 2.79441,
	3.71659 2.84132,
	3.72099 2.85305,
	3.74152 2.87651,
	3.75325 2.88824,
	3.78403 2.93516,
	3.80016 2.95861,
	3.82215 3.00553,
	3.81629 3.02899,
	3.81482 3.03485,
	3.76791 3.05098,
	3.74445 3.05831,
	3.73272 3.06417,
	3.72686 3.06564,
	3.7034 3.0847,
	3.69753 3.09056,
	3.67408 3.10083,
	3.65062 3.09936,
	3.63889 3.09936,
	3.61543 3.0847,
	3.59197 3.06564,
	3.58025 3.05538,
	3.54799 3.00846,
	3.5348 2.985,
	3.5172 2.93809,
	3.50841 2.91463,
	3.50547 2.9029,
	3.50547 2.85599,
	3.50547 2.83253,
	3.50547 2.82227,
	"/>
</Transform>

<Transform dim="6"
 xcoef=" 0.110007277217632 0.9978609252526 -0.00559610403119931 0 0 0"
 ycoef=" 0.189671756840436 0.000870722519327043 0.965368045057907 0 0 0">
<Contour name="d13" hidden="true" closed="true" simplified="true" border="1 1 0" fill="1 1 0" mode="11"
 points="3.04713 -0.0822514,
	3.09686 -0.202759,
	3.12555 -0.177893,
	3.15042 -0.116682,
	3.17911 -0.0554719,
	3.21354 0.00573847,
	3.22119 0.021041,
	3.2824 0.0669488,
	3.3417 0.10138,
	3.357 0.131985,
	3.36274 0.147287,
	3.36083 0.208498,
	3.35892 0.2238,
	3.35892 0.227626,
	3.34553 0.242928,
	3.33788 0.25058,
	3.32257 0.258231,
	3.31492 0.262057,
	3.29962 0.262057,
	3.29197 0.260144,
	3.24606 0.198934,
	3.22502 0.168328,
	3.21545 0.153026,
	3.09303 0.0707744,
	3.07964 0.0592975,
	3.05669 -0.00191282,
	3.05095 -0.0172154,
	3.04713 -0.0784257,
	3.04713 -0.0803386,
	"/>
</Transform>

<Transform dim="6"
 xcoef=" 0.110007277217632 0.9978609252526 -0.00559610403119931 0 0 0"
 ycoef=" 0.189671756840436 0.000870722519327043 0.965368045057907 0 0 0">
<Contour name="d13p15" hidden="true" closed="true" simplified="false" border="1 1 0" fill="1 1 0" mode="-13"
 points="2.0884 1.39369,
	2.0884 1.35566,
	2.05037 1.35566,
	2.05037 1.38893,
	2.04562 1.39369,
	2.04562 1.35091,
	2.09315 1.35091,
	2.09315 1.39844,
	2.04562 1.39844,
	2.05037 1.39369,
	"/>
</Transform>

<Transform dim="6"
 xcoef=" 0.110007277217632 0.9978609252526 -0.00559610403119931 0 0 0"
 ycoef=" 0.189671756840436 0.000870722519327043 0.965368045057907 0 0 0">
<Contour name="d13" hidden="true" closed="true" simplified="true" border="1 1 0.501961" fill="0.5 0 1" mode="11"
 points="0.371913 -0.188676,
	0.388852 -0.233846,
	0.397321 -0.256431,
	0.401556 -0.267723,
	0.435433 -0.312893,
	0.44108 -0.317128,
	0.531419 -0.303012,
	0.576589 -0.297366,
	0.621758 -0.303012,
	0.644343 -0.305835,
	0.655636 -0.307247,
	0.67822 -0.287485,
	0.72339 -0.243727,
	0.745975 -0.222554,
	0.76856 -0.204204,
	0.791145 -0.18303,
	0.839137 -0.0926908,
	0.926654 0.0879879,
	0.929477 0.0936341,
	0.949239 0.116219,
	0.960531 0.1261,
	0.983116 0.137392,
	0.992997 0.143038,
	0.994408 0.154331,
	0.991585 0.176916,
	0.991585 0.188208,
	0.990174 0.193854,
	0.992997 0.205147,
	1.02264 0.250317,
	1.03817 0.272901,
	1.08192 0.309602,
	1.12709 0.342067,
	1.17226 0.367475,
	1.19485 0.380179,
	1.21743 0.39006,
	1.39811 0.438053,
	1.44328 0.450757,
	1.46587 0.457815,
	1.48845 0.469107,
	1.51104 0.487457,
	1.52233 0.495927,
	1.53362 0.500161,
	1.57879 0.502984,
	1.60138 0.511454,
	1.69172 0.558035,
	1.7143 0.570739,
	1.72559 0.577797,
	1.81593 0.604616,
	1.83852 0.610263,
	1.8611 0.621555,
	1.90627 0.659667,
	1.94721 0.704837,
	1.96838 0.727421,
	1.99096 0.745772,
	2.00226 0.754241,
	2.0079 0.758476,
	2.09824 0.768356,
	2.18858 0.812115,
	2.27892 0.851638,
	2.32409 0.872811,
	2.41443 0.901042,
	2.4596 0.916569,
	2.47089 0.922216,
	2.51606 0.901042,
	2.53865 0.888338,
	2.54994 0.882692,
	2.55559 0.879869,
	2.64593 0.895396,
	2.69109 0.905277,
	2.71368 0.909512,
	2.72497 0.912335,
	2.73062 0.915158,
	2.77579 0.905277,
	2.82096 0.88975,
	2.84354 0.879869,
	2.84919 0.878458,
	2.87177 0.88975,
	2.88307 0.895396,
	2.8873 0.917981,
	2.88871 0.940566,
	2.89154 0.951858,
	2.90283 0.974443,
	2.90847 0.980089,
	2.9113 0.982912,
	3.09198 1.01397,
	3.10327 1.01538,
	3.14844 1.02949,
	3.19361 1.05067,
	3.21619 1.06055,
	3.22748 1.06619,
	3.27265 1.07325,
	3.29524 1.07749,
	3.30653 1.0789,
	3.32912 1.08737,
	3.3517 1.10289,
	3.36299 1.10995,
	3.40816 1.12689,
	3.41946 1.13113,
	3.46463 1.12971,
	3.48721 1.1283,
	3.5098 1.12971,
	3.53238 1.14101,
	3.54367 1.14665,
	3.54791 1.16924,
	3.55355 1.25958,
	3.55638 1.30475,
	3.55638 1.32733,
	3.59167 1.41767,
	3.6086 1.46284,
	3.61143 1.50801,
	3.61143 1.53059,
	3.63401 1.57576,
	3.65377 1.59835,
	3.66365 1.60964,
	3.6693 1.61529,
	3.71447 1.70563,
	3.73423 1.7508,
	3.7427 1.77338,
	3.74694 1.78467,
	3.75117 1.87501,
	3.76246 1.8976,
	3.80763 1.85808,
	3.83022 1.8369,
	3.8528 1.82984,
	3.89797 1.82137,
	3.90362 1.81996,
	3.90644 1.81855,
	3.95161 1.85808,
	3.95443 1.86372,
	3.93891 1.90889,
	3.93185 1.93148,
	3.92056 1.95406,
	3.90221 1.97665,
	3.89091 1.98653,
	3.88527 1.99076,
	3.87962 1.99217,
	3.83445 1.9837,
	3.82316 1.98229,
	3.81187 1.98512,
	3.80622 1.98512,
	3.79916 1.995,
	3.78364 2.04017,
	3.76529 2.08534,
	3.74129 2.1305,
	3.71447 2.17567,
	3.70741 2.18697,
	3.706 2.18979,
	3.72859 2.19826,
	3.73847 2.20249,
	3.73847 2.20814,
	3.71871 2.23073,
	3.70882 2.24202,
	3.70318 2.2646,
	3.70318 2.27025,
	3.69753 2.28154,
	3.67918 2.30413,
	3.67354 2.30977,
	3.67212 2.30977,
	3.64813 2.31118,
	3.63684 2.31824,
	3.62272 2.34083,
	3.61707 2.35212,
	3.61425 2.35494,
	3.61002 2.36623,
	3.61002 2.37188,
	3.60719 2.37753,
	3.60437 2.38035,
	3.60155 2.386,
	3.57896 2.40152,
	3.53379 2.42552,
	3.5225 2.43117,
	3.47733 2.46504,
	3.47027 2.47492,
	3.42934 2.56526,
	3.4251 2.57656,
	3.41804 2.58785,
	3.39687 2.60055,
	3.3517 2.62173,
	3.32912 2.63161,
	3.28395 2.64431,
	3.23878 2.65137,
	3.19361 2.6556,
	3.17102 2.65843,
	3.08068 2.65137,
	3.03551 2.64572,
	3.01293 2.64431,
	2.92259 2.65137,
	2.87742 2.64996,
	2.85484 2.64713,
	2.84354 2.64431,
	2.7532 2.63725,
	2.73062 2.63302,
	2.70803 2.62455,
	2.69674 2.62031,
	2.69109 2.6189,
	2.60076 2.63302,
	2.55559 2.64431,
	2.54429 2.63866,
	2.53865 2.63302,
	2.52735 2.62737,
	2.52171 2.62455,
	2.47654 2.64008,
	2.45395 2.64713,
	2.44266 2.65137,
	2.39749 2.64431,
	2.3862 2.64149,
	2.33821 2.55115,
	2.3255 2.52856,
	2.32127 2.52292,
	2.2761 2.49469,
	2.26339 2.44952,
	2.25916 2.42693,
	2.26339 2.40435,
	2.26481 2.39305,
	2.26057 2.34788,
	2.25775 2.33659,
	2.2521 2.3253,
	2.21964 2.28013,
	2.20411 2.25754,
	2.19705 2.24625,
	2.18717 2.23496,
	2.18011 2.22367,
	2.12224 2.04299,
	2.11236 2.0204,
	2.10671 2.00911,
	2.1053 2.00347,
	2.11518 1.91313,
	2.118 1.82279,
	2.11659 1.77762,
	2.11518 1.75503,
	2.11377 1.74374,
	2.08272 1.6534,
	2.07425 1.63082,
	2.03049 1.62658,
	2.0079 1.62517,
	1.99661 1.62517,
	1.95144 1.61529,
	1.92886 1.60964,
	1.91756 1.60682,
	1.90627 1.60682,
	1.89498 1.604,
	1.88369 1.59694,
	1.8244 1.5066,
	1.74394 1.41626,
	1.73406 1.40497,
	1.71148 1.39085,
	1.66631 1.37391,
	1.64372 1.36544,
	1.63243 1.36121,
	1.58726 1.36968,
	1.56468 1.37391,
	1.47434 1.41626,
	1.45175 1.41344,
	1.44611 1.41202,
	1.42352 1.39085,
	1.41223 1.37956,
	1.40658 1.37391,
	1.40376 1.36262,
	1.40799 1.27228,
	1.41082 1.22711,
	1.40376 1.13677,
	1.40094 1.12548,
	1.34306 1.03514,
	1.29648 0.944801,
	1.2866 0.922216,
	1.28237 0.910923,
	1.2372 0.868577,
	1.2259 0.857284,
	1.22026 0.85305,
	1.19767 0.850226,
	1.19203 0.847403,
	1.16803 0.802234,
	1.12709 0.711894,
	1.10733 0.666725,
	1.06216 0.627201,
	1.03958 0.608851,
	1.01699 0.596147,
	0.971823 0.579208,
	0.960531 0.574974,
	0.954885 0.572151,
	0.942181 0.481811,
	0.915361 0.391472,
	0.880073 0.301132,
	0.839137 0.255963,
	0.769971 0.165623,
	0.753033 0.143038,
	0.671163 0.0526991,
	0.630228 0.00752941,
	0.609054 -0.0150554,
	0.563885 -0.0531674,
	0.5413 -0.0715175,
	0.49613 -0.0884562,
	0.473545 -0.0983371,
	0.428376 -0.112453,
	0.407202 -0.125157,
	0.381794 -0.170326,
	0.376148 -0.181619,
	0.371913 -0.187265,
	"/>
</Transform>

<Transform dim="6"
 xcoef=" 0.110007277217632 0.9978609252526 -0.00559610403119931 0 0 0"
 ycoef=" 0.189671756840436 0.000870722519327043 0.965368045057907 0 0 0">
<Contour name="d13p16" hidden="true" closed="true" simplified="false" border="0 0 1" fill="0 0 1" mode="9"
 points="3.78081 1.95124,
	3.77093 1.94136,
	3.78081 1.93148,
	3.79069 1.94136,
	"/>
</Transform>

<Transform dim="6"
 xcoef=" 0.110007277217632 0.9978609252526 -0.00559610403119931 0 0 0"
 ycoef=" 0.189671756840436 0.000870722519327043 0.965368045057907 0 0 0">
<Contour name="d13" hidden="true" closed="true" simplified="true" border="1 1 0" fill="1 1 0" mode="11"
 points="0.840232 3.04693,
	0.846997 3.00364,
	0.849703 2.99281,
	0.892998 2.97117,
	0.914646 2.97252,
	0.92547 2.97658,
	0.968766 3.00228,
	0.990414 3.01581,
	1.00124 3.02258,
	1.00665 3.02529,
	1.04995 3.02258,
	1.07159 3.02123,
	1.11489 3.02529,
	1.12571 3.02799,
	1.14736 3.03882,
	1.15277 3.04017,
	1.19607 3.03205,
	1.20689 3.0307,
	1.25019 3.04152,
	1.27184 3.04693,
	1.28266 3.04964,
	1.28807 3.05099,
	1.29078 3.05099,
	1.30972 3.0307,
	1.35302 3.04152,
	1.36384 3.04558,
	1.36925 3.04693,
	1.41255 3.0334,
	1.45584 3.01446,
	1.47749 3.00634,
	1.56408 3.0077,
	1.60738 3.0104,
	1.6182 3.01446,
	1.63309 3.03611,
	1.6385 3.04693,
	1.62903 3.09023,
	1.62091 3.11188,
	1.59926 3.13352,
	1.58979 3.14435,
	1.57626 3.166,
	1.55461 3.17817,
	1.5492 3.17953,
	1.50591 3.1687,
	1.48426 3.16464,
	1.47343 3.16194,
	1.43014 3.16194,
	1.41931 3.16464,
	1.4139 3.16464,
	1.39767 3.16735,
	1.38684 3.17547,
	1.38008 3.18359,
	1.37737 3.18629,
	1.37061 3.1917,
	1.32731 3.212,
	1.30566 3.22282,
	1.29484 3.22688,
	1.29078 3.23229,
	1.28266 3.27559,
	1.27048 3.31889,
	1.25019 3.33106,
	1.1636 3.35812,
	1.14195 3.36759,
	1.13654 3.36895,
	1.09324 3.35947,
	1.07159 3.35812,
	1.06077 3.35812,
	1.03912 3.36624,
	1.01747 3.36895,
	1.01206 3.3703,
	1.00259 3.36083,
	0.997179 3.35542,
	0.990414 3.33377,
	0.980943 3.31212,
	0.96606 3.29047,
	0.957942 3.27965,
	0.943059 3.23635,
	0.936294 3.2147,
	0.917352 3.17141,
	0.883528 3.12811,
	0.867292 3.10646,
	0.857821 3.09564,
	0.84835 3.07399,
	0.841585 3.05235,
	0.840232 3.04829,
	"/>
</Transform>

<Transform dim="6"
 xcoef=" 0.110007277217632 0.9978609252526 -0.00559610403119931 0 0 0"
 ycoef=" 0.189671756840436 0.000870722519327043 0.965368045057907 0 0 0">
<Contour name="d04" hidden="true" closed="true" simplified="true" border="1 0 0" fill="1 0 0" mode="11"
 points="1.71135 5.24871,
	1.71784 5.17948,
	1.73731 5.14486,
	1.75462 5.15351,
	1.78274 5.22275,
	1.79356 5.25736,
	1.79572 5.26602,
	1.79356 5.27467,
	1.78058 5.29198,
	1.77193 5.29847,
	1.7676 5.30063,
	1.76544 5.29847,
	1.77409 5.28982,
	1.77193 5.28765,
	1.75462 5.29631,
	1.74596 5.30063,
	1.74164 5.3028,
	1.71567 5.26818,
	1.71135 5.25953,
	1.71135 5.25087,
	"/>
</Transform>

<Transform dim="6"
 xcoef=" 0.110007277217632 0.9978609252526 -0.00559610403119931 0 0 0"
 ycoef=" 0.189671756840436 0.000870722519327043 0.965368045057907 0 0 0">
<Contour name="d04" hidden="true" closed="true" simplified="true" border="1 0 0" fill="1 0 0" mode="11"
 points="2.34766 3.50332,
	2.35025 3.48257,
	2.35155 3.4722,
	2.35284 3.46701,
	2.35673 3.46312,
	2.39824 3.44625,
	2.41899 3.43847,
	2.42937 3.43328,
	2.43456 3.43199,
	2.43715 3.43069,
	2.47866 3.44625,
	2.49682 3.46571,
	2.5059 3.47609,
	2.50849 3.48127,
	2.5059 3.50203,
	2.5046 3.5124,
	2.49422 3.53316,
	2.47606 3.55391,
	2.46569 3.56299,
	2.4605 3.56688,
	2.4579 3.56818,
	2.37489 3.55261,
	2.35025 3.5124,
	2.34766 3.50722,
	2.34766 3.50462,
	"/>
</Transform>

<Transform dim="6"
 xcoef=" 0.110007277217632 0.9978609252526 -0.00559610403119931 0 0 0"
 ycoef=" 0.189671756840436 0.000870722519327043 0.965368045057907 0 0 0">
<Contour name="d04" hidden="true" closed="true" simplified="true" border="1 0 0" fill="1 0 0" mode="11"
 points="1.94617 3.14431,
	1.9504 3.07669,
	1.96097 3.00907,
	1.96308 2.99216,
	1.99689 2.9816,
	2.01379 2.97737,
	2.02225 2.97526,
	2.08987 2.99005,
	2.10677 2.99216,
	2.11522 2.99428,
	2.13635 3.02809,
	2.15115 3.0619,
	2.17016 3.12951,
	2.17439 3.16332,
	2.1765 3.18023,
	2.17228 3.21404,
	2.13847 3.24151,
	2.10466 3.25208,
	2.08775 3.25841,
	2.02013 3.23517,
	1.98632 3.22249,
	1.96942 3.20981,
	1.96097 3.20136,
	1.94617 3.1908,
	1.94617 3.15699,
	1.94617 3.14853,
	1.94617 3.14642,
	"/>
</Transform>

<Transform dim="6"
 xcoef=" 0.110007277217632 0.9978609252526 -0.00559610403119931 0 0 0"
 ycoef=" 0.189671756840436 0.000870722519327043 0.965368045057907 0 0 0">
<Contour name="d04" hidden="true" closed="true" simplified="true" border="1 0 0" fill="1 0 0" mode="11"
 points="3.22027 5.06842,
	3.25462 5.05339,
	3.26321 5.0491,
	3.26751 5.0448,
	3.27609 5.04158,
	3.29327 5.04265,
	3.32763 5.03836,
	3.3448 5.03621,
	3.35339 5.03514,
	3.37057 5.04265,
	3.37916 5.04588,
	3.38345 5.04802,
	3.36198 5.08238,
	3.34266 5.11673,
	3.33836 5.12532,
	3.32977 5.13391,
	3.3126 5.14464,
	3.3083 5.14679,
	3.27395 5.13713,
	3.23959 5.11244,
	3.22242 5.09848,
	3.22027 5.09419,
	3.22027 5.0856,
	3.21812 5.07701,
	3.21812 5.07379,
	"/>
</Transform>

<Transform dim="6"
 xcoef=" 0.110007277217632 0.9978609252526 -0.00559610403119931 0 0 0"
 ycoef=" 0.189671756840436 0.000870722519327043 0.965368045057907 0 0 0">
<Contour name="d04" hidden="true" closed="true" simplified="true" border="1 0 0" fill="1 0 0" mode="11"
 points="1.47259 4.32908,
	"/>
</Transform>

<Transform dim="6"
 xcoef=" 0.110007277217632 0.9978609252526 -0.00559610403119931 0 0 0"
 ycoef=" 0.189671756840436 0.000870722519327043 0.965368045057907 0 0 0">
<Contour name="d04" hidden="true" closed="true" simplified="true" border="1 0 0" fill="1 0 0" mode="11"
 points="1.39588 3.9208,
	"/>
</Transform>

<Transform dim="6"
 xcoef=" 0.110007277217632 0.9978609252526 -0.00559610403119931 0 0 0"
 ycoef=" 0.189671756840436 0.000870722519327043 0.965368045057907 0 0 0">
<Contour name="d04" hidden="true" closed="true" simplified="true" border="1 0 0" fill="1 0 0" mode="11"
 points="1.38106 4.18249,
	1.39916 4.14628,
	1.40143 4.13723,
	1.38559 4.10102,
	1.3788 4.08292,
	1.37653 4.07387,
	1.38106 4.05576,
	1.39011 4.03766,
	1.39237 4.02861,
	1.41048 4.01277,
	1.41274 4.00371,
	1.41048 3.99466,
	1.41048 3.99014,
	1.40369 3.98108,
	1.41048 3.96298,
	1.40369 3.95393,
	1.40143 3.94488,
	1.40369 3.92677,
	1.40822 3.91772,
	1.42632 3.90414,
	1.43537 3.89735,
	1.4399 3.8883,
	1.44216 3.88378,
	1.4399 3.88151,
	1.458 3.8453,
	1.46253 3.83625,
	1.46479 3.83173,
	1.45574 3.81362,
	1.44669 3.8091,
	1.44442 3.80683,
	1.47837 3.77289,
	1.49647 3.75705,
	1.49874 3.75252,
	1.49421 3.74347,
	1.49195 3.74121,
	1.50326 3.7231,
	1.49647 3.72084,
	1.49195 3.71179,
	1.49647 3.69368,
	1.52137 3.65748,
	1.55531 3.62353,
	1.56436 3.61448,
	1.60057 3.54206,
	1.60283 3.53301,
	1.60057 3.52396,
	1.60283 3.51491,
	1.62094 3.49906,
	1.62546 3.4968,
	1.63452 3.49906,
	1.65262 3.49454,
	1.67072 3.4968,
	1.68883 3.48775,
	1.69788 3.48096,
	1.70241 3.47643,
	1.73861 3.46738,
	1.75672 3.46965,
	1.79293 3.46059,
	1.81103 3.45607,
	1.82008 3.4538,
	1.85629 3.46286,
	1.86082 3.46286,
	1.86534 3.47191,
	1.86308 3.47643,
	1.93323 3.50812,
	1.94228 3.51264,
	1.96039 3.51491,
	1.96718 3.51264,
	2.00338 3.53075,
	2.0758 3.55338,
	2.14822 3.56469,
	2.16632 3.56243,
	2.18443 3.56469,
	2.20253 3.57374,
	2.21837 3.58959,
	2.22742 3.59864,
	2.23195 3.61674,
	2.23647 3.62579,
	2.23421 3.62806,
	2.26137 3.66426,
	2.27721 3.68237,
	2.28852 3.70047,
	2.28626 3.70952,
	2.284 3.71405,
	2.28852 3.7231,
	2.29079 3.72763,
	2.28852 3.73215,
	2.29305 3.74121,
	2.29305 3.77741,
	2.29305 3.79552,
	2.29984 3.81362,
	2.31794 3.8272,
	2.32699 3.83173,
	2.33152 3.83625,
	2.33378 3.85436,
	2.33152 3.87246,
	2.33152 3.87699,
	2.32473 3.88378,
	2.33152 3.89283,
	2.34057 3.89509,
	2.34284 3.91319,
	2.34057 3.9313,
	2.34284 3.9494,
	2.35415 3.96751,
	2.36094 3.97656,
	2.36547 4.01277,
	2.36999 4.03087,
	2.36999 4.0354,
	2.38357 4.0535,
	2.38583 4.0716,
	2.38131 4.10781,
	2.38131 4.11686,
	2.3632 4.15307,
	2.36094 4.16212,
	2.36547 4.18023,
	2.3632 4.18928,
	2.36547 4.19833,
	2.36547 4.20286,
	2.39262 4.23907,
	2.40394 4.25717,
	2.4062 4.26622,
	2.40167 4.28433,
	2.39036 4.30243,
	2.3881 4.30469,
	2.39036 4.30922,
	2.38131 4.32732,
	2.37452 4.33638,
	2.37225 4.33864,
	2.36999 4.33638,
	2.36773 4.35448,
	2.37225 4.39069,
	2.36999 4.40879,
	2.37225 4.4269,
	2.36773 4.445,
	2.36999 4.44953,
	2.35641 4.46763,
	2.33831 4.47894,
	2.32926 4.47216,
	2.31115 4.48347,
	2.3021 4.49026,
	2.284 4.48573,
	2.27947 4.48347,
	2.24326 4.49479,
	2.23874 4.49705,
	2.22063 4.49026,
	2.21611 4.49252,
	2.1799 4.46989,
	2.17537 4.46763,
	2.15727 4.47668,
	2.14822 4.47894,
	2.13917 4.47668,
	2.13464 4.47442,
	2.11654 4.48347,
	2.08033 4.488,
	2.04412 4.49705,
	2.02601 4.49931,
	2.00791 4.5061,
	1.99886 4.51063,
	1.99433 4.51289,
	1.98528 4.51063,
	1.96718 4.51742,
	1.94907 4.51968,
	1.91286 4.51742,
	1.90381 4.51742,
	1.89476 4.5242,
	1.86308 4.54683,
	1.84497 4.55815,
	1.82687 4.56494,
	1.79066 4.56946,
	1.77256 4.5672,
	1.73635 4.5491,
	1.71825 4.54231,
	1.70919 4.53778,
	1.70241 4.52873,
	1.70014 4.52647,
	1.70241 4.5242,
	1.6843 4.51289,
	1.67978 4.5061,
	1.68204 4.50384,
	1.64583 4.47442,
	1.60962 4.43821,
	1.59152 4.42463,
	1.58699 4.42916,
	1.56889 4.42011,
	1.56663 4.41784,
	1.5621 4.42011,
	1.544 4.41105,
	1.51005 4.37711,
	1.49421 4.35901,
	1.47158 4.3228,
	1.46705 4.31827,
	1.46932 4.31375,
	1.43763 4.27754,
	1.41953 4.2617,
	1.40595 4.24359,
	1.38785 4.20738,
	1.38332 4.18928,
	1.38106 4.18475,
	"/>
</Transform>

<Transform dim="6"
 xcoef=" 0.110007277217632 0.9978609252526 -0.00559610403119931 0 0 0"
 ycoef=" 0.189671756840436 0.000870722519327043 0.965368045057907 0 0 0">
<Contour name="d13c12a" hidden="true" closed="true" simplified="true" border="0.5 0 1" fill="0.5 0 1" mode="-11"
 points="3.51304 2.92672,
	3.51465 2.92511,
	3.56458 2.95572,
	3.57747 2.96216,
	3.58069 2.96538,
	3.59035 3.01693,
	3.59357 3.0427,
	3.59679 3.05558,
	3.59679 3.06203,
	3.59357 3.06847,
	3.58069 3.0733,
	3.55492 3.07491,
	3.55008 3.07008,
	3.53075 3.01854,
	3.51948 2.99277,
	3.51465 2.94122,
	3.51304 2.92834,
	"/>
</Transform>

<Transform dim="6"
 xcoef=" 0.110007277217632 0.9978609252526 -0.00559610403119931 0 0 0"
 ycoef=" 0.189671756840436 0.000870722519327043 0.965368045057907 0 0 0">
<Contour name="d13cfa12a" comment="s_ especially those ones seen in the movie Home Alone where the" hidden="true" closed="false" simplified="false" border="0.5 0 1" fill="0.5 0 1" mode="13"
 points="3.51869 2.92403,
	3.5348 2.96913,
	3.58151 3.069,
	"/>
</Transform>

<Transform dim="6"
 xcoef=" 0.110007277217632 0.9978609252526 -0.00559610403119931 0 0 0"
 ycoef=" 0.189671756840436 0.000870722519327043 0.965368045057907 0 0 0">
<Contour name="d13dia12a" hidden="true" closed="false" simplified="true" border="0 1 1" fill="0 1 1" mode="11"
 points="3.68459 3.09477,
	3.52513 2.7839,
	"/>
</Transform>

<Transform dim="6"
 xcoef=" 0.110007277217632 0.9978609252526 -0.00559610403119931 0 0 0"
 ycoef=" 0.189671756840436 0.000870722519327043 0.965368045057907 0 0 0">
<Contour name="d13c13" hidden="true" closed="true" simplified="true" border="1 0 0.5" fill="1 0 0.5" mode="11"
 points="3.12332 -0.12881,
	3.12459 -0.149215,
	3.1348 -0.159418,
	3.1552 -0.145389,
	3.19601 -0.110955,
	3.23682 -0.0726946,
	3.24065 -0.0675932,
	3.2432 -0.0267822,
	3.2432 -0.00637672,
	3.24447 0.00382603,
	3.24575 0.00892741,
	3.27636 0.0497384,
	3.31589 0.0726946,
	3.32482 0.0790713,
	3.32992 0.0892741,
	3.33247 0.0943754,
	3.33375 0.0969261,
	3.32482 0.105854,
	3.2432 0.102028,
	3.2381 0.102028,
	3.23555 0.102028,
	3.19729 0.0612165,
	3.17943 0.040811,
	3.17433 0.0357096,
	3.1399 -0.0459124,
	3.12842 -0.0867234,
	3.12332 -0.107129,
	3.12332 -0.127534,
	"/>
</Transform>

<Transform dim="6"
 xcoef=" 0.110007277217632 0.9978609252526 -0.00559610403119931 0 0 0"
 ycoef=" 0.189671756840436 0.000870722519327043 0.965368045057907 0 0 0">
<Contour name="d13cfa13" hidden="true" closed="false" simplified="false" border="1 0 0.5" fill="1 0 0.5" mode="-13"
 points="3.13001 -0.154663,
	3.14786 -0.111301,
	3.18485 -0.00672307,
	3.33151 0.102956,
	"/>
</Transform>

<Transform dim="6"
 xcoef=" 0.110007277217632 0.9978609252526 -0.00559610403119931 0 0 0"
 ycoef=" 0.189671756840436 0.000870722519327043 0.965368045057907 0 0 0">
<Contour name="d13" hidden="true" closed="true" simplified="true" border="1 1 0" fill="1 1 0" mode="11"
 points="3.51943 3.78251,
	3.5277 3.72956,
	3.54424 3.67662,
	3.55417 3.65014,
	3.66007 3.60381,
	3.67331 3.59719,
	3.72626 3.61705,
	3.75273 3.62863,
	3.75935 3.63194,
	3.8123 3.64021,
	3.83877 3.64518,
	3.84208 3.64518,
	3.87352 3.69813,
	3.87683 3.70309,
	3.86359 3.70971,
	3.83712 3.71633,
	3.73122 3.73453,
	3.67827 3.7428,
	3.62532 3.76597,
	3.57237 3.79244,
	3.5459 3.80568,
	3.53928 3.80899,
	3.5277 3.79575,
	3.52108 3.78913,
	3.51943 3.78417,
	"/>
</Transform>

<Transform dim="6"
 xcoef=" 0.110007277217632 0.9978609252526 -0.00559610403119931 0 0 0"
 ycoef=" 0.189671756840436 0.000870722519327043 0.965368045057907 0 0 0">
<Contour name="d13" hidden="true" closed="true" simplified="true" border="1 1 0" fill="1 1 0" mode="11"
 points="-0.232471 0.658843,
	-0.223089 0.625484,
	-0.221004 0.617144,
	-0.154286 0.588997,
	-0.0875677 0.58587,
	-0.0542086 0.586912,
	-0.0500387 0.587955,
	-0.0344016 0.604634,
	-0.0281468 0.612974,
	-0.037529 0.646333,
	-0.0385715 0.650503,
	-0.0646333 0.68282,
	-0.0813129 0.694287,
	-0.0896527 0.699499,
	-0.0938226 0.702627,
	-0.160541 0.707839,
	-0.1939 0.709924,
	-0.20224 0.702627,
	-0.20641 0.699499,
	-0.214749 0.699499,
	-0.229344 0.66614,
	-0.231429 0.66197,
	-0.232471 0.659885,
	"/>
</Transform>

<Transform dim="6"
 xcoef=" 0.110007277217632 0.9978609252526 -0.00559610403119931 0 0 0"
 ycoef=" 0.189671756840436 0.000870722519327043 0.965368045057907 0 0 0">
<Contour name="d13" hidden="true" closed="true" simplified="true" border="1 1 0" fill="1 1 0" mode="11"
 points="0.171657 0.965305,
	0.21722 0.89749,
	0.223578 0.889013,
	0.256426 0.870999,
	0.290333 0.856165,
	0.324241 0.854046,
	0.332718 0.852986,
	0.334837 0.852986,
	0.349671 0.86994,
	0.422784 1.00557,
	0.440798 1.03948,
	0.450334 1.05643,
	0.477884 1.12425,
	0.481063 1.13272,
	0.480003 1.16663,
	0.474705 1.20054,
	0.466228 1.21749,
	0.46093 1.22597,
	0.429142 1.25988,
	0.413248 1.27683,
	0.388877 1.31074,
	0.382519 1.31921,
	0.37934 1.32239,
	0.362387 1.32769,
	0.345433 1.32875,
	0.336956 1.32875,
	0.320002 1.32239,
	0.303048 1.31392,
	0.286095 1.30332,
	0.239472 1.23551,
	0.21722 1.2016,
	0.210862 1.19312,
	0.207684 1.18888,
	0.206624 1.18782,
	0.202386 1.18888,
	0.200266 1.18994,
	0.198147 1.18888,
	0.184372 1.12107,
	0.178014 1.08716,
	0.174836 1.07021,
	0.172716 1.0363,
	0.171657 0.968484,
	0.171657 0.966364,
	"/>
</Transform>

<Transform dim="6"
 xcoef=" 0.110007277217632 0.9978609252526 -0.00559610403119931 0 0 0"
 ycoef=" 0.189671756840436 0.000870722519327043 0.965368045057907 0 0 0">
<Contour name="d13" hidden="true" closed="true" simplified="true" border="1 1 0" fill="1 1 0" mode="11"
 points="1.75927 0.323202,
	1.76625 0.295249,
	1.768 0.288261,
	1.76975 0.284767,
	1.7977 0.269917,
	1.81168 0.264676,
	1.81517 0.263802,
	1.81692 0.262929,
	1.84487 0.287387,
	1.90078 0.341546,
	1.91475 0.354648,
	1.91825 0.357269,
	1.91999 0.359016,
	1.94795 0.365131,
	1.96192 0.367751,
	1.96542 0.368625,
	1.99337 0.354648,
	2.00734 0.34766,
	2.01433 0.344166,
	2.04229 0.351154,
	2.05626 0.353775,
	2.06325 0.355522,
	2.06674 0.357269,
	2.09208 0.385221,
	2.1043 0.399198,
	2.10256 0.42715,
	2.09994 0.434138,
	2.0912 0.448115,
	2.06412 0.469953,
	2.05713 0.476067,
	2.05015 0.480435,
	2.03617 0.485676,
	1.98027 0.493538,
	1.92436 0.497905,
	1.91038 0.499652,
	1.90689 0.499652,
	1.85098 0.470826,
	1.82303 0.455103,
	1.80906 0.447241,
	1.78809 0.419289,
	1.78547 0.415795,
	1.78372 0.414048,
	1.7846 0.386095,
	1.7846 0.372119,
	1.7846 0.365131,
	1.78198 0.358142,
	1.76276 0.33019,
	1.76014 0.326696,
	1.75927 0.324075,
	"/>
</Transform>

<Transform dim="6"
 xcoef=" 0.110007277217632 0.9978609252526 -0.00559610403119931 0 0 0"
 ycoef=" 0.189671756840436 0.000870722519327043 0.965368045057907 0 0 0">
<Contour name="d13c17b" hidden="true" closed="true" simplified="true" border="1 0 1" fill="1 0 1" mode="-11"
 points="0.876964 3.13014,
	0.885723 3.12795,
	0.890102 3.12685,
	0.90762 3.1378,
	0.925137 3.15203,
	0.933896 3.1586,
	0.938275 3.16298,
	0.947034 3.16736,
	0.952508 3.17503,
	0.979879 3.2451,
	0.986448 3.26261,
	0.989732 3.27137,
	0.990827 3.27575,
	0.991922 3.27794,
	0.989732 3.28232,
	0.991922 3.31735,
	0.993017 3.32611,
	0.990827 3.33487,
	0.988637 3.33925,
	0.987543 3.34144,
	0.978784 3.34144,
	0.974405 3.34144,
	0.956887 3.33378,
	0.928421 3.29874,
	0.90105 3.22867,
	0.890102 3.19364,
	0.884628 3.17612,
	0.878059 3.14109,
	0.876964 3.13233,
	0.876964 3.13123,
	"/>
</Transform>

<Transform dim="6"
 xcoef=" 0.110007277217632 0.9978609252526 -0.00559610403119931 0 0 0"
 ycoef=" 0.189671756840436 0.000870722519327043 0.965368045057907 0 0 0">
<Contour name="d13cfa17b" hidden="true" closed="false" simplified="false" border="1 0 1" fill="1 0 1" mode="9"
 points="0.883041 3.12638,
	0.943257 3.24463,
	0.98924 3.33988,
	"/>
</Transform>

<Transform dim="6"
 xcoef=" 0.110007277217632 0.9978609252526 -0.00559610403119931 0 0 0"
 ycoef=" 0.189671756840436 0.000870722519327043 0.965368045057907 0 0 0">
<Contour name="d13rn15a36" hidden="true" closed="true" simplified="false" border="1 0 1" fill="1 0 1" mode="-11"
 points="1.91004 1.2813,
	1.91004 1.27408,
	1.91725 1.26686,
	1.92447 1.26686,
	1.93169 1.27408,
	1.93169 1.2813,
	1.92447 1.28852,
	1.91725 1.28852,
	"/>
<Contour name="d13rn15a37" hidden="true" closed="true" simplified="false" border="1 0 1" fill="1 0 1" mode="-11"
 points="1.87575 1.26686,
	1.87575 1.25964,
	1.88297 1.25243,
	1.89019 1.25243,
	1.8974 1.25964,
	1.8974 1.26686,
	1.89019 1.27408,
	1.88297 1.27408,
	"/>
<Contour name="d13rn15a38" hidden="true" closed="true" simplified="false" border="1 0 1" fill="1 0 1" mode="-11"
 points="1.9371 1.26867,
	1.9371 1.26145,
	1.94432 1.25423,
	1.95154 1.25423,
	1.95876 1.26145,
	1.95876 1.26867,
	1.95154 1.27588,
	1.94432 1.27588,
	"/>
<Contour name="d13rn15a39" hidden="true" closed="true" simplified="false" border="1 0 1" fill="1 0 1" mode="-11"
 points="1.93169 1.22536,
	1.93169 1.21814,
	1.93891 1.21092,
	1.94613 1.21092,
	1.95334 1.21814,
	1.95334 1.22536,
	1.94613 1.23258,
	1.93891 1.23258,
	"/>
</Transform>

<Transform dim="6"
 xcoef=" 0.110007277217632 0.9978609252526 -0.00559610403119931 0 0 0"
 ycoef=" 0.189671756840436 0.000870722519327043 0.965368045057907 0 0 0">
<Contour name="d01" hidden="false" closed="true" simplified="true" border="1 1 0" fill="1 0.5 0" mode="9"
 points="4.88656 3.78681,
	4.89558 3.75792,
	4.89558 3.74347,
	4.8992 3.72902,
	4.89739 3.71458,
	4.89739 3.70735,
	4.90461 3.70194,
	4.91906 3.69832,
	4.93351 3.69832,
	4.94795 3.70194,
	4.95518 3.70374,
	4.9624 3.70916,
	4.96601 3.70916,
	4.97323 3.71458,
	4.98768 3.71277,
	5.01657 3.71458,
	5.04547 3.71277,
	5.07436 3.71819,
	5.087 3.72902,
	5.09423 3.74347,
	5.09603 3.75069,
	5.11048 3.75972,
	5.1177 3.76153,
	5.13034 3.77236,
	5.13937 3.78681,
	5.15201 3.80126,
	5.15382 3.83015,
	5.1484 3.8446,
	5.13034 3.86988,
	5.12312 3.87529,
	5.10867 3.8771,
	5.09423 3.87349,
	5.08158 3.86265,
	5.07436 3.85724,
	5.04547 3.85363,
	5.03102 3.85001,
	4.97323 3.84821,
	4.95879 3.84279,
	4.90281 3.80306,
	4.88836 3.79403,
	4.88656 3.78862,
	"/>
<Contour name="d01" hidden="false" closed="true" simplified="true" border="1 1 0" fill="1 0.5 0" mode="9"
 points="3.96197 3.53038,
	3.96378 3.50149,
	3.96559 3.48704,
	3.971 3.4726,
	4.00893 3.41842,
	4.03782 3.39856,
	4.04324 3.39133,
	4.04324 3.36244,
	4.04865 3.34799,
	4.0631 3.33535,
	4.07394 3.32271,
	4.07935 3.29382,
	4.08116 3.27937,
	4.08116 3.27215,
	4.08477 3.26493,
	4.09199 3.20714,
	4.10283 3.17825,
	4.10463 3.14935,
	4.12089 3.12046,
	4.1245 3.09157,
	4.1245 3.08796,
	4.12089 3.08434,
	4.11728 3.0699,
	4.11005 3.05545,
	4.10644 3.041,
	4.09922 3.02656,
	4.09741 3.01934,
	4.09741 3.01572,
	4.0938 3.01211,
	4.08838 2.99767,
	4.09019 2.93988,
	4.09019 2.93266,
	4.0938 2.92543,
	4.09561 2.91099,
	4.11908 2.8839,
	4.14617 2.86042,
	4.157 2.84778,
	4.16423 2.84236,
	4.17867 2.83875,
	4.1859 2.83514,
	4.21479 2.83514,
	4.22924 2.84236,
	4.23646 2.84778,
	4.25091 2.8532,
	4.2798 2.85501,
	4.28702 2.85681,
	4.30508 2.8857,
	4.31592 2.9146,
	4.31953 2.92904,
	4.31953 2.94349,
	4.31953 2.9471,
	4.31592 2.95071,
	4.31953 2.96516,
	4.31953 2.97961,
	4.31411 2.99405,
	4.3105 3.00128,
	4.30869 3.03017,
	4.3105 3.04462,
	4.31411 3.04823,
	4.3123 3.07712,
	4.31411 3.09157,
	4.3123 3.10601,
	4.3123 3.10963,
	4.30327 3.12407,
	4.30869 3.1313,
	4.31411 3.14574,
	4.31592 3.16019,
	4.31592 3.16741,
	4.30869 3.18186,
	4.30689 3.19631,
	4.32314 3.2252,
	4.33217 3.23965,
	4.34481 3.25048,
	4.35384 3.26493,
	4.35926 3.27215,
	4.35926 3.27576,
	4.3737 3.27757,
	4.38815 3.2866,
	4.42607 3.34438,
	4.4351 3.35702,
	4.46219 3.37869,
	4.46941 3.38592,
	4.47122 3.39314,
	4.46941 3.39856,
	4.4983 3.413,
	4.51275 3.41842,
	4.54164 3.42203,
	4.57054 3.43106,
	4.57415 3.43106,
	4.57776 3.43467,
	4.58498 3.43648,
	4.59943 3.44732,
	4.61207 3.46176,
	4.61568 3.46898,
	4.62832 3.48163,
	4.64819 3.50691,
	4.67166 3.53399,
	4.67527 3.53761,
	4.68972 3.54122,
	4.70417 3.54844,
	4.70778 3.55025,
	4.70778 3.55747,
	4.70236 3.57192,
	4.70056 3.60081,
	4.70056 3.60442,
	4.715 3.61345,
	4.72764 3.62609,
	4.73125 3.6279,
	4.72945 3.64234,
	4.70597 3.66763,
	4.69153 3.67665,
	4.68611 3.68207,
	4.65722 3.68207,
	4.64999 3.68388,
	4.63555 3.69471,
	4.61568 3.72361,
	4.60304 3.73444,
	4.57415 3.74889,
	4.54526 3.76695,
	4.51817 3.78862,
	4.51456 3.78862,
	4.48747 3.80667,
	4.47302 3.81029,
	4.45858 3.81751,
	4.45496 3.81751,
	4.45135 3.82112,
	4.43691 3.82654,
	4.42246 3.82834,
	4.39357 3.84279,
	4.37912 3.8464,
	4.35023 3.84279,
	4.33578 3.84279,
	4.32856 3.84279,
	4.30147 3.86446,
	4.28702 3.87349,
	4.2798 3.8771,
	4.27258 3.8771,
	4.24368 3.88613,
	4.23646 3.88613,
	4.22201 3.8771,
	4.21118 3.86627,
	4.18409 3.84279,
	4.17326 3.82834,
	4.14617 3.80306,
	4.13353 3.79042,
	4.1245 3.77959,
	4.12089 3.77236,
	4.09561 3.74708,
	4.05046 3.6911,
	4.03782 3.67665,
	4.02879 3.66582,
	4.01615 3.65318,
	4.00893 3.64957,
	3.99629 3.63512,
	3.98003 3.60803,
	3.9692 3.57914,
	3.96378 3.56469,
	3.96197 3.5358,
	3.96197 3.53219,
	"/>
<Contour name="d01" hidden="false" closed="true" simplified="true" border="1 1 0" fill="1 0.5 0" mode="9"
 points="2.88751 4.31411,
	2.89112 4.28522,
	2.89654 4.27077,
	2.90015 4.26355,
	2.90737 4.25813,
	2.9146 4.24368,
	2.92001 4.21479,
	2.92001 4.20034,
	2.92724 4.17145,
	2.93627 4.15881,
	2.96155 4.13714,
	3.01934 4.12811,
	3.07712 4.1263,
	3.09157 4.1263,
	3.14935 4.11005,
	3.1638 4.10283,
	3.17102 4.10283,
	3.17464 4.09922,
	3.18908 4.09561,
	3.19631 4.09199,
	3.25409 4.09019,
	3.31188 4.08477,
	3.32632 4.08658,
	3.33355 4.08838,
	3.36244 4.10825,
	3.36786 4.11547,
	3.37147 4.11908,
	3.37147 4.12269,
	3.37689 4.12992,
	3.38953 4.13714,
	3.39675 4.14075,
	3.45454 4.13895,
	3.48343 4.13714,
	3.49788 4.13714,
	3.51232 4.13353,
	3.54122 4.13533,
	3.55566 4.14256,
	3.56469 4.157,
	3.56831 4.17145,
	3.56831 4.17867,
	3.57192 4.1859,
	3.57011 4.21479,
	3.56469 4.24368,
	3.56289 4.27258,
	3.55747 4.30147,
	3.54122 4.33036,
	3.51413 4.35745,
	3.51232 4.36467,
	3.50871 4.36828,
	3.5051 4.38273,
	3.50149 4.38634,
	3.49968 4.39357,
	3.48885 4.40801,
	3.46176 4.43149,
	3.43467 4.45858,
	3.42745 4.4658,
	3.413 4.4658,
	3.40578 4.4658,
	3.39314 4.47844,
	3.38953 4.48205,
	3.36064 4.48205,
	3.34619 4.48386,
	3.33716 4.47483,
	3.33716 4.4676,
	3.32994 4.45316,
	3.31188 4.42968,
	3.30827 4.42246,
	3.29382 4.41162,
	3.27937 4.4044,
	3.27215 4.40079,
	3.21436 4.39176,
	3.15658 4.37912,
	3.14213 4.37551,
	3.08434 4.37912,
	3.05545 4.38454,
	3.041 4.39357,
	3.02656 4.39718,
	3.02295 4.39718,
	3.01934 4.40079,
	2.99225 4.41343,
	2.9778 4.41885,
	2.96335 4.42065,
	2.93446 4.41162,
	2.92182 4.39898,
	2.9146 4.39537,
	2.90737 4.38815,
	2.90015 4.3737,
	2.89654 4.36648,
	2.89293 4.36467,
	2.89293 4.35745,
	2.88932 4.35023,
	2.88751 4.32133,
	2.88751 4.31592,
	"/>
</Transform>

<Transform dim="6"
 xcoef=" 0.110007277217632 0.9978609252526 -0.00559610403119931 0 0 0"
 ycoef=" 0.189671756840436 0.000870722519327043 0.965368045057907 0 0 0">
<Contour name="d02" hidden="true" closed="true" simplified="true" border="0.5 0 1" fill="0.5 0 1" mode="11"
 points="6.67981 4.27648,
	6.68779 4.2653,
	6.70057 4.26051,
	6.70695 4.25732,
	6.7325 4.25732,
	6.75646 4.24614,
	6.76284 4.24614,
	6.77562 4.25253,
	6.78201 4.25572,
	6.7852 4.25572,
	6.78839 4.25891,
	6.81394 4.26051,
	6.82672 4.26371,
	6.83151 4.27648,
	6.8347 4.28287,
	6.8347 4.28606,
	6.85866 4.30363,
	6.86345 4.31002,
	6.86664 4.32279,
	6.86984 4.32918,
	6.86824 4.35473,
	6.86505 4.35792,
	6.86185 4.3707,
	6.85227 4.38347,
	6.82672 4.38826,
	6.81394 4.38986,
	6.81075 4.38986,
	6.80596 4.39625,
	6.80596 4.40902,
	6.80436 4.41541,
	6.80117 4.4186,
	6.79478 4.4186,
	6.79159 4.4186,
	6.74208 4.38507,
	6.72931 4.37549,
	6.71813 4.36271,
	6.71174 4.35633,
	6.69897 4.34834,
	6.69897 4.34195,
	6.68939 4.3164,
	6.68619 4.29085,
	6.67981 4.28447,
	6.67981 4.27808,
	"/>
<Contour name="d02" hidden="true" closed="true" simplified="true" border="0.5 0 1" fill="0.5 0 1" mode="11"
 points="7.66988 4.24933,
	7.67307 4.23656,
	7.67627 4.23017,
	7.67946 4.22698,
	7.67946 4.22378,
	7.68904 4.21261,
	7.69543 4.20781,
	7.69862 4.20462,
	7.72417 4.19504,
	7.73695 4.19185,
	7.7625 4.20143,
	7.77527 4.20622,
	7.80082 4.20781,
	7.8136 4.20941,
	7.81999 4.21101,
	7.82318 4.2142,
	7.84873 4.22538,
	7.86151 4.23017,
	7.86789 4.23017,
	7.87428 4.23336,
	7.89983 4.23656,
	7.91261 4.23816,
	7.93816 4.23336,
	7.95093 4.22857,
	7.95732 4.22698,
	7.96051 4.22378,
	7.98447 4.21261,
	7.99724 4.20622,
	8.02279 4.20462,
	8.03557 4.20941,
	8.04196 4.21101,
	8.05473 4.22059,
	8.06112 4.22538,
	8.06112 4.22857,
	8.06431 4.23177,
	8.06431 4.24454,
	8.05952 4.25093,
	8.05313 4.25412,
	8.02758 4.25412,
	8.01481 4.25412,
	8.00842 4.25412,
	7.99565 4.25891,
	7.98926 4.26371,
	7.97648 4.2685,
	7.95093 4.28447,
	7.93975 4.29405,
	7.93656 4.30043,
	7.91261 4.32119,
	7.90143 4.33078,
	7.89025 4.33716,
	7.87748 4.34834,
	7.84075 4.39465,
	7.82318 4.44575,
	7.82478 4.4713,
	7.82638 4.47769,
	7.82638 4.48088,
	7.82957 4.48408,
	7.83436 4.49685,
	7.83596 4.50963,
	7.83436 4.56073,
	7.83436 4.58628,
	7.82957 4.59905,
	7.81999 4.61183,
	7.80721 4.6246,
	7.80082 4.62939,
	7.78805 4.63099,
	7.77527 4.6262,
	7.75611 4.60384,
	7.74813 4.59267,
	7.74813 4.58947,
	7.74493 4.58628,
	7.74493 4.58308,
	7.74014 4.5767,
	7.73695 4.56392,
	7.73695 4.55115,
	7.74014 4.53837,
	7.73855 4.53198,
	7.74014 4.51921,
	7.72896 4.49366,
	7.72258 4.48088,
	7.72258 4.47769,
	7.70661 4.45214,
	7.70182 4.43936,
	7.70022 4.41381,
	7.70182 4.40104,
	7.70182 4.39465,
	7.70501 4.39146,
	7.70501 4.38826,
	7.7098 4.38188,
	7.7114 4.38028,
	7.70341 4.3691,
	7.69224 4.35633,
	7.68425 4.34515,
	7.67946 4.33876,
	7.66988 4.31321,
	7.67148 4.28766,
	7.66988 4.26211,
	7.66988 4.25093,
	"/>
</Transform>

<Transform dim="6"
 xcoef=" 0.110007277217632 0.9978609252526 -0.00559610403119931 0 0 0"
 ycoef=" 0.189671756840436 0.000870722519327043 0.965368045057907 0 0 0">
<Contour name="d02" hidden="true" closed="true" simplified="true" border="0.5 0 1" fill="0.5 0 1" mode="11"
 points="5.52845 3.15546,
	5.53164 3.14269,
	5.53164 3.1363,
	5.54282 3.12672,
	5.554 3.12033,
	5.56517 3.10915,
	5.56996 3.10436,
	5.57316 3.09159,
	5.57955 3.08999,
	5.58274 3.0868,
	5.58274 3.07402,
	5.60031 3.02292,
	5.6051 3.01014,
	5.60829 2.98459,
	5.60989 2.97182,
	5.61148 2.96543,
	5.61627 2.95904,
	5.62266 2.95904,
	5.62586 2.95585,
	5.63224 2.95425,
	5.63544 2.95266,
	5.63863 2.93988,
	5.63863 2.88878,
	5.64023 2.88239,
	5.64023 2.8792,
	5.64502 2.87281,
	5.6562 2.84726,
	5.65939 2.84087,
	5.65939 2.83768,
	5.66258 2.83449,
	5.66578 2.82171,
	5.66897 2.81532,
	5.67057 2.80255,
	5.67536 2.78977,
	5.67855 2.78339,
	5.68175 2.78179,
	5.68654 2.76901,
	5.69772 2.75784,
	5.7057 2.74506,
	5.71528 2.73548,
	5.72007 2.72909,
	5.72327 2.71632,
	5.72486 2.70993,
	5.72486 2.70673,
	5.73444 2.69715,
	5.74722 2.69236,
	5.75999 2.69236,
	5.77277 2.70035,
	5.77756 2.70673,
	5.78555 2.73228,
	5.79034 2.74506,
	5.79034 2.75145,
	5.79353 2.75464,
	5.81908 2.76263,
	5.83186 2.76742,
	5.88296 2.77061,
	5.89573 2.7738,
	5.90212 2.777,
	5.90531 2.777,
	5.91809 2.78658,
	5.92767 2.79776,
	5.93246 2.80255,
	5.94523 2.80255,
	5.95801 2.80574,
	5.9644 2.80734,
	5.97238 2.82011,
	5.97558 2.8265,
	6.00113 2.84407,
	6.0139 2.84566,
	6.03945 2.85365,
	6.05223 2.85525,
	6.065 2.86004,
	6.07778 2.86163,
	6.10333 2.87121,
	6.10971 2.87441,
	6.11291 2.8776,
	6.12568 2.8792,
	6.13207 2.8808,
	6.13526 2.8808,
	6.14165 2.88559,
	6.14804 2.88718,
	6.15123 2.89038,
	6.17678 2.89197,
	6.18956 2.89197,
	6.21511 2.90315,
	6.24066 2.90315,
	6.25343 2.90475,
	6.25982 2.90635,
	6.271 2.91593,
	6.29655 2.92232,
	6.3221 2.92551,
	6.34765 2.93349,
	6.36043 2.93988,
	6.38598 2.93828,
	6.39875 2.93669,
	6.41153 2.9319,
	6.43708 2.9319,
	6.44985 2.9303,
	6.46103 2.92232,
	6.46902 2.91433,
	6.4754 2.91273,
	6.48658 2.90475,
	6.51213 2.89676,
	6.51852 2.89517,
	6.54407 2.90635,
	6.55684 2.91752,
	6.56483 2.9303,
	6.56962 2.94307,
	6.57281 2.94946,
	6.57281 2.95266,
	6.57601 2.95585,
	6.57601 2.96863,
	6.56323 2.99418,
	6.56004 3.00695,
	6.55205 3.01973,
	6.54088 3.0309,
	6.53289 3.04368,
	6.5297 3.05645,
	6.53449 3.082,
	6.53768 3.08839,
	6.53289 3.13949,
	6.53129 3.15227,
	6.53129 3.15866,
	6.54247 3.18421,
	6.55046 3.19698,
	6.55525 3.20337,
	6.56004 3.21614,
	6.56323 3.22253,
	6.56643 3.22572,
	6.56802 3.23211,
	6.59517 3.28162,
	6.59836 3.28481,
	6.59836 3.29759,
	6.59198 3.30397,
	6.58719 3.31675,
	6.58878 3.36785,
	6.59996 3.3934,
	6.60315 3.39659,
	6.60795 3.40937,
	6.60795 3.41256,
	6.61753 3.42374,
	6.62072 3.43651,
	6.62072 3.4429,
	6.61274 3.45568,
	6.61433 3.46845,
	6.62551 3.48123,
	6.6303 3.494,
	6.6287 3.51955,
	6.6303 3.5451,
	6.63509 3.57065,
	6.6303 3.5962,
	6.62391 3.60898,
	6.61433 3.62175,
	6.60156 3.63293,
	6.5824 3.65689,
	6.5824 3.66008,
	6.5792 3.66327,
	6.5792 3.67605,
	6.5776 3.68244,
	6.5776 3.68563,
	6.56802 3.69841,
	6.56323 3.71118,
	6.56004 3.71757,
	6.55684 3.74312,
	6.55684 3.75589,
	6.55365 3.76867,
	6.55205 3.81977,
	6.55046 3.84532,
	6.54567 3.87087,
	6.54407 3.88365,
	6.54088 3.88684,
	6.5281 3.88844,
	6.51533 3.89323,
	6.50894 3.89802,
	6.48339 3.90281,
	6.47061 3.906,
	6.41951 3.9044,
	6.39396 3.90281,
	6.38757 3.9044,
	6.38119 3.9092,
	6.3732 3.92037,
	6.36202 3.92836,
	6.34925 3.93315,
	6.34286 3.93634,
	6.33009 3.93634,
	6.3237 3.93475,
	6.3205 3.93475,
	6.31412 3.92995,
	6.30773 3.92836,
	6.29495 3.92037,
	6.28218 3.91878,
	6.25663 3.92676,
	6.23108 3.92836,
	6.2183 3.92676,
	6.20553 3.91878,
	6.19914 3.91239,
	6.18637 3.9044,
	6.17998 3.89961,
	6.1672 3.89961,
	6.14165 3.91079,
	6.13526 3.91239,
	6.13207 3.91558,
	6.10652 3.92037,
	6.09375 3.92037,
	6.08097 3.91399,
	6.07618 3.91079,
	6.06979 3.9044,
	6.06181 3.89323,
	6.04903 3.88524,
	6.04424 3.88045,
	6.01869 3.87566,
	6.00592 3.87726,
	5.99314 3.88365,
	5.98675 3.88844,
	5.98037 3.89003,
	5.97717 3.89323,
	5.97078 3.89482,
	5.95801 3.89323,
	5.95482 3.89003,
	5.94204 3.88524,
	5.93086 3.87406,
	5.92447 3.86129,
	5.92128 3.84851,
	5.9101 3.84053,
	5.88455 3.83095,
	5.87817 3.83095,
	5.87178 3.83574,
	5.86858 3.83893,
	5.85581 3.83893,
	5.84303 3.82935,
	5.83026 3.82775,
	5.8111 3.8054,
	5.79992 3.78144,
	5.78555 3.75589,
	5.76159 3.73513,
	5.7584 3.73513,
	5.7552 3.73194,
	5.74882 3.73034,
	5.74243 3.72555,
	5.72965 3.72236,
	5.71688 3.71597,
	5.71368 3.71597,
	5.68813 3.7,
	5.68175 3.69521,
	5.67536 3.68403,
	5.67217 3.67765,
	5.65939 3.66647,
	5.64662 3.66487,
	5.63384 3.66008,
	5.62745 3.65848,
	5.62426 3.65848,
	5.62107 3.65529,
	5.60829 3.6521,
	5.6051 3.6521,
	5.59392 3.64092,
	5.58753 3.62814,
	5.58913 3.60259,
	5.59392 3.5962,
	5.59392 3.59301,
	5.60031 3.58822,
	5.6035 3.58822,
	5.60989 3.58343,
	5.61148 3.57704,
	5.60829 3.56427,
	5.6051 3.55788,
	5.6035 3.5451,
	5.6019 3.53872,
	5.6019 3.53552,
	5.59871 3.53233,
	5.58913 3.50678,
	5.58434 3.494,
	5.58274 3.48762,
	5.57795 3.48123,
	5.57476 3.46845,
	5.57316 3.46207,
	5.56038 3.44929,
	5.5508 3.43971,
	5.53962 3.42693,
	5.53324 3.41416,
	5.53164 3.38861,
	5.53483 3.38222,
	5.54601 3.37104,
	5.54761 3.36625,
	5.54122 3.3407,
	5.53962 3.31515,
	5.54282 3.30876,
	5.53643 3.28321,
	5.53483 3.27044,
	5.53803 3.25766,
	5.53962 3.25128,
	5.54761 3.2385,
	5.5524 3.22572,
	5.55559 3.21934,
	5.55559 3.21295,
	5.53643 3.189,
	5.53004 3.17622,
	5.52845 3.16345,
	5.52845 3.15706,
	"/>
</Transform>

<Transform dim="6"
 xcoef=" 0.110007277217632 0.9978609252526 -0.00559610403119931 0 0 0"
 ycoef=" 0.189671756840436 0.000870722519327043 0.965368045057907 0 0 0">
<Contour name="d02" hidden="true" closed="true" simplified="true" border="0.5 0 1" fill="0.5 0 1" mode="11"
 points="5.88455 1.98654,
	5.88615 1.96099,
	5.88775 1.94821,
	5.89892 1.92266,
	5.90052 1.90988,
	5.90691 1.9035,
	5.91968 1.89551,
	5.93246 1.89072,
	5.98356 1.89232,
	5.98675 1.88593,
	5.99314 1.88274,
	5.99474 1.87954,
	5.99793 1.87954,
	6.00432 1.87475,
	6.01071 1.87316,
	6.03466 1.89072,
	6.04105 1.89711,
	6.04744 1.90988,
	6.04744 1.91308,
	6.05223 1.91947,
	6.05542 1.93224,
	6.05542 1.94502,
	6.0666 1.99612,
	6.0666 2.00889,
	6.07458 2.03444,
	6.07778 2.04083,
	6.07937 2.05361,
	6.08416 2.06638,
	6.08736 2.07277,
	6.08736 2.07596,
	6.09215 2.08235,
	6.09375 2.08874,
	6.10492 2.10151,
	6.13047 2.11908,
	6.13686 2.12227,
	6.14165 2.12866,
	6.14325 2.14143,
	6.14006 2.16698,
	6.13686 2.17976,
	6.12728 2.19094,
	6.11451 2.19892,
	6.11131 2.20212,
	6.10812 2.20212,
	6.10492 2.20531,
	6.07937 2.21489,
	6.05382 2.22128,
	6.04105 2.22607,
	6.02827 2.22767,
	6.0155 2.23246,
	5.98995 2.23565,
	5.97717 2.23565,
	5.97078 2.23405,
	5.95801 2.22128,
	5.94523 2.21329,
	5.93725 2.20052,
	5.93406 2.19413,
	5.93086 2.19094,
	5.92927 2.17816,
	5.92767 2.17178,
	5.92767 2.16858,
	5.92128 2.16379,
	5.91649 2.15102,
	5.89733 2.13026,
	5.89254 2.11748,
	5.89094 2.10471,
	5.89094 2.09832,
	5.89413 2.09512,
	5.88934 2.06957,
	5.88775 2.01847,
	5.88455 2.0057,
	5.88455 1.99292,
	5.88455 1.98813,
	"/>
<Contour name="d02" hidden="true" closed="true" simplified="true" border="0.5 0 1" fill="0.5 0 1" mode="11"
 points="5.62107 2.25322,
	5.62426 2.24683,
	5.62426 2.22128,
	5.63065 2.19573,
	5.63384 2.17018,
	5.63384 2.1574,
	5.64182 2.13185,
	5.64502 2.11908,
	5.64821 2.11269,
	5.64821 2.1095,
	5.6562 2.09672,
	5.66738 2.08554,
	5.68334 2.06159,
	5.68015 2.04881,
	5.68015 2.04243,
	5.68015 2.03923,
	5.72007 1.99292,
	5.74083 1.97057,
	5.75201 1.95779,
	5.77277 1.93863,
	5.78555 1.93543,
	5.79193 1.93224,
	5.81748 1.93543,
	5.84303 1.94502,
	5.85581 1.953,
	5.86699 1.97855,
	5.86858 1.99133,
	5.86699 2.0041,
	5.86699 2.01049,
	5.8622 2.02326,
	5.859 2.02965,
	5.84782 2.04083,
	5.84303 2.04722,
	5.84303 2.05361,
	5.85102 2.06638,
	5.85741 2.06798,
	5.8622 2.07277,
	5.88615 2.12227,
	5.89573 2.14782,
	5.89892 2.1606,
	5.89733 2.18615,
	5.88775 2.19573,
	5.88136 2.20052,
	5.86858 2.20531,
	5.86539 2.20531,
	5.8622 2.2085,
	5.8111 2.21968,
	5.78555 2.22447,
	5.77277 2.23086,
	5.76638 2.23725,
	5.75999 2.25002,
	5.7584 2.30112,
	5.75999 2.3139,
	5.76479 2.32667,
	5.76319 2.33945,
	5.75999 2.34584,
	5.74722 2.35382,
	5.69612 2.35701,
	5.68334 2.34903,
	5.67217 2.33785,
	5.66578 2.33466,
	5.66258 2.33146,
	5.64981 2.32667,
	5.63703 2.31869,
	5.63224 2.3123,
	5.63065 2.29953,
	5.63065 2.29314,
	5.62905 2.29793,
	5.62745 2.29953,
	5.62266 2.28675,
	5.62107 2.2612,
	5.62107 2.25481,
	"/>
<Contour name="d02" hidden="true" closed="true" simplified="true" border="0.5 0 1" fill="0.5 0 1" mode="11"
 points="4.41701 1.92905,
	4.4202 1.91627,
	4.4234 1.90988,
	4.4234 1.90669,
	4.44735 1.88274,
	4.45853 1.87156,
	4.48248 1.85399,
	4.48567 1.85399,
	4.50963 1.83323,
	4.5224 1.82525,
	4.52879 1.82046,
	4.53518 1.81886,
	4.53837 1.81567,
	4.54476 1.81407,
	4.55115 1.80928,
	4.56392 1.80449,
	4.5767 1.80289,
	4.59905 1.82206,
	4.61183 1.83004,
	4.63259 1.84601,
	4.63898 1.8508,
	4.66293 1.86038,
	4.66932 1.86198,
	4.72042 1.8508,
	4.7268 1.8492,
	4.73 1.84601,
	4.73639 1.84441,
	4.74277 1.83962,
	4.74597 1.83962,
	4.75236 1.83483,
	4.76513 1.83323,
	4.77152 1.83323,
	4.78429 1.84122,
	4.79068 1.84601,
	4.79866 1.87156,
	4.80984 1.89711,
	4.81304 1.9035,
	4.82581 1.91148,
	4.8322 1.91787,
	4.84018 1.93064,
	4.84497 1.95619,
	4.84657 1.98174,
	4.84657 1.98494,
	4.84338 1.98813,
	4.83859 2.00091,
	4.8306 2.01049,
	4.81783 2.02007,
	4.81144 2.02167,
	4.80505 2.02646,
	4.80026 2.03764,
	4.79228 2.05041,
	4.78429 2.07596,
	4.78429 2.10151,
	4.7827 2.11429,
	4.77791 2.12706,
	4.77311 2.13345,
	4.76034 2.13505,
	4.73479 2.13185,
	4.7284 2.12706,
	4.72521 2.12706,
	4.72201 2.12387,
	4.71563 2.12227,
	4.70285 2.11269,
	4.69646 2.1063,
	4.69008 2.09353,
	4.6789 2.08235,
	4.65335 2.06798,
	4.64217 2.0584,
	4.63578 2.04722,
	4.6262 2.03604,
	4.61502 2.02805,
	4.61183 2.02486,
	4.59905 2.02326,
	4.58628 2.01847,
	4.56232 2.00091,
	4.54955 1.99931,
	4.53677 2.00091,
	4.524 2.0057,
	4.52081 2.0057,
	4.51442 2.01049,
	4.50803 2.01209,
	4.49845 2.02167,
	4.48567 2.02646,
	4.4729 2.02646,
	4.4697 2.02646,
	4.44575 2.00889,
	4.42659 1.98494,
	4.4186 1.95939,
	4.41701 1.93384,
	4.41701 1.93064,
	"/>
</Transform>

<Transform dim="6"
 xcoef=" 0.110007277217632 0.9978609252526 -0.00559610403119931 0 0 0"
 ycoef=" 0.189671756840436 0.000870722519327043 0.965368045057907 0 0 0">
<Contour name="d01ax07ssvda" hidden="true" closed="true" simplified="false" border="1 0 0" fill="0 0 1" mode="-11"
 points="3.04082 4.4735,
	3.03125 4.46393,
	3.04082 4.45436,
	3.05038 4.46393,
	"/>
<Contour name="d01ax07ssvda" hidden="true" closed="true" simplified="false" border="1 0 0" fill="0 0 1" mode="-11"
 points="3.07635 4.48033,
	3.06678 4.47077,
	3.07635 4.4612,
	3.08592 4.47077,
	"/>
<Contour name="d01ax07ssvda" hidden="true" closed="true" simplified="false" border="1 0 0" fill="0 0 1" mode="-11"
 points="3.13375 4.4817,
	3.12419 4.47213,
	3.13375 4.46257,
	3.14332 4.47213,
	"/>
<Contour name="d01ax07ssvr" hidden="true" closed="true" simplified="false" border="0 1 0.25098" fill="0 0 1" mode="-11"
 points="3.17202 4.52544,
	3.16246 4.51587,
	3.17202 4.5063,
	3.18159 4.51587,
	"/>
<Contour name="d01ax07ssvr" hidden="true" closed="true" simplified="false" border="0 1 0.25098" fill="0 0 1" mode="-11"
 points="3.10642 4.52544,
	3.09685 4.51587,
	3.10642 4.5063,
	3.11599 4.51587,
	"/>
<Contour name="d01ax07ssvr" hidden="true" closed="true" simplified="false" border="0 1 0.25098" fill="0 0 1" mode="-11"
 points="3.05995 4.53364,
	3.05038 4.52407,
	3.05995 4.5145,
	3.06952 4.52407,
	"/>
<Contour name="d01ax07ssvr" hidden="true" closed="true" simplified="false" border="0 1 0.25098" fill="0 0 1" mode="-11"
 points="3.05448 4.57874,
	3.04492 4.56917,
	3.05448 4.5596,
	3.06405 4.56917,
	"/>
<Contour name="d01ax07ssvr" hidden="true" closed="true" simplified="false" border="0 1 0.25098" fill="0 0 1" mode="-11"
 points="3.10369 4.56644,
	3.09412 4.55687,
	3.10369 4.5473,
	3.11325 4.55687,
	"/>
<Contour name="d01ax07ssvr" hidden="true" closed="true" simplified="false" border="0 1 0.25098" fill="0 0 1" mode="-11"
 points="2.92601 4.52134,
	2.91644 4.51177,
	2.92601 4.5022,
	2.93558 4.51177,
	"/>
</Transform>

<Transform dim="6"
 xcoef=" 0.110007277217632 0.9978609252526 -0.00559610403119931 0 0 0"
 ycoef=" 0.189671756840436 0.000870722519327043 0.965368045057907 0 0 0">
<Contour name="d13" hidden="true" closed="true" simplified="true" border="1 1 0" fill="1 1 0" mode="11"
 points="-0.552646 -0.0867526,
	-0.549433 -0.112457,
	-0.543007 -0.125309,
	-0.530155 -0.138162,
	-0.478746 -0.144588,
	-0.465894 -0.147801,
	-0.459468 -0.147801,
	-0.408059 -0.106031,
	-0.38878 -0.0835396,
	-0.363076 -0.0642612,
	-0.340584 -0.0385567,
	-0.321306 0.0128522,
	-0.311667 0.0385567,
	-0.282749 0.0899657,
	-0.276323 0.102818,
	-0.276323 0.128522,
	-0.285962 0.154227,
	-0.292388 0.167079,
	-0.31488 0.186357,
	-0.327732 0.192784,
	-0.340584 0.192784,
	-0.366289 0.183144,
	-0.379141 0.173505,
	-0.385567 0.173505,
	-0.391993 0.167079,
	-0.398419 0.167079,
	-0.446615 0.131735,
	-0.481959 0.0835396,
	-0.498024 0.0578351,
	-0.501237 0.0321306,
	-0.510877 0.00642612,
	-0.533368 -0.0192784,
	-0.549433 -0.0449828,
	-0.552646 -0.0706873,
	-0.552646 -0.0835396,
	"/>
</Transform>

<Transform dim="6"
 xcoef=" 0.110007277217632 0.9978609252526 -0.00559610403119931 0 0 0"
 ycoef=" 0.189671756840436 0.000870722519327043 0.965368045057907 0 0 0">
<Contour name="d13" hidden="true" closed="true" simplified="true" border="1 1 0" fill="1 1 0" mode="11"
 points="0.334158 -0.7872,
	0.350224 -0.812904,
	0.359863 -0.822543,
	0.385567 -0.832183,
	0.398419 -0.835396,
	0.449828 -0.81933,
	0.475533 -0.806478,
	0.488385 -0.796839,
	0.501237 -0.793626,
	0.51409 -0.783987,
	0.539794 -0.774347,
	0.565499 -0.774347,
	0.591203 -0.780774,
	0.616908 -0.777561,
	0.642612 -0.767921,
	0.649038 -0.767921,
	0.655464 -0.761495,
	0.681169 -0.755069,
	0.732578 -0.729365,
	0.758282 -0.716512,
	0.809691 -0.706873,
	0.822543 -0.70366,
	0.828969 -0.697234,
	0.835396 -0.697234,
	0.841822 -0.690808,
	0.848248 -0.690808,
	0.851461 -0.684382,
	0.877165 -0.674743,
	0.90287 -0.677956,
	0.922148 -0.694021,
	0.947853 -0.713299,
	0.973557 -0.722938,
	0.999262 -0.716512,
	1.02497 -0.700447,
	1.04746 -0.677956,
	1.05388 -0.665103,
	1.0571 -0.613694,
	1.06352 -0.58799,
	1.06031 -0.562286,
	1.0571 -0.549433,
	1.0571 -0.543007,
	1.03782 -0.517303,
	1.02497 -0.507663,
	1.01211 -0.50445,
	0.999262 -0.494811,
	0.986409 -0.491598,
	0.973557 -0.478746,
	0.957492 -0.427337,
	0.954279 -0.414485,
	0.94464 -0.401632,
	0.918935 -0.385567,
	0.893231 -0.334158,
	0.883592 -0.321306,
	0.857887 -0.308454,
	0.806478 -0.295602,
	0.793626 -0.289175,
	0.780774 -0.276323,
	0.755069 -0.27311,
	0.729365 -0.279536,
	0.710086 -0.305241,
	0.700447 -0.318093,
	0.697234 -0.330945,
	0.677956 -0.35665,
	0.668316 -0.369502,
	0.66189 -0.372715,
	0.658677 -0.385567,
	0.649038 -0.398419,
	0.62976 -0.449828,
	0.626547 -0.462681,
	0.620121 -0.469107,
	0.610481 -0.494811,
	0.578351 -0.543007,
	0.565499 -0.555859,
	0.559072 -0.568712,
	0.552646 -0.575138,
	0.552646 -0.581564,
	0.530155 -0.604055,
	0.478746 -0.613694,
	0.453041 -0.616908,
	0.427337 -0.62976,
	0.414485 -0.642612,
	0.382354 -0.690808,
	0.379141 -0.70366,
	0.359863 -0.729365,
	0.350224 -0.742217,
	0.343797 -0.74543,
	0.334158 -0.771134,
	0.334158 -0.783987,
	"/>
</Transform>

<Transform dim="6"
 xcoef=" 0.110007277217632 0.9978609252526 -0.00559610403119931 0 0 0"
 ycoef=" 0.189671756840436 0.000870722519327043 0.965368045057907 0 0 0">
<Contour name="d13brp07" hidden="true" closed="true" simplified="false" border="1 0 1" fill="1 0 1" mode="-9"
 points="1.49631 1.31991,
	1.49631 1.30424,
	1.51198 1.28857,
	1.52765 1.28857,
	1.54332 1.30424,
	1.54332 1.31991,
	1.52765 1.33558,
	1.51198 1.33558,
	"/>
</Transform>

<Transform dim="6"
 xcoef=" 0.110007277217632 0.9978609252526 -0.00559610403119931 0 0 0"
 ycoef=" 0.189671756840436 0.000870722519327043 0.965368045057907 0 0 0">
<Contour name="d13brc02" hidden="true" closed="true" simplified="true" border="0 1 0" fill="0 1 0" mode="-9"
 points="-0.424322 -0.108291,
	-0.423217 -0.112711,
	-0.414377 -0.117131,
	-0.409957 -0.118236,
	-0.401117 -0.116026,
	-0.398907 -0.112711,
	-0.383437 -0.0972405,
	-0.349182 -0.0707204,
	-0.341447 -0.0640904,
	-0.334817 -0.0552503,
	-0.333712 -0.0508303,
	-0.330397 -0.0464103,
	-0.329292 -0.0419902,
	-0.327082 -0.0408852,
	-0.314927 -0.00552503,
	-0.308297 0.0121551,
	-0.303877 0.0209951,
	-0.298352 0.0386752,
	-0.295037 0.0475153,
	-0.293932 0.0519353,
	-0.296142 0.0607753,
	-0.296142 0.0629854,
	-0.300562 0.0651954,
	-0.304982 0.0651954,
	-0.313822 0.0596703,
	-0.319347 0.0508303,
	-0.321557 0.0464103,
	-0.322662 0.0375702,
	-0.324872 0.0353602,
	-0.324872 0.0331502,
	-0.327082 0.0309402,
	-0.327082 0.0287302,
	-0.332607 0.0198901,
	-0.335922 0.0154701,
	-0.335922 0.0132601,
	-0.345867 -0.00442002,
	-0.359127 -0.0397802,
	-0.371282 -0.0574603,
	-0.375702 -0.0607753,
	-0.377912 -0.0640904,
	-0.386752 -0.0718254,
	-0.402222 -0.0839805,
	-0.418797 -0.0983456,
	-0.424322 -0.106081,
	-0.424322 -0.107186,
	"/>
<Contour name="d13brcfa02" hidden="true" closed="false" simplified="false" border="0 1 1" fill="0 1 1" mode="-9"
 points="-0.297716 0.0643735,
	-0.310976 0.0422734,
	-0.324237 0.00912319,
	-0.339707 -0.029552,
	-0.354072 -0.0516522,
	-0.369542 -0.0660172,
	-0.390537 -0.0814873,
	-0.403797 -0.0991674,
	-0.421477 -0.116848,
	"/>
</Transform>

<Transform dim="6"
 xcoef=" 0.110007277217632 0.9978609252526 -0.00559610403119931 0 0 0"
 ycoef=" 0.189671756840436 0.000870722519327043 0.965368045057907 0 0 0">
<Contour name="d13brc05b" hidden="true" closed="true" simplified="true" border="0 1 0" fill="0 1 0" mode="-9"
 points="0.128359 1.00176,
	0.142311 0.979435,
	0.164634 0.976644,
	0.175796 0.982225,
	0.189748 1.00455,
	0.198119 1.01571,
	0.209281 1.06036,
	0.206491 1.105,
	0.206491 1.11616,
	0.206491 1.12175,
	0.20091 1.12733,
	0.178586 1.13012,
	0.167425 1.12733,
	0.147892 1.10779,
	0.142311 1.10221,
	0.128359 1.01292,
	0.128359 1.00455,
	"/>
<Contour name="d13brcfa05b" hidden="true" closed="false" simplified="false" border="0 1 1" fill="0 1 1" mode="-9"
 points="0.18904 1.12388,
	0.177879 1.0904,
	0.169507 1.04854,
	0.166717 0.981569,
	"/>
</Transform>

<Transform dim="6"
 xcoef=" 0.110007277217632 0.9978609252526 -0.00559610403119931 0 0 0"
 ycoef=" 0.189671756840436 0.000870722519327043 0.965368045057907 0 0 0">
<Contour name="d13SER" hidden="true" closed="true" simplified="true" border="0 1 0" fill="0 1 0" mode="-9"
 points="1.09622 0.6125,
	1.10878 0.609359,
	1.15904 0.621923,
	1.1716 0.625064,
	1.22186 0.653334,
	1.24699 0.665898,
	1.25327 0.669039,
	1.25327 0.675321,
	1.2784 0.694167,
	1.28782 0.706731,
	1.29096 0.719295,
	1.29724 0.725577,
	1.29724 0.738141,
	1.29096 0.744423,
	1.26583 0.738141,
	1.24385 0.713013,
	1.24071 0.700449,
	1.19045 0.675321,
	1.17789 0.665898,
	1.12763 0.650193,
	1.10564 0.634487,
	1.09936 0.621923,
	1.09622 0.615641,
	"/>
</Transform>

<Transform dim="6"
 xcoef=" 0.110007277217632 0.9978609252526 -0.00559610403119931 0 0 0"
 ycoef=" 0.189671756840436 0.000870722519327043 0.965368045057907 0 0 0">
<Contour name="d13SER" hidden="true" closed="true" simplified="true" border="0 1 0" fill="0 1 0" mode="-9"
 points="1.90032 0.813526,
	1.91289 0.800962,
	1.96314 0.804103,
	1.97571 0.804103,
	2.00083 0.791539,
	2.0134 0.785257,
	2.03853 0.785257,
	2.06365 0.79468,
	2.07936 0.819808,
	2.12962 0.838654,
	2.17987 0.863782,
	2.20186 0.88577,
	2.205 0.898334,
	2.21128 0.904616,
	2.22385 0.904616,
	2.23013 0.898334,
	2.25526 0.892052,
	2.30551 0.895193,
	2.3275 0.91718,
	2.33378 0.929744,
	2.33064 0.936026,
	2.31808 0.932885,
	2.29609 0.91718,
	2.27096 0.914039,
	2.2584 0.914039,
	2.23327 0.929744,
	2.20814 0.926603,
	2.18301 0.914039,
	2.15789 0.907757,
	2.05737 0.904616,
	2.00712 0.898334,
	1.98199 0.888911,
	1.97571 0.888911,
	1.96942 0.882629,
	1.95686 0.879488,
	1.90974 0.844936,
	1.90346 0.838654,
	1.90032 0.816667,
	"/>
<Contour name="d13SER" hidden="true" closed="true" simplified="true" border="0 1 0" fill="0 1 0" mode="-9"
 points="2.35891 0.958013,
	2.36833 0.945449,
	2.41859 0.936026,
	2.43116 0.936026,
	2.44372 0.942308,
	2.45 0.945449,
	2.44686 0.958013,
	2.42801 0.983141,
	2.40289 0.986283,
	2.37776 0.976859,
	2.36519 0.973718,
	2.35891 0.961154,
	"/>
<Contour name="d13SER" hidden="true" closed="true" simplified="true" border="0 1 0" fill="0 1 0" mode="-9"
 points="2.02282 1.34436,
	2.03853 1.2941,
	2.04481 1.28154,
	2.05737 1.27212,
	2.10763 1.26583,
	2.12019 1.25955,
	2.22071 1.25641,
	2.24583 1.24699,
	2.29295 1.21244,
	2.30551 1.2093,
	2.3118 1.21244,
	2.29923 1.22186,
	2.28353 1.24699,
	2.27096 1.25955,
	2.24583 1.27526,
	2.23327 1.28154,
	2.13276 1.2784,
	2.12019 1.28154,
	2.11705 1.28782,
	2.11077 1.28782,
	2.0825 1.33494,
	2.06365 1.36006,
	2.05109 1.36949,
	2.03853 1.37263,
	2.02596 1.36949,
	2.02282 1.3475,
	"/>
<Contour name="d13SER" hidden="true" closed="true" simplified="true" border="0 1 0" fill="0 1 0" mode="-9"
 points="1.60506 1.30667,
	1.63019 1.30353,
	1.73071 1.31923,
	1.75583 1.32237,
	1.80609 1.31923,
	1.83122 1.31923,
	1.84378 1.32551,
	1.84378 1.35064,
	1.83436 1.37577,
	1.82808 1.38833,
	1.82494 1.39462,
	1.83122 1.40404,
	1.85635 1.41346,
	1.88148 1.41346,
	1.9066 1.4009,
	1.91917 1.39776,
	1.93173 1.40718,
	1.93801 1.41346,
	1.93487 1.43859,
	1.90974 1.45744,
	1.80923 1.46058,
	1.79667 1.4543,
	1.76212 1.40718,
	1.715 1.36321,
	1.68987 1.35064,
	1.67731 1.35064,
	1.66474 1.34436,
	1.63962 1.34122,
	1.61449 1.3318,
	1.60506 1.31923,
	1.60506 1.30981,
	"/>
<Contour name="d13SER" hidden="true" closed="true" simplified="true" border="0 1 0" fill="0 1 0" mode="-9"
 points="1.97257 1.49827,
	1.98513 1.48571,
	2.03539 1.49513,
	2.04795 1.50141,
	2.05423 1.50141,
	2.07308 1.5234,
	2.07936 1.53596,
	2.07622 1.56109,
	2.0668 1.57051,
	2.04167 1.57365,
	2.01654 1.56423,
	1.99455 1.54539,
	1.97885 1.52026,
	1.97257 1.50769,
	1.97257 1.50141,
	"/>
<Contour name="d13SER" hidden="true" closed="true" simplified="true" border="0 1 0" fill="0 1 0" mode="-9"
 points="2.1359 1.78724,
	2.14532 1.77782,
	2.17045 1.77782,
	2.19558 1.79353,
	2.21442 1.81237,
	2.19872 1.83436,
	2.17359 1.83436,
	2.14846 1.81865,
	2.13904 1.80609,
	2.1359 1.79353,
	2.1359 1.79039,
	"/>
<Contour name="d13SER" hidden="true" closed="true" simplified="true" border="0 1 0" fill="0 1 0" mode="-9"
 points="2.17987 2.12333,
	2.1893 2.11077,
	2.19244 2.10449,
	2.20814 2.12019,
	2.205 2.14532,
	2.19244 2.14532,
	2.17987 2.1359,
	2.17987 2.12648,
	"/>
<Contour name="d13SER" hidden="true" closed="true" simplified="true" border="0 1 0" fill="0 1 0" mode="-9"
 points="2.23327 2.21128,
	2.23955 2.205,
	2.24269 2.19244,
	2.25212 2.17987,
	2.26468 2.18615,
	2.27096 2.18615,
	2.30865 2.23327,
	2.30865 2.2584,
	2.3118 2.27096,
	2.33064 2.29609,
	2.33064 2.30865,
	2.31808 2.32122,
	2.30551 2.32436,
	2.28039 2.31494,
	2.2584 2.29609,
	2.24269 2.27096,
	2.23641 2.26468,
	2.23327 2.21442,
	"/>
<Contour name="d13SER" hidden="true" closed="true" simplified="true" border="0 1 0" fill="0 1 0" mode="-9"
 points="2.45942 2.59763,
	2.48141 2.58192,
	2.49398 2.57564,
	2.5191 2.57564,
	2.54423 2.58821,
	2.54737 2.60077,
	2.52224 2.61333,
	2.47199 2.61019,
	2.46571 2.61019,
	2.45942 2.60391,
	2.45942 2.60077,
	"/>
<Contour name="d13SER" hidden="true" closed="true" simplified="true" border="0 1 0" fill="0 1 0" mode="-9"
 points="2.85833 2.60077,
	2.8709 2.58821,
	2.89603 2.58821,
	2.90859 2.58821,
	2.92116 2.59449,
	2.92744 2.60077,
	2.9243 2.61333,
	2.91487 2.6259,
	2.88974 2.62904,
	2.86462 2.6259,
	2.85833 2.61962,
	2.85833 2.60705,
	2.85833 2.60391,
	"/>
<Contour name="d13SER" hidden="true" closed="true" simplified="true" border="0 1 0" fill="0 1 0" mode="-9"
 points="2.62904 2.41859,
	2.63846 2.40603,
	2.64474 2.39974,
	2.65731 2.39974,
	2.68244 2.41231,
	2.69186 2.42173,
	2.695 2.4343,
	2.695 2.44058,
	2.68872 2.44686,
	2.66359 2.44372,
	2.63846 2.4343,
	2.62904 2.42487,
	2.62904 2.42173,
	"/>
<Contour name="d13SER" hidden="true" closed="true" simplified="true" border="0 1 0" fill="0 1 0" mode="-9"
 points="2.94 2.40917,
	2.95257 2.39974,
	2.97769 2.39974,
	3.00282 2.41231,
	3.01225 2.42487,
	3.01539 2.43744,
	3.00596 2.44686,
	2.95571 2.44058,
	2.94314 2.42801,
	2.94 2.41545,
	2.94 2.41231,
	"/>
<Contour name="d13SER" hidden="true" closed="true" simplified="true" border="0 1 0" fill="0 1 0" mode="-9"
 points="2.70128 2.12962,
	2.71385 2.12019,
	2.7641 2.12019,
	2.78923 2.12962,
	2.80494 2.1516,
	2.81436 2.16103,
	2.82692 2.16417,
	2.83321 2.16417,
	2.85833 2.1893,
	2.86776 2.20186,
	2.8709 2.21442,
	2.86148 2.22385,
	2.83635 2.22385,
	2.81122 2.21442,
	2.78609 2.19872,
	2.77353 2.19558,
	2.72327 2.16417,
	2.71071 2.15789,
	2.70128 2.14532,
	2.70128 2.13276,
	"/>
<Contour name="d13SER" hidden="true" closed="true" simplified="true" border="0 1 0" fill="0 1 0" mode="-9"
 points="2.97141 2.11391,
	2.98398 2.10449,
	3.0091 2.09821,
	3.01225 2.12333,
	3.0091 2.14846,
	3.0091 2.15474,
	2.99654 2.15789,
	2.97769 2.1359,
	2.97141 2.12333,
	2.97141 2.11705,
	"/>
<Contour name="d13SER" hidden="true" closed="true" simplified="true" border="0 1 0" fill="0 1 0" mode="-9"
 points="3.5368 2.28981,
	3.5525 2.26468,
	3.55878 2.2584,
	3.55564 2.24583,
	3.55878 2.23641,
	3.56507 2.24898,
	3.58705 2.26782,
	3.59648 2.28039,
	3.59334 2.30551,
	3.58391 2.31808,
	3.58391 2.32436,
	3.56192 2.34635,
	3.54936 2.34321,
	3.53994 2.33064,
	3.5368 2.30551,
	3.5368 2.29295,
	"/>
<Contour name="d13SER" hidden="true" closed="true" simplified="true" border="0 1 0" fill="0 1 0" mode="-9"
 points="3.70013 2.05737,
	3.72212 2.04167,
	3.73468 2.04167,
	3.74725 2.04795,
	3.75353 2.05423,
	3.75981 2.07936,
	3.75667 2.10449,
	3.75039 2.11077,
	3.72526 2.10763,
	3.70641 2.08878,
	3.70013 2.07622,
	3.70013 2.06365,
	3.70013 2.06051,
	"/>
<Contour name="d13SER" hidden="true" closed="true" simplified="true" border="0 1 0" fill="0 1 0" mode="-9"
 points="3.49596 2.01026,
	3.50539 2.00083,
	3.51795 2.00083,
	3.56821 2.0291,
	3.58077 2.03224,
	3.59334 2.04167,
	3.59334 2.05423,
	3.59962 2.0668,
	3.59962 2.09192,
	3.59019 2.11705,
	3.58391 2.12333,
	3.55878 2.12019,
	3.54936 2.10763,
	3.54622 2.09507,
	3.52109 2.07308,
	3.50225 2.04795,
	3.49596 2.02282,
	3.49596 2.0134,
	"/>
<Contour name="d13SER" hidden="true" closed="true" simplified="true" border="0 1 0" fill="0 1 0" mode="-9"
 points="3.3766 1.96,
	3.38603 1.94744,
	3.39859 1.94115,
	3.40487 1.93487,
	3.41744 1.93487,
	3.43314 1.95686,
	3.42686 1.98199,
	3.41116 2.00712,
	3.39859 2.01026,
	3.38603 2.00712,
	3.3766 1.98199,
	3.3766 1.96942,
	3.3766 1.96314,
	"/>
<Contour name="d13SER" hidden="true" closed="true" simplified="true" border="0 1 0" fill="0 1 0" mode="-9"
 points="3.27923 1.77782,
	3.29808 1.75583,
	3.31064 1.74955,
	3.31692 1.74327,
	3.34205 1.73699,
	3.36718 1.75583,
	3.36404 1.78096,
	3.34833 1.80295,
	3.32635 1.81865,
	3.31378 1.81865,
	3.3075 1.81865,
	3.28551 1.79981,
	3.27923 1.79353,
	3.27923 1.78096,
	"/>
<Contour name="d13SER" hidden="true" closed="true" simplified="true" border="0 1 0" fill="0 1 0" mode="-9"
 points="3.19442 1.83436,
	3.20699 1.82494,
	3.21955 1.8218,
	3.22583 1.81551,
	3.2384 1.81551,
	3.24468 1.81551,
	3.2541 1.82808,
	3.2541 1.83436,
	3.22898 1.84378,
	3.20385 1.84692,
	3.19757 1.84692,
	3.19442 1.8375,
	"/>
<Contour name="d13SER" hidden="true" closed="true" simplified="true" border="0 1 0" fill="0 1 0" mode="-9"
 points="3.55878 1.47942,
	3.56507 1.46686,
	3.56507 1.4543,
	3.57135 1.44487,
	3.58391 1.4543,
	3.58391 1.46686,
	3.59019 1.47942,
	3.58705 1.50455,
	3.58077 1.51083,
	3.56821 1.51083,
	3.55878 1.50141,
	3.55878 1.48885,
	3.55878 1.48256,
	"/>
<Contour name="d13SER" hidden="true" closed="true" simplified="true" border="0 1 0" fill="0 1 0" mode="-9"
 points="3.39231 1.18731,
	3.41744 1.1716,
	3.44257 1.16532,
	3.46769 1.16846,
	3.48026 1.1716,
	3.51481 1.21558,
	3.52423 1.22814,
	3.52423 1.24071,
	3.50225 1.26269,
	3.47712 1.27212,
	3.42686 1.25327,
	3.40487 1.23442,
	3.39545 1.2093,
	3.39231 1.19673,
	3.39231 1.19045,
	"/>
<Contour name="d13SER" hidden="true" closed="true" simplified="true" border="0 1 0" fill="0 1 0" mode="-9"
 points="3.08763 1.04282,
	3.11276 1.03968,
	3.12532 1.04282,
	3.17244 1.08051,
	3.18186 1.08994,
	3.17872 1.1025,
	3.17244 1.10878,
	3.14731 1.1025,
	3.14103 1.1025,
	3.12846 1.09308,
	3.12218 1.09308,
	3.10962 1.08365,
	3.09391 1.05853,
	3.08763 1.05224,
	3.08763 1.04596,
	"/>
<Contour name="d13SER" hidden="true" closed="true" simplified="true" border="0 1 0" fill="0 1 0" mode="-9"
 points="2.9934 1.28468,
	3.01539 1.25955,
	3.04051 1.24385,
	3.05308 1.24071,
	3.05936 1.23442,
	3.07192 1.23756,
	3.06878 1.25013,
	3.05308 1.27212,
	3.03109 1.2941,
	3.00596 1.29724,
	2.9934 1.29096,
	2.9934 1.28782,
	"/>
<Contour name="d13SER" hidden="true" closed="true" simplified="true" border="0 1 0" fill="0 1 0" mode="-9"
 points="3.15045 1.48571,
	3.15987 1.47314,
	3.185 1.46058,
	3.21013 1.46058,
	3.22269 1.46372,
	3.22898 1.46372,
	3.23526 1.47,
	3.21013 1.49199,
	3.185 1.50141,
	3.15987 1.50141,
	3.15359 1.50141,
	3.15045 1.48885,
	"/>
<Contour name="d13SER" hidden="true" closed="true" simplified="true" border="0 1 0" fill="0 1 0" mode="-9"
 points="2.95885 1.01141,
	2.97141 1.00199,
	2.99654 1.00827,
	2.9934 1.02083,
	2.98083 1.03026,
	2.96827 1.03026,
	2.95885 1.02083,
	2.95885 1.01455,
	"/>
<Contour name="d13SER" hidden="true" closed="true" simplified="true" border="0 1 0" fill="0 1 0" mode="-9"
 points="2.69814 1.19359,
	2.72327 1.17474,
	2.7484 1.1716,
	2.76096 1.1716,
	2.7641 1.17789,
	2.74212 1.20301,
	2.71699 1.20615,
	2.70442 1.20615,
	2.69814 1.19987,
	2.69814 1.19673,
	"/>
<Contour name="d13SER" hidden="true" closed="true" simplified="true" border="0 1 0" fill="0 1 0" mode="-9"
 points="2.45628 1.42603,
	2.46257 1.41974,
	2.51282 1.4166,
	2.53795 1.41346,
	2.56308 1.40404,
	2.57564 1.4009,
	2.58821 1.41032,
	2.59135 1.41346,
	2.55051 1.4543,
	2.52539 1.46372,
	2.50026 1.46372,
	2.49398 1.46372,
	2.46885 1.44487,
	2.45942 1.43545,
	2.45628 1.42917,
	"/>
</Transform>

<Transform dim="6"
 xcoef=" 0.110007277217632 0.9978609252526 -0.00559610403119931 0 0 0"
 ycoef=" 0.189671756840436 0.000870722519327043 0.965368045057907 0 0 0">
<Contour name="d13SER" hidden="true" closed="true" simplified="true" border="0 1 0" fill="0 1 0" mode="-9"
 points="2.32436 1.08051,
	2.33692 1.06795,
	2.36205 1.05224,
	2.37462 1.04282,
	2.38718 1.0491,
	2.39346 1.05224,
	2.38404 1.07737,
	2.36833 1.09308,
	2.34321 1.09308,
	2.33692 1.09308,
	2.32436 1.08365,
	"/>
</Transform>

<Transform dim="6"
 xcoef=" 0.110007277217632 0.9978609252526 -0.00559610403119931 0 0 0"
 ycoef=" 0.189671756840436 0.000870722519327043 0.965368045057907 0 0 0">
<Contour name="d13SER" hidden="true" closed="true" simplified="true" border="0 1 0" fill="0 1 0" mode="-9"
 points="1.6459 0.599936,
	1.65846 0.596795,
	1.68359 0.599936,
	1.70872 0.609359,
	1.75898 0.6125,
	1.76526 0.615641,
	1.77154 0.6125,
	1.79353 0.628205,
	1.79667 0.64077,
	1.79667 0.647052,
	1.77154 0.669039,
	1.75898 0.67218,
	1.75269 0.67218,
	1.74013 0.662757,
	1.73385 0.662757,
	1.72128 0.653334,
	1.715 0.647052,
	1.70872 0.647052,
	1.69615 0.637629,
	1.67103 0.634487,
	1.6459 0.6125,
	1.6459 0.603077,
	"/>
</Transform>

<Transform dim="6"
 xcoef=" 0.110007277217632 0.9978609252526 -0.00559610403119931 0 0 0"
 ycoef=" 0.189671756840436 0.000870722519327043 0.965368045057907 0 0 0">
<Contour name="d13SER" hidden="true" closed="true" simplified="true" border="0 1 0" fill="0 1 0" mode="-9"
 points="2.5034 1.86577,
	2.52224 1.84378,
	2.52853 1.84064,
	2.53795 1.85321,
	2.54109 1.87833,
	2.53481 1.8909,
	2.52853 1.89718,
	2.51596 1.89718,
	2.5034 1.88776,
	2.5034 1.87519,
	2.5034 1.86891,
	"/>
</Transform>

<Transform dim="6"
 xcoef=" 0.110007277217632 0.9978609252526 -0.00559610403119931 0 0 0"
 ycoef=" 0.189671756840436 0.000870722519327043 0.965368045057907 0 0 0">
<Contour name="d01SER" hidden="false" closed="true" simplified="true" border="0 1 0" fill="0 1 0" mode="-9"
 points="4.44986 3.77818,
	4.45565 3.75502,
	4.47591 3.71159,
	4.48749 3.7058,
	4.49907 3.7087,
	4.50197 3.73186,
	4.50776 3.74344,
	4.50776 3.7666,
	4.50486 3.77818,
	4.49618 3.78976,
	4.47302 3.79844,
	4.44986 3.79555,
	4.44986 3.78397,
	4.44986 3.78107,
	"/>
</Transform>

<Transform dim="6"
 xcoef=" 0.110007277217632 0.9978609252526 -0.00559610403119931 0 0 0"
 ycoef=" 0.189671756840436 0.000870722519327043 0.965368045057907 0 0 0">
<Contour name="d01SER" hidden="false" closed="true" simplified="true" border="0 1 0" fill="0 1 0" mode="-9"
 points="4.0069 3.46261,
	4.04743 3.42497,
	4.05322 3.41918,
	4.05322 3.39602,
	4.05322 3.38444,
	4.05901 3.37286,
	4.05901 3.36128,
	4.06769 3.3497,
	4.09086 3.33522,
	4.09665 3.33522,
	4.10244 3.32943,
	4.1256 3.32943,
	4.13428 3.35259,
	4.13718 3.37575,
	4.14297 3.38733,
	4.15165 3.39312,
	4.16323 3.39312,
	4.17482 3.37286,
	4.1864 3.36996,
	4.19798 3.37865,
	4.20956 3.38154,
	4.25588 3.36707,
	4.27904 3.36128,
	4.32536 3.35838,
	4.34852 3.35549,
	4.39485 3.36417,
	4.41801 3.37865,
	4.4209 3.39023,
	4.41801 3.41339,
	4.4238 3.42497,
	4.4238 3.43076,
	4.42959 3.43366,
	4.42959 3.44524,
	4.4209 3.45682,
	4.39774 3.4655,
	4.35142 3.49156,
	4.32826 3.50024,
	4.3051 3.50314,
	4.29352 3.50024,
	4.28773 3.50024,
	4.27904 3.48866,
	4.27904 3.47708,
	4.29062 3.45392,
	4.3022 3.44524,
	4.30799 3.44524,
	4.3051 3.42207,
	4.30799 3.41339,
	4.29352 3.39023,
	4.28483 3.38444,
	4.23851 3.39023,
	4.19219 3.4047,
	4.14586 3.43366,
	4.13428 3.43945,
	4.08796 3.44234,
	4.0648 3.45103,
	4.04453 3.47419,
	4.03295 3.48287,
	4.02137 3.48577,
	4.01558 3.48577,
	4.0069 3.47419,
	4.0069 3.4655,
	"/>
<Contour name="d01SER" hidden="false" closed="true" simplified="true" border="0 1 0" fill="0 1 0" mode="-9"
 points="4.20666 3.70001,
	4.21824 3.68843,
	4.22982 3.68843,
	4.23851 3.69711,
	4.22693 3.72028,
	4.21535 3.72028,
	4.20666 3.7087,
	4.20666 3.7029,
	"/>
</Transform>

<Transform dim="6"
 xcoef=" 0.110007277217632 0.9978609252526 -0.00559610403119931 0 0 0"
 ycoef=" 0.189671756840436 0.000870722519327043 0.965368045057907 0 0 0">
<Contour name="d01p05" hidden="false" closed="true" simplified="false" border="1 1 0" fill="1 1 0" mode="11"
 points="4.69029 3.65042,
	4.69029 3.6073,
	4.64718 3.6073,
	4.64718 3.64503,
	4.64179 3.65042,
	4.64179 3.60191,
	4.69568 3.60191,
	4.69568 3.65581,
	4.64179 3.65581,
	4.64718 3.65042,
	"/>
<Contour name="d01p06" hidden="false" closed="true" simplified="false" border="0 0 1" fill="0 0 1" mode="-9"
 points="4.18635 3.31086,
	4.16748 3.292,
	4.18635 3.27313,
	4.20521 3.292,
	"/>
</Transform>

<Transform dim="6"
 xcoef=" 0.110007277217632 0.9978609252526 -0.00559610403119931 0 0 0"
 ycoef=" 0.189671756840436 0.000870722519327043 0.965368045057907 0 0 0">
<Contour name="d01SER" hidden="false" closed="true" simplified="true" border="0 1 0" fill="0 1 0" mode="-9"
 points="4.16323 3.16441,
	4.17771 3.14124,
	4.1864 3.12098,
	4.16902 3.07466,
	4.17192 3.05149,
	4.17192 3.03991,
	4.17771 3.02833,
	4.18061 3.00517,
	4.19798 2.95885,
	4.20377 2.95306,
	4.20377 2.94727,
	4.21535 2.93858,
	4.22114 2.93279,
	4.2443 2.93279,
	4.25588 2.93569,
	4.26167 2.98201,
	4.26746 2.99359,
	4.26457 3.03991,
	4.25009 3.08624,
	4.22693 3.13256,
	4.21245 3.15572,
	4.20377 3.1673,
	4.19798 3.1702,
	4.19798 3.17599,
	4.1864 3.18467,
	4.17482 3.18757,
	4.16902 3.18757,
	4.16323 3.18178,
	4.16323 3.1702,
	4.16323 3.1673,
	"/>
</Transform>

<Transform dim="6"
 xcoef=" 0.110007277217632 0.9978609252526 -0.00559610403119931 0 0 0"
 ycoef=" 0.189671756840436 0.000870722519327043 0.965368045057907 0 0 0">
<Contour name="d01SERp06" hidden="false" closed="true" simplified="true" border="0 1 0" fill="0 1 0" mode="-9"
 points="4.15323 3.16441,
	4.16771 3.14124,
	4.1764 3.12098,
	4.15902 3.07466,
	4.16192 3.05149,
	4.16192 3.03991,
	4.16771 3.02833,
	4.17061 3.00517,
	4.18798 2.95885,
	4.19377 2.95306,
	4.19377 2.94727,
	4.20535 2.93858,
	4.21114 2.93279,
	4.2343 2.93279,
	4.24588 2.93569,
	4.25167 2.98201,
	4.25746 2.99359,
	4.25457 3.03991,
	4.24009 3.08624,
	4.21693 3.13256,
	4.20245 3.15572,
	4.19377 3.1673,
	4.18798 3.1702,
	4.18798 3.17599,
	4.1764 3.18467,
	4.16482 3.18757,
	4.15902 3.18757,
	4.15323 3.18178,
	4.15323 3.1702,
	4.15323 3.1673,
	"/>
</Transform>

<Transform dim="0"
 xcoef=" 0 1 0 0 0 0"
 ycoef=" 0 0 1 0 0 0">
<Contour name="d01ax10" comment="LK bouton trace named after cfa" hidden="true" closed="true" simplified="true" border="0 1 1" fill="0.502 1 1" mode="-11"
 points="3.80202 1.38501,
	3.80742 1.3706,
	3.81463 1.31297,
	3.81823 1.28415,
	3.82183 1.27695,
	3.83624 1.26614,
	3.84344 1.26074,
	3.85785 1.26254,
	3.87226 1.26974,
	3.88667 1.28415,
	3.90108 1.31297,
	3.91188 1.32737,
	3.97312 1.44264,
	3.98573 1.47146,
	3.99113 1.48587,
	4.00914 1.51468,
	4.01995 1.52909,
	4.04876 1.5453,
	4.07938 1.60294,
	4.08658 1.61734,
	4.1136 1.64076,
	4.13521 1.66957,
	4.14422 1.68398,
	4.24328 1.79925,
	4.29911 1.85688,
	4.34594 1.91452,
	4.36395 1.94333,
	4.42158 2.0586,
	4.43599 2.08742,
	4.44319 2.11623,
	4.44499 2.13064,
	4.44499 2.13785,
	4.46841 2.19548,
	4.49903 2.25311,
	4.51884 2.28193,
	4.52604 2.28914,
	4.53325 2.30354,
	4.53865 2.33236,
	4.53505 2.36118,
	4.53505 2.37559,
	4.53144 2.38999,
	4.52244 2.4044,
	4.50803 2.41701,
	4.49362 2.42241,
	4.47921 2.42421,
	4.4504 2.41881,
	4.42158 2.40981,
	4.40717 2.4044,
	4.2919 2.32696,
	4.23427 2.29274,
	4.20545 2.27293,
	4.17844 2.24951,
	4.15502 2.2207,
	4.12261 2.16306,
	4.08118 2.10543,
	4.05777 2.07661,
	4.04696 2.0622,
	4.04156 2.04779,
	4.03976 1.99016,
	4.03616 1.97575,
	4.03255 1.96855,
	4.03075 1.93973,
	4.02175 1.91092,
	4.00914 1.8821,
	4.00194 1.86769,
	3.98032 1.83887,
	3.97492 1.82446,
	3.96952 1.79565,
	3.96051 1.76683,
	3.95691 1.73801,
	3.95151 1.72361,
	3.9425 1.7092,
	3.92989 1.69479,
	3.92269 1.68758,
	3.88667 1.62995,
	3.83084 1.51468,
	3.80922 1.45705,
	3.80382 1.44264,
	3.80202 1.38681,
	"/>
</Transform>

<Transform dim="0"
 xcoef=" 0 1 0 0 0 0"
 ycoef=" 0 0 1 0 0 0">
<Contour name="d01c07" hidden="false" closed="true" simplified="true" border="1 0 0" fill="0 1 0" mode="9"
 points="2.92117 4.37249,
	2.9258 4.35291,
	2.94463 4.33332,
	3.02023 4.30388,
	3.17182 4.31353,
	3.20975 4.32329,
	3.22875 4.33306,
	3.24306 4.35262,
	3.25275 4.39177,
	3.25297 4.43093,
	3.21517 4.44565,
	3.17729 4.44568,
	3.10136 4.41639,
	2.94966 4.38716,
	2.9307 4.38227,
	2.9212 4.37739,
	"/>
</Transform>

<Transform dim="6"
 xcoef=" 0.742716744387293 0.888164118562706 0.0537726571530876 0 0 0"
 ycoef=" 1.35131472469087 -0.0798919719690329 0.982950430243861 0 0 0">
<Image mag="0.00220626" contrast="1" brightness="0" red="true" green="true" blue="true"
 src="FPNCT.43.jpg" />
<Contour name="domain1" hidden="false" closed="true" simplified="false" border="1 0 1" fill="1 0 1" mode="11"
 points="0 0,
	4096 0,
	4096 4096,
	0 4096,
	"/>
</Transform>

<Transform dim="0"
 xcoef=" 0 1 0 0 0 0"
 ycoef=" 0 0 1 0 0 0">
<Contour name="d01ax07" comment="LK bouton trace named after cfa" hidden="true" closed="true" simplified="true" border="0 1 1" fill="0.502 1 1" mode="-9"
 points="2.9141 4.37068,
	2.9141 4.37265,
	"/>
</Transform>

<Transform dim="0"
 xcoef=" 0 1 0 0 0 0"
 ycoef=" 0 0 1 0 0 0">
<Contour name="d01ax07" comment="LK bouton trace named after cfa" hidden="true" closed="true" simplified="true" border="0 1 1" fill="0.502 1 1" mode="-9"
 points="2.66351 4.51274,
	2.67042 4.48117,
	2.67535 4.4496,
	2.67634 4.44566,
	2.68719 4.42987,
	2.69212 4.42198,
	2.70001 4.41606,
	2.70988 4.40028,
	2.7158 4.39238,
	2.73158 4.38252,
	2.73948 4.3766,
	2.74737 4.37364,
	2.77894 4.37265,
	2.84208 4.37364,
	2.85786 4.37265,
	2.86674 4.3766,
	2.87464 4.37857,
	2.89042 4.37857,
	2.90621 4.3766,
	2.91015 4.3766,
	2.91213 4.37462,
	2.91607 4.37364,
	2.91805 4.37265,
	2.92397 4.37068,
	2.93975 4.3687,
	2.97132 4.36969,
	3.03446 4.37956,
	3.05025 4.38252,
	3.05419 4.38449,
	3.06209 4.38548,
	3.07787 4.39238,
	3.10944 4.3983,
	3.12523 4.40225,
	3.1568 4.41507,
	3.18738 4.43185,
	3.20317 4.4427,
	3.21895 4.45848,
	3.22684 4.46342,
	3.23079 4.46539,
	3.23671 4.47328,
	3.2377 4.48907,
	3.23671 4.49696,
	3.23375 4.50485,
	3.23375 4.50683,
	3.23178 4.5088,
	3.23079 4.51274,
	3.22388 4.52064,
	3.21599 4.52656,
	3.21402 4.52656,
	3.21007 4.52952,
	3.20613 4.5305,
	3.17456 4.54727,
	3.14299 4.5601,
	3.11141 4.57095,
	3.10352 4.57194,
	3.09958 4.57391,
	3.06801 4.57885,
	3.03644 4.58181,
	2.97329 4.58378,
	2.91015 4.58378,
	2.87858 4.58378,
	2.84701 4.58674,
	2.81544 4.59167,
	2.79966 4.59759,
	2.79176 4.59858,
	2.77598 4.60351,
	2.76019 4.60351,
	2.74441 4.60154,
	2.72862 4.5966,
	2.69705 4.58181,
	2.68127 4.57095,
	2.66647 4.55714,
	2.66351 4.54925,
	2.66351 4.51768,
	2.66351 4.51373,
	"/>
</Transform>

<Transform dim="0"
 xcoef=" 0 1 0 0 0 0"
 ycoef=" 0 0 1 0 0 0">
<Contour name="d01ax11_ddh" comment="ddh_traced_2018-05-22" hidden="true" closed="true" simplified="true" border="0.501961 1 0.501961" fill="0.501961 1 0.501961" mode="11"
 points="4.42217 1.55799,
	4.42789 1.5351,
	4.42789 1.53224,
	4.4422 1.50935,
	4.45793 1.48932,
	4.47081 1.46643,
	4.47367 1.4607,
	4.47653 1.45927,
	4.47796 1.45355,
	4.47796 1.45069,
	4.48082 1.44783,
	4.48226 1.42494,
	4.48226 1.41349,
	4.48369 1.40777,
	4.48369 1.40491,
	4.48798 1.39918,
	4.48798 1.39632,
	4.49656 1.38631,
	4.49942 1.38345,
	4.52231 1.38774,
	4.54091 1.40634,
	4.54807 1.41635,
	4.55808 1.42637,
	4.56237 1.43209,
	4.58383 1.44783,
	4.59242 1.45784,
	4.59671 1.46356,
	4.59957 1.46499,
	4.601 1.47072,
	4.63104 1.51507,
	4.6382 1.52651,
	4.64535 1.5494,
	4.65823 1.57086,
	4.66252 1.58231,
	4.66109 1.6052,
	4.63677 1.65098,
	4.62389 1.69676,
	4.61531 1.70678,
	4.60958 1.71107,
	4.58669 1.71107,
	4.5638 1.70821,
	4.54091 1.69819,
	4.51802 1.68532,
	4.49513 1.66815,
	4.45936 1.62952,
	4.4422 1.60949,
	4.43934 1.60377,
	4.43647 1.60234,
	4.43647 1.59948,
	4.43361 1.59662,
	4.43361 1.59375,
	4.42503 1.58231,
	4.42217 1.57086,
	4.42217 1.55942,
	"/>
</Transform>

<Transform dim="0"
 xcoef=" 0 1 0 0 0 0"
 ycoef=" 0 0 1 0 0 0">
<Contour name="d01ax12_ddh" comment="ddh_traced_2018-05-22" hidden="false" closed="true" simplified="true" border="0.501961 1 0.501961" fill="0.501961 1 0.501961" mode="11"
 points="5.96865 4.54866,
	5.97386 4.53826,
	5.98426 4.52916,
	5.98946 4.52525,
	5.99986 4.52265,
	6.02067 4.51225,
	6.04147 4.49925,
	6.04408 4.49665,
	6.06488 4.49535,
	6.07008 4.49535,
	6.08049 4.49925,
	6.08569 4.49925,
	6.08829 4.49925,
	6.09349 4.50315,
	6.1143 4.50575,
	6.1247 4.50835,
	6.1273 4.50835,
	6.1325 4.51225,
	6.1377 4.51355,
	6.1403 4.51355,
	6.16111 4.53436,
	6.17151 4.54086,
	6.19232 4.54216,
	6.21312 4.54086,
	6.25473 4.54996,
	6.27554 4.55386,
	6.29635 4.55516,
	6.30675 4.55516,
	6.32755 4.56036,
	6.33796 4.56427,
	6.34836 4.57207,
	6.35226 4.57727,
	6.35356 4.59807,
	6.34446 4.61888,
	6.33276 4.63969,
	6.31845 4.66049,
	6.30155 4.6813,
	6.29505 4.6917,
	6.28594 4.7021,
	6.27554 4.70861,
	6.25473 4.71121,
	6.23393 4.70861,
	6.22353 4.7047,
	6.21312 4.6982,
	6.20272 4.6891,
	6.18191 4.6787,
	6.16111 4.6722,
	6.1403 4.67089,
	6.1195 4.66699,
	6.07789 4.65009,
	6.05708 4.64489,
	6.04668 4.64229,
	6.03627 4.63579,
	5.99596 4.59417,
	5.97646 4.57597,
	5.97256 4.57077,
	5.96996 4.56817,
	5.96865 4.55776,
	5.96865 4.55256,
	5.96865 4.54996,
	"/>
</Transform>

<Transform dim="0"
 xcoef=" 0 1 0 0 0 0"
 ycoef=" 0 0 1 0 0 0">
<Contour name="d01ax12_ddh" comment="ddh_traced_2018-05-22" hidden="false" closed="true" simplified="true" border="0.501961 1 0.501961" fill="0.501961 1 0.501961" mode="11"
 points="1.48239 6.04514,
	1.48783 6.02338,
	1.48783 6.01251,
	1.50007 5.97035,
	1.50279 5.96491,
	1.50279 5.96219,
	1.51095 5.95403,
	1.53135 5.93227,
	1.53815 5.92139,
	1.54359 5.91595,
	1.55855 5.89419,
	1.55855 5.89147,
	1.56263 5.88603,
	1.56671 5.87515,
	1.56807 5.86971,
	1.57487 5.85883,
	1.59527 5.84115,
	1.60615 5.83163,
	1.61703 5.82755,
	1.63879 5.81395,
	1.64966 5.80579,
	1.67142 5.80579,
	1.6823 5.80579,
	1.68774 5.80579,
	1.69318 5.80307,
	1.6959 5.80035,
	1.70134 5.79899,
	1.7231 5.78267,
	1.72854 5.77995,
	1.7503 5.77859,
	1.77206 5.77451,
	1.7775 5.77315,
	1.78294 5.76907,
	1.79518 5.74731,
	1.80198 5.73643,
	1.81286 5.72691,
	1.83462 5.72555,
	1.84006 5.72555,
	1.84278 5.72555,
	1.8455 5.72827,
	1.85094 5.72963,
	1.86862 5.74731,
	1.87542 5.75819,
	1.88494 5.80171,
	1.89174 5.82347,
	1.89174 5.82891,
	1.89582 5.83979,
	1.8999 5.86155,
	1.90126 5.88331,
	1.8999 5.90507,
	1.89446 5.92683,
	1.88766 5.93635,
	1.8863 5.94179,
	1.8795 5.95267,
	1.8727 5.97443,
	1.86862 5.98531,
	1.8659 5.99075,
	1.8659 5.99347,
	1.86318 5.99619,
	1.85366 6.01795,
	1.8455 6.02882,
	1.82782 6.04514,
	1.80742 6.0669,
	1.80062 6.07506,
	1.77478 6.11858,
	1.76254 6.13898,
	1.74758 6.15802,
	1.71494 6.20018,
	1.69862 6.22058,
	1.6891 6.23146,
	1.6755 6.2505,
	1.66734 6.26138,
	1.65646 6.2709,
	1.64558 6.2777,
	1.63471 6.28178,
	1.61295 6.28178,
	1.59119 6.27498,
	1.58303 6.26818,
	1.57215 6.25866,
	1.55719 6.23826,
	1.55039 6.22874,
	1.54631 6.2233,
	1.54631 6.22058,
	1.53815 6.21106,
	1.53543 6.20562,
	1.52999 6.20018,
	1.52863 6.19474,
	1.52455 6.1893,
	1.51231 6.14578,
	1.50687 6.12402,
	1.49871 6.10226,
	1.49327 6.09138,
	1.48647 6.06962,
	1.48239 6.04786,
	1.48239 6.0465,
	"/>
</Transform>

<Transform dim="0"
 xcoef=" 0 1 0 0 0 0"
 ycoef=" 0 0 1 0 0 0">
<Contour name="d01ax14_ddh" comment="ddh_traced_2018-05-26" hidden="false" closed="true" simplified="true" border="0.502 1 0.502" fill="0.502 1 0.502" mode="11"
 points="0.235369 0.173585,
	0.23684 0.150048,
	0.238311 0.138279,
	0.239782 0.132395,
	0.238311 0.126511,
	0.245667 0.102974,
	0.257435 0.0794371,
	0.263319 0.0676686,
	0.267732 0.0617844,
	0.279501 0.0603134,
	0.303038 0.0632555,
	0.350112 0.0735529,
	0.397186 0.0661976,
	0.408954 0.0706108,
	0.419251 0.0794371,
	0.432491 0.102974,
	0.450144 0.126511,
	0.461912 0.138279,
	0.466325 0.150048,
	0.475152 0.161816,
	0.495746 0.20889,
	0.503102 0.232427,
	0.507515 0.279501,
	0.507515 0.303038,
	0.507515 0.314806,
	0.507515 0.317748,
	0.48692 0.339814,
	0.463383 0.348641,
	0.451615 0.350112,
	0.404541 0.344227,
	0.392772 0.342756,
	0.369235 0.345699,
	0.357467 0.345699,
	0.345699 0.341285,
	0.33393 0.33393,
	0.323633 0.322162,
	0.310393 0.300096,
	0.301567 0.288327,
	0.295683 0.276559,
	0.248609 0.230956,
	0.239782 0.219188,
	0.235369 0.195651,
	0.235369 0.183882,
	0.235369 0.177998,
	0.235369 0.175056,
	"/>
</Transform>

</Section>