<?xml version="1.0"?>
<!DOCTYPE Section SYSTEM "section.dtd">

<Section index="41" thickness="0.048" alignLocked="true">
<Transform dim="6"
 xcoef=" 0.797769514423446 0.885435031651258 0.061785540143099 0 0 0"
 ycoef=" 1.34304799662682 -0.0704815769257913 0.997121897251934 0 0 0">
<Image mag="0.00220626" contrast="1" brightness="0" red="true" green="true" blue="true"
 src="FPNCT.41.jpg" />
<Contour name="domain1" hidden="false" closed="true" simplified="false" border="1 0 1" fill="1 0 1" mode="11"
 points="0 0,
	4096 0,
	4096 4096,
	0 4096,
	"/>
</Transform>

<Transform dim="6"
 xcoef=" 0.110007277217632 0.9978609252526 -0.00559610403119931 0 0 0"
 ycoef=" 0.189671756840436 0.000870722519327043 0.965368045057907 0 0 0">
<Contour name="D04" hidden="true" closed="true" simplified="true" border="1 0 0" fill="1 0 0" mode="13"
 points="1.48509 3.96394,
	1.49282 3.91173,
	1.51566 3.86197,
	1.55253 3.81697,
	1.60172 3.77885,
	1.66092 3.74938,
	1.72737 3.72994,
	1.79795 3.72145,
	1.86937 3.72429,
	1.93829 3.73834,
	2.00148 3.76294,
	2.05599 3.79693,
	2.09928 3.83874,
	2.12931 3.88639,
	2.14469 3.93768,
	2.14469 3.99019,
	2.12931 4.04148,
	2.09928 4.08913,
	2.05599 4.13094,
	2.00148 4.16493,
	1.93829 4.18953,
	1.86937 4.20358,
	1.79795 4.20642,
	1.72737 4.19793,
	1.66092 4.17849,
	1.60172 4.14902,
	1.55253 4.1109,
	1.51566 4.0659,
	"/>
</Transform>

<Transform dim="6"
 xcoef=" 0.110007277217632 0.9978609252526 -0.00559610403119931 0 0 0"
 ycoef=" 0.189671756840436 0.000870722519327043 0.965368045057907 0 0 0">
<Contour name="D06" hidden="true" closed="true" simplified="true" border="0 0 1" fill="0 0 1" mode="9"
 points="6.09373 7.18346,
	6.09713 7.14386,
	6.10723 7.10526,
	6.12379 7.06864,
	6.14637 7.03491,
	6.17442 7.00494,
	6.20722 6.97947,
	6.24395 6.95916,
	6.28368 6.9445,
	6.3254 6.93588,
	6.36807 6.93351,
	6.4106 6.93746,
	6.45192 6.94761,
	6.49099 6.96372,
	6.52682 6.98538,
	6.55851 7.01204,
	6.58525 7.04303,
	6.60638 7.07756,
	6.62135 7.11477,
	6.62979 7.15371,
	6.63149 7.1934,
	6.62641 7.23284,
	6.61466 7.27104,
	6.59655 7.30702,
	6.57254 7.33989,
	6.54324 7.3688,
	6.50937 7.39304,
	6.4718 7.41198,
	6.43148 7.42516,
	6.38942 7.43223,
	6.34668 7.43302,
	6.30436 7.42751,
	6.2635 7.41583,
	6.22515 7.39829,
	6.19028 7.37533,
	6.15975 7.34752,
	6.13436 7.31557,
	6.11472 7.28028,
	6.10136 7.24255,
	"/>
</Transform>

<Transform dim="6"
 xcoef=" 0.110007277217632 0.9978609252526 -0.00559610403119931 0 0 0"
 ycoef=" 0.189671756840436 0.000870722519327043 0.965368045057907 0 0 0">
<Contour name="D07" hidden="true" closed="true" simplified="true" border="1 0 1" fill="1 0 1" mode="9"
 points="5.67602 6.48727,
	5.68095 6.44784,
	5.6955 6.41047,
	5.7189 6.37709,
	5.74994 6.34944,
	5.78701 6.32895,
	5.82818 6.31668,
	5.87131 6.31329,
	5.91416 6.31894,
	5.9545 6.33333,
	5.99023 6.35573,
	6.0195 6.38496,
	6.04078 6.41951,
	6.05298 6.45759,
	6.05545 6.4972,
	6.04807 6.5363,
	6.03122 6.57285,
	6.00578 6.60495,
	5.97306 6.63094,
	5.93478 6.64946,
	5.89291 6.65954,
	5.84964 6.66068,
	5.80722 6.6528,
	5.76784 6.63631,
	5.73356 6.61208,
	5.70616 6.58136,
	5.68706 6.54576,
	"/>
</Transform>

<Transform dim="6"
 xcoef=" 0.110007277217632 0.9978609252526 -0.00559610403119931 0 0 0"
 ycoef=" 0.189671756840436 0.000870722519327043 0.965368045057907 0 0 0">
<Contour name="d02c06" hidden="true" closed="true" simplified="true" border="0 1 0" fill="0 1 0" mode="9"
 points="7.80446 4.35345,
	7.83157 4.32247,
	7.87417 4.26437,
	7.88967 4.25275,
	7.95164 4.24113,
	7.98262 4.24113,
	7.99812 4.245,
	8.00586 4.25275,
	8.00199 4.28374,
	7.97488 4.31472,
	7.91678 4.36507,
	7.86643 4.4193,
	7.85093 4.43092,
	7.81995 4.42317,
	7.81608 4.39219,
	7.80446 4.3612,
	7.80446 4.35733,
	"/>
<Contour name="d02cfa06" hidden="true" closed="false" simplified="false" border="0 1 1" fill="0 1 1" mode="9"
 points="7.9877 4.24595,
	7.93735 4.27306,
	7.8715 4.33503,
	7.84439 4.40862,
	"/>
</Transform>

<Transform dim="6"
 xcoef=" 0.110007277217632 0.9978609252526 -0.00559610403119931 0 0 0"
 ycoef=" 0.189671756840436 0.000870722519327043 0.965368045057907 0 0 0">
<Contour name="D12" hidden="true" closed="true" simplified="true" border="1 0.5 0" fill="1 0.5 0" mode="9"
 points="3.90362 5.86034,
	3.91389 5.77587,
	3.94389 5.69824,
	3.99118 5.63375,
	4.05193 5.58761,
	4.12121 5.56357,
	4.19342 5.56357,
	4.26271 5.58761,
	4.32346 5.63375,
	4.37074 5.69824,
	4.40074 5.77587,
	4.41102 5.86034,
	4.40074 5.94482,
	4.37074 6.02244,
	4.32346 6.08694,
	4.26271 6.13308,
	4.19342 6.15712,
	4.12121 6.15712,
	4.05193 6.13308,
	3.99118 6.08694,
	3.94389 6.02244,
	3.91389 5.94482,
	"/>
<Contour name="D13" hidden="true" closed="true" simplified="true" border="0.5 0 1" fill="0.5 0 1" mode="9"
 points="2.44438 1.53344,
	2.45248 1.45517,
	2.47636 1.38083,
	2.51483 1.31414,
	2.56596 1.25845,
	2.62718 1.21654,
	2.69543 1.19053,
	2.76728 1.18171,
	2.83913 1.19053,
	2.90737 1.21654,
	2.9686 1.25845,
	3.01972 1.31414,
	3.05819 1.38083,
	3.08207 1.45517,
	3.09017 1.53344,
	3.08207 1.6117,
	3.05819 1.68604,
	3.01972 1.75273,
	2.9686 1.80842,
	2.90737 1.85033,
	2.83913 1.87634,
	2.76728 1.88516,
	2.69543 1.87634,
	2.62718 1.85033,
	2.56596 1.80842,
	2.51483 1.75273,
	2.47636 1.68604,
	"/>
</Transform>

<Transform dim="6"
 xcoef=" 0.110007277217632 0.9978609252526 -0.00559610403119931 0 0 0"
 ycoef=" 0.189671756840436 0.000870722519327043 0.965368045057907 0 0 0">
<Contour name="d13" hidden="true" closed="true" simplified="true" border="1 1 0" fill="1 1 0" mode="11"
 points="1.66065 2.75603,
	1.66471 2.74521,
	1.66606 2.74251,
	1.70933 2.74521,
	1.75261 2.75738,
	1.76343 2.76009,
	1.76884 2.76144,
	1.79047 2.77902,
	1.79588 2.78443,
	1.8067 2.87098,
	1.80805 2.8818,
	1.80535 2.90343,
	1.78506 2.9156,
	1.77425 2.9156,
	1.76884 2.91831,
	1.75802 2.91831,
	1.75261 2.91831,
	1.70933 2.88991,
	1.69446 2.86827,
	1.66876 2.825,
	1.662 2.81418,
	1.66065 2.77091,
	1.66065 2.76009,
	1.66065 2.75738,
	"/>
</Transform>

<Transform dim="6"
 xcoef=" 0.110007277217632 0.9978609252526 -0.00559610403119931 0 0 0"
 ycoef=" 0.189671756840436 0.000870722519327043 0.965368045057907 0 0 0">
<Contour name="d13" hidden="true" closed="true" simplified="true" border="1 1 0" fill="1 1 0" mode="11"
 points="3.77817 2.42788,
	3.78257 2.38097,
	3.78257 2.3751,
	3.7855 2.36924,
	3.82362 2.32232,
	3.84268 2.30033,
	3.93651 2.28713,
	3.95997 2.2842,
	3.98343 2.26514,
	3.98636 2.26221,
	4.00835 2.27687,
	4.01421 2.30033,
	4.01715 2.31206,
	4.01275 2.35897,
	4.00982 2.3707,
	3.99809 2.39416,
	3.99515 2.40589,
	3.99369 2.41175,
	3.9717 2.43228,
	3.95997 2.44254,
	3.91305 2.47333,
	3.88959 2.48946,
	3.88373 2.49532,
	3.872 2.50119,
	3.86027 2.50412,
	3.85441 2.50705,
	3.80749 2.49532,
	3.78403 2.44841,
	3.77817 2.43668,
	3.77817 2.43081,
	3.77817 2.42935,
	"/>
</Transform>

<Transform dim="6"
 xcoef=" 0.110007277217632 0.9978609252526 -0.00559610403119931 0 0 0"
 ycoef=" 0.189671756840436 0.000870722519327043 0.965368045057907 0 0 0">
<Contour name="d13" hidden="true" closed="true" simplified="true" border="1 1 0" fill="1 1 0" mode="11"
 points="3.5128 2.83839,
	3.52307 2.82813,
	3.53333 2.80467,
	3.55679 2.80027,
	3.56265 2.79881,
	3.56852 2.79441,
	3.56998 2.79734,
	3.56852 2.79881,
	3.61543 2.79441,
	3.66235 2.79441,
	3.67408 2.79441,
	3.69753 2.8076,
	3.74445 2.83839,
	3.83828 2.8941,
	3.85001 2.90144,
	3.89546 2.94249,
	3.90865 2.9894,
	3.91159 3.00113,
	3.88813 3.02166,
	3.8764 3.03045,
	3.85294 3.03778,
	3.84121 3.04072,
	3.74738 3.04365,
	3.70047 3.04511,
	3.6946 3.04658,
	3.64769 3.04511,
	3.60077 3.03485,
	3.58904 3.03192,
	3.58611 3.03192,
	3.57585 3.02019,
	3.55385 3.007,
	3.54506 2.98354,
	3.53773 2.97327,
	3.53919 2.97034,
	3.5216 2.92343,
	3.51427 2.89997,
	3.5128 2.85305,
	3.5128 2.84132,
	3.5128 2.83986,
	"/>
</Transform>

<Transform dim="6"
 xcoef=" 0.110007277217632 0.9978609252526 -0.00559610403119931 0 0 0"
 ycoef=" 0.189671756840436 0.000870722519327043 0.965368045057907 0 0 0">
<Contour name="d13" hidden="true" closed="true" simplified="true" border="1 1 0" fill="1 1 0" mode="11"
 points="2.95043 0.489874,
	2.97779 0.450087,
	2.99146 0.430194,
	3.03001 0.396624,
	3.0499 0.379217,
	3.08969 0.370514,
	3.12947 0.35808,
	3.14937 0.35062,
	3.16926 0.333214,
	3.17921 0.32451,
	3.18418 0.319537,
	3.18791 0.239964,
	3.18667 0.230017,
	3.17672 0.210124,
	3.17175 0.200177,
	3.14066 0.16039,
	3.06979 0.0808168,
	3.06482 0.0758434,
	3.04493 0.0360567,
	3.03995 0.02611,
	3.03747 0.0211367,
	3.04617 0.00124333,
	3.0499 -0.00870334,
	3.05114 -0.01119,
	3.03995 -0.0509767,
	3.02628 -0.13055,
	3.02379 -0.150444,
	3.02255 -0.16039,
	3.0213 -0.165364,
	3.05612 -0.244937,
	3.05985 -0.254884,
	3.06855 -0.2611,
	3.10834 -0.278507,
	3.11828 -0.282237,
	3.12326 -0.284724,
	3.16304 -0.28348,
	3.18294 -0.28348,
	3.22272 -0.277264,
	3.24262 -0.273534,
	3.26251 -0.26483,
	3.27246 -0.2611,
	3.31224 -0.236234,
	3.31473 -0.233747,
	3.31597 -0.213854,
	3.29608 -0.174067,
	3.28986 -0.13428,
	3.28862 -0.129307,
	3.29111 -0.124333,
	3.32343 -0.0845468,
	3.32716 -0.0795734,
	3.33214 -0.0783301,
	3.35203 -0.0808168,
	3.357 -0.0820601,
	3.36198 -0.0808168,
	3.38063 -0.0609234,
	3.38933 -0.0509767,
	3.39679 -0.01119,
	3.40052 0.0285967,
	3.39928 0.0683834,
	3.39803 0.0882768,
	3.39803 0.0982234,
	3.36198 0.177797,
	3.35203 0.19769,
	3.3197 0.277264,
	3.30603 0.297157,
	3.29857 0.307104,
	3.29608 0.326997,
	3.29484 0.33197,
	3.27494 0.349377,
	3.26997 0.35435,
	3.25008 0.36554,
	3.2451 0.368027,
	3.23391 0.38792,
	3.20656 0.427707,
	3.19537 0.447601,
	3.1904 0.457547,
	3.18791 0.462521,
	3.16802 0.479927,
	3.16304 0.484901,
	3.14315 0.492361,
	3.12326 0.494847,
	3.08347 0.506037,
	3.06358 0.511011,
	3.04368 0.513497,
	3.03374 0.514741,
	3.02876 0.515984,
	3.02628 0.514741,
	3.01384 0.534634,
	3.01011 0.539607,
	3.00017 0.540851,
	2.98027 0.535877,
	2.9753 0.533391,
	2.95789 0.513497,
	2.95168 0.493604,
	2.95043 0.491117,
	"/>
</Transform>

<Transform dim="6"
 xcoef=" 0.110007277217632 0.9978609252526 -0.00559610403119931 0 0 0"
 ycoef=" 0.189671756840436 0.000870722519327043 0.965368045057907 0 0 0">
<Contour name="d13p14" hidden="true" closed="true" simplified="false" border="1 0 0" fill="1 0 0" mode="-13"
 points="3.3122 2.70696,
	3.32959 2.68261,
	3.3122 2.65827,
	3.32264 2.65827,
	3.33655 2.67913,
	3.35046 2.65827,
	3.36089 2.65827,
	3.3435 2.68261,
	3.36089 2.70696,
	3.35046 2.70696,
	3.33655 2.68609,
	3.32264 2.70696,
	"/>
</Transform>

<Transform dim="6"
 xcoef=" 0.110007277217632 0.9978609252526 -0.00559610403119931 0 0 0"
 ycoef=" 0.189671756840436 0.000870722519327043 0.965368045057907 0 0 0">
<Contour name="d13p16" hidden="true" closed="true" simplified="false" border="0 0 1" fill="0 0 1" mode="9"
 points="3.80622 1.94559,
	3.79634 1.93571,
	3.80622 1.92583,
	3.8161 1.93571,
	"/>
</Transform>

<Transform dim="6"
 xcoef=" 0.110007277217632 0.9978609252526 -0.00559610403119931 0 0 0"
 ycoef=" 0.189671756840436 0.000870722519327043 0.965368045057907 0 0 0">
<Contour name="d13" hidden="true" closed="true" simplified="true" border="1 1 0.501961" fill="0.5 0 1" mode="11"
 points="0.861934 0.152876,
	0.880118 0.141511,
	0.88921 0.134692,
	0.891483 0.132419,
	0.927852 0.152876,
	0.961947 0.189245,
	1.01423 0.261982,
	1.07105 0.334719,
	1.09833 0.371087,
	1.17107 0.40291,
	1.31654 0.407456,
	1.35291 0.407456,
	1.37109 0.407456,
	1.38019 0.407456,
	1.41655 0.421094,
	1.48929 0.464282,
	1.52566 0.489285,
	1.67113 0.562022,
	1.74387 0.60521,
	1.80979 0.677947,
	1.81888 0.687039,
	1.85525 0.759776,
	1.87343 0.796144,
	1.8848 0.814329,
	1.88934 0.823421,
	1.96208 0.884792,
	1.98027 0.896158,
	2.12574 0.943891,
	2.19848 0.966622,
	2.27121 0.973441,
	2.41669 0.95753,
	2.45306 0.955256,
	2.48942 0.939345,
	2.52579 0.918888,
	2.56216 0.902977,
	2.58035 0.893885,
	2.72582 0.891612,
	2.79856 0.889339,
	2.83493 0.889339,
	2.87129 0.893885,
	2.88948 0.896158,
	2.89857 0.898431,
	2.92585 0.932526,
	2.96222 0.966622,
	2.99858 0.987079,
	3.07132 1.01663,
	3.14406 1.03936,
	3.18043 1.05072,
	3.25316 1.06436,
	3.28953 1.06891,
	3.30772 1.06891,
	3.34408 1.08482,
	3.36227 1.09391,
	3.38045 1.09846,
	3.41682 1.09391,
	3.42591 1.09164,
	3.49865 1.13028,
	3.51684 1.14165,
	3.52593 1.14846,
	3.54638 1.18483,
	3.57139 1.21893,
	3.60548 1.23711,
	3.63731 1.30985,
	3.63958 1.31894,
	3.62367 1.35531,
	3.61685 1.37349,
	3.6123 1.38259,
	3.6123 1.45532,
	3.61458 1.49169,
	3.61458 1.50078,
	3.68731 1.64626,
	3.69868 1.66444,
	3.73505 1.70081,
	3.75096 1.719,
	3.7555 1.72809,
	3.76005 1.73263,
	3.74187 1.74854,
	3.73505 1.75764,
	3.73277 1.75991,
	3.75096 1.79628,
	3.8146 1.86902,
	3.83961 1.90538,
	3.84188 1.92357,
	3.82597 1.99631,
	3.82142 2.01449,
	3.82369 2.05086,
	3.83961 2.06904,
	3.8487 2.07586,
	3.83506 2.09405,
	3.82824 2.10314,
	3.82142 2.13951,
	3.81915 2.1486,
	3.82597 2.18497,
	3.82824 2.19406,
	3.82142 2.21224,
	3.74868 2.25316,
	3.73959 2.2577,
	3.72141 2.27362,
	3.6964 2.30998,
	3.68049 2.32817,
	3.67822 2.33271,
	3.69413 2.36908,
	3.69413 2.37136,
	3.69186 2.37817,
	3.61912 2.38954,
	3.58275 2.4009,
	3.54638 2.41682,
	3.51002 2.43727,
	3.4941 2.45318,
	3.45319 2.52592,
	3.43273 2.56229,
	3.42364 2.58047,
	3.41 2.65321,
	3.43955 2.72595,
	3.43273 2.74413,
	3.42364 2.75095,
	3.38727 2.75777,
	3.36909 2.75777,
	3.33272 2.74413,
	3.25998 2.70776,
	3.2418 2.6964,
	3.22361 2.69185,
	3.18725 2.69867,
	3.15088 2.70095,
	3.07814 2.69185,
	3.0054 2.6714,
	2.96903 2.6623,
	2.95085 2.65548,
	2.87811 2.65548,
	2.84174 2.65548,
	2.82356 2.65548,
	2.78719 2.66458,
	2.71445 2.69413,
	2.67809 2.70095,
	2.6599 2.69867,
	2.62353 2.6714,
	2.60535 2.66458,
	2.56898 2.65776,
	2.5508 2.65094,
	2.51443 2.62139,
	2.49624 2.60775,
	2.48715 2.59866,
	2.47806 2.59411,
	2.40532 2.58729,
	2.36895 2.58275,
	2.35986 2.58275,
	2.35304 2.5782,
	2.32122 2.50546,
	2.30531 2.4691,
	2.30304 2.46455,
	2.3144 2.42818,
	2.31895 2.41,
	2.32122 2.4009,
	2.32349 2.39636,
	2.25758 2.25088,
	2.22121 2.17815,
	2.2053 2.14178,
	2.16211 1.99631,
	2.12347 1.92584,
	2.1462 1.88947,
	2.15984 1.87129,
	2.16438 1.86674,
	2.16893 1.84856,
	2.16893 1.77582,
	2.15756 1.75764,
	2.14847 1.72127,
	2.14847 1.70308,
	2.13029 1.66672,
	2.12347 1.64853,
	2.12347 1.63035,
	2.1121 1.59398,
	2.10074 1.57807,
	2.09619 1.55988,
	2.0871 1.5417,
	2.08255 1.50533,
	2.08255 1.50078,
	2.06437 1.48487,
	2.04618 1.47578,
	2.01663 1.44169,
	2.00754 1.43714,
	1.97117 1.43259,
	1.9348 1.41668,
	1.89844 1.39622,
	1.86207 1.37122,
	1.84388 1.35758,
	1.83479 1.35304,
	1.76205 1.34622,
	1.74387 1.34849,
	1.72569 1.35986,
	1.71659 1.36895,
	1.68023 1.33485,
	1.66204 1.31667,
	1.65295 1.30985,
	1.58021 1.28712,
	1.43474 1.28712,
	1.39837 1.28712,
	1.362 1.26893,
	1.34382 1.25984,
	1.26653 1.11664,
	1.13015 0.971168,
	1.11424 0.952983,
	1.09378 0.916615,
	1.03241 0.771141,
	0.998316 0.698404,
	0.977858 0.662035,
	0.91194 0.516561,
	0.902848 0.498377,
	0.898302 0.480193,
	0.896029 0.471101,
	0.902848 0.434732,
	0.896029 0.361995,
	0.873299 0.216521,
	0.86648 0.180153,
	0.864207 0.161968,
	0.861934 0.155149,
	"/>
</Transform>

<Transform dim="6"
 xcoef=" 0.110007277217632 0.9978609252526 -0.00559610403119931 0 0 0"
 ycoef=" 0.189671756840436 0.000870722519327043 0.965368045057907 0 0 0">
<Contour name="d13" hidden="true" closed="true" simplified="true" border="1 1 0" fill="1 1 0" mode="11"
 points="0.878116 3.03882,
	0.88894 3.0334,
	0.89841 3.02258,
	0.901116 3.01717,
	0.922764 3.0104,
	0.933588 3.0077,
	0.939 3.00634,
	1.02559 3.02258,
	1.03642 3.02393,
	1.04724 3.02258,
	1.05265 3.02258,
	1.09595 3.00364,
	1.13924 3.00228,
	1.15007 3.00228,
	1.19336 3.01717,
	1.21501 3.02529,
	1.25831 3.05099,
	1.27996 3.06452,
	1.32325 3.15111,
	1.34084 3.19441,
	1.3449 3.20523,
	1.3449 3.29183,
	1.34355 3.29724,
	1.33272 3.304,
	1.31107 3.31212,
	1.30025 3.31753,
	1.2786 3.31889,
	1.25695 3.31618,
	1.24748 3.31483,
	1.24478 3.31212,
	1.24072 3.29047,
	1.23937 3.27965,
	1.22719 3.258,
	1.21907 3.24853,
	1.19742 3.24853,
	1.17577 3.25259,
	1.15413 3.26206,
	1.1433 3.26882,
	1.13383 3.2783,
	1.13248 3.28371,
	1.1203 3.30536,
	1.11218 3.327,
	1.11083 3.36895,
	1.10677 3.36759,
	1.10001 3.35677,
	1.07836 3.34865,
	1.06753 3.34459,
	1.06212 3.34324,
	1.04047 3.35,
	1.02965 3.32836,
	1.00259 3.28506,
	0.989061 3.26341,
	0.980943 3.25259,
	0.975531 3.24176,
	0.971472 3.23635,
	0.972825 3.23365,
	0.960648 3.212,
	0.928176 3.12541,
	0.920058 3.10376,
	0.918705 3.09835,
	0.899763 3.0767,
	0.884881 3.05505,
	0.880822 3.04423,
	0.878116 3.04017,
	"/>
</Transform>

<Transform dim="6"
 xcoef=" 0.110007277217632 0.9978609252526 -0.00559610403119931 0 0 0"
 ycoef=" 0.189671756840436 0.000870722519327043 0.965368045057907 0 0 0">
<Contour name="d04" hidden="true" closed="true" simplified="true" border="1 0 0" fill="1 0 0" mode="11"
 points="1.72866 5.14486,
	1.73298 5.12755,
	1.73515 5.1189,
	1.73731 5.11457,
	1.77193 5.12106,
	1.77625 5.12106,
	1.78707 5.19029,
	1.79356 5.22491,
	1.79356 5.23356,
	1.77193 5.26818,
	1.7676 5.27251,
	1.75029 5.26818,
	1.74164 5.26385,
	1.73731 5.26169,
	1.73298 5.19246,
	1.72866 5.15784,
	1.72866 5.14919,
	1.72866 5.14702,
	"/>
</Transform>

<Transform dim="6"
 xcoef=" 0.110007277217632 0.9978609252526 -0.00559610403119931 0 0 0"
 ycoef=" 0.189671756840436 0.000870722519327043 0.965368045057907 0 0 0">
<Contour name="d04" hidden="true" closed="true" simplified="true" border="1 0 0" fill="1 0 0" mode="11"
 points="2.67825 2.90709,
	2.68879 2.85891,
	2.69331 2.83482,
	2.74148 2.79267,
	2.75353 2.78213,
	2.75955 2.77912,
	2.78364 2.7746,
	2.79568 2.7731,
	2.8017 2.77159,
	2.82579 2.78514,
	2.83784 2.79117,
	2.84085 2.79418,
	2.85289 2.84235,
	2.85741 2.86644,
	2.85891 2.87246,
	2.84085 2.92064,
	2.81826 2.94322,
	2.80622 2.95526,
	2.79719 2.96731,
	2.79117 2.97333,
	2.76708 2.98086,
	2.76106 2.98387,
	2.73697 2.98086,
	2.72492 2.98086,
	2.7189 2.97935,
	2.69632 2.95677,
	2.68578 2.94472,
	2.68277 2.94171,
	2.68126 2.91763,
	2.67976 2.9116,
	2.67825 2.90859,
	"/>
</Transform>

<Transform dim="6"
 xcoef=" 0.110007277217632 0.9978609252526 -0.00559610403119931 0 0 0"
 ycoef=" 0.189671756840436 0.000870722519327043 0.965368045057907 0 0 0">
<Contour name="d04" hidden="true" closed="true" simplified="true" border="1 0 0" fill="1 0 0" mode="11"
 points="2.27762 3.55261,
	2.27891 3.53186,
	2.36063 3.48257,
	2.40213 3.46701,
	2.42288 3.46052,
	2.43326 3.45663,
	2.43845 3.45404,
	2.44234 3.43328,
	2.44364 3.43069,
	2.48514 3.4242,
	2.5059 3.42161,
	2.51108 3.42031,
	2.55259 3.43328,
	2.56426 3.45404,
	2.57075 3.46441,
	2.57334 3.4696,
	2.56686 3.49035,
	2.56426 3.50073,
	2.55907 3.51111,
	2.52665 3.55132,
	2.48514 3.56818,
	2.44364 3.57985,
	2.42288 3.58504,
	2.41251 3.58763,
	2.371 3.61746,
	2.35414 3.63822,
	2.34895 3.64211,
	2.33858 3.646,
	2.33339 3.6473,
	2.31264 3.63692,
	2.30226 3.63044,
	2.2841 3.58893,
	2.28021 3.57855,
	2.27762 3.57337,
	2.27762 3.55391,
	"/>
</Transform>

<Transform dim="6"
 xcoef=" 0.110007277217632 0.9978609252526 -0.00559610403119931 0 0 0"
 ycoef=" 0.189671756840436 0.000870722519327043 0.965368045057907 0 0 0">
<Contour name="d04" hidden="true" closed="true" simplified="true" border="1 0 0" fill="1 0 0" mode="11"
 points="1.83841 3.11895,
	1.88067 3.05133,
	1.89123 3.03442,
	1.95674 2.96892,
	2.02436 2.92243,
	2.05817 2.9013,
	2.07507 2.89073,
	2.08353 2.88439,
	2.10043 2.88651,
	2.10888 2.88651,
	2.14692 2.95413,
	2.16171 2.98794,
	2.18073 3.05556,
	2.19129 3.08937,
	2.19552 3.10627,
	2.19763 3.11472,
	2.17862 3.18234,
	2.17228 3.21615,
	2.17016 3.23306,
	2.14692 3.26687,
	2.11311 3.29222,
	2.0962 3.30279,
	2.06239 3.31547,
	2.04549 3.31758,
	2.02858 3.31336,
	2.02013 3.31336,
	2.01168 3.30913,
	1.94617 3.24362,
	1.91236 3.21827,
	1.88489 3.18657,
	1.86165 3.15276,
	1.85108 3.13585,
	1.84474 3.1274,
	1.84052 3.12318,
	1.84052 3.12106,
	"/>
</Transform>

<Transform dim="6"
 xcoef=" 0.110007277217632 0.9978609252526 -0.00559610403119931 0 0 0"
 ycoef=" 0.189671756840436 0.000870722519327043 0.965368045057907 0 0 0">
<Contour name="d04" hidden="true" closed="true" simplified="true" border="1 0 0" fill="1 0 0" mode="11"
 points="1.36371 4.13855,
	1.38351 4.12865,
	1.38846 4.10885,
	1.39093 4.09896,
	1.40083 4.09648,
	1.40578 4.09401,
	1.39836 4.08411,
	1.39588 4.07421,
	1.39836 4.06432,
	1.40578 4.05442,
	1.40578 4.01483,
	1.40578 3.99503,
	1.40578 3.98514,
	1.38846 3.94554,
	1.39836 3.92575,
	1.40578 3.91585,
	1.41568 3.91338,
	1.42063 3.90348,
	1.42063 3.88368,
	1.41073 3.88121,
	1.4033 3.87131,
	1.40083 3.86142,
	1.39836 3.85647,
	1.41815 3.83667,
	1.43795 3.8243,
	1.47011 3.78471,
	1.48991 3.76491,
	1.53445 3.68573,
	1.54187 3.66594,
	1.54435 3.64614,
	1.55177 3.63624,
	1.55424 3.64119,
	1.55177 3.64862,
	1.56167 3.64119,
	1.56661 3.6313,
	1.56414 3.6214,
	1.56909 3.6115,
	1.58888 3.59418,
	1.59878 3.57438,
	1.61858 3.56201,
	1.65569 3.52242,
	1.67549 3.5051,
	1.69528 3.49273,
	1.70271 3.48778,
	1.7225 3.50015,
	1.7324 3.50263,
	1.75219 3.49768,
	1.79179 3.47541,
	1.83138 3.47046,
	1.85117 3.46799,
	1.87097 3.47293,
	1.87344 3.47788,
	1.86602 3.48778,
	1.88581 3.49026,
	1.89571 3.49768,
	1.91551 3.50263,
	1.9551 3.49273,
	1.96499 3.49026,
	1.98479 3.4952,
	2.00458 3.50758,
	2.01201 3.515,
	2.0219 3.5051,
	2.02685 3.4952,
	2.03675 3.49273,
	2.07634 3.49768,
	2.09614 3.51005,
	2.11593 3.51747,
	2.12583 3.51252,
	2.14562 3.53232,
	2.16542 3.54469,
	2.17532 3.55212,
	2.19511 3.55212,
	2.20501 3.55459,
	2.22233 3.57438,
	2.23718 3.61398,
	2.31636 3.69316,
	2.3312 3.71295,
	2.3411 3.75254,
	2.35595 3.79213,
	2.3609 3.81193,
	2.36337 3.82182,
	2.35842 3.84162,
	2.34853 3.86142,
	2.35842 3.90101,
	2.38069 3.9406,
	2.39306 3.96039,
	2.38812 3.99998,
	2.40791 4.01978,
	2.42028 4.03957,
	2.42523 4.04947,
	2.41533 4.06926,
	2.41039 4.07916,
	2.40791 4.09896,
	2.41781 4.13855,
	2.40791 4.14845,
	2.42276 4.22763,
	2.42028 4.24742,
	2.42028 4.25732,
	2.42028 4.26227,
	2.40296 4.28206,
	2.39801 4.28701,
	2.39306 4.30681,
	2.38317 4.3266,
	2.37822 4.3464,
	2.38317 4.36619,
	2.38564 4.37609,
	2.38317 4.38599,
	2.36585 4.40578,
	2.3609 4.40826,
	2.35842 4.41815,
	2.33863 4.43053,
	2.31883 4.43548,
	2.29904 4.44537,
	2.29161 4.45527,
	2.28172 4.46022,
	2.26934 4.48001,
	2.24955 4.48991,
	2.24213 4.49239,
	2.2446 4.49734,
	2.23965 4.50723,
	2.21986 4.51466,
	2.20006 4.51713,
	2.18027 4.50971,
	2.14068 4.51961,
	2.13078 4.52208,
	2.09119 4.49981,
	2.07139 4.48991,
	2.0318 4.49239,
	2.01201 4.48991,
	1.97242 4.49981,
	1.95262 4.49734,
	1.91303 4.51466,
	1.87344 4.52703,
	1.86354 4.52703,
	1.84375 4.54187,
	1.82395 4.56167,
	1.819 4.56414,
	1.81653 4.56167,
	1.81158 4.56414,
	1.80168 4.5592,
	1.79921 4.55425,
	1.77941 4.5493,
	1.75962 4.53693,
	1.73982 4.51961,
	1.72993 4.51218,
	1.72993 4.50228,
	1.72003 4.49486,
	1.70023 4.48744,
	1.69033 4.48001,
	1.68786 4.47754,
	1.69281 4.47259,
	1.67301 4.46022,
	1.65322 4.4429,
	1.66064 4.433,
	1.65074 4.43053,
	1.64827 4.42805,
	1.64332 4.43053,
	1.62353 4.42063,
	1.62105 4.41815,
	1.60621 4.39836,
	1.60126 4.39094,
	1.58394 4.36867,
	1.50723 4.29443,
	1.47754 4.25484,
	1.46269 4.23505,
	1.45279 4.22515,
	1.4132 4.21278,
	1.4033 4.21031,
	1.37114 4.17071,
	1.36371 4.16082,
	1.36124 4.15092,
	1.36371 4.14102,
	"/>
</Transform>

<Transform dim="6"
 xcoef=" 0.110007277217632 0.9978609252526 -0.00559610403119931 0 0 0"
 ycoef=" 0.189671756840436 0.000870722519327043 0.965368045057907 0 0 0">
<Contour name="d13c13" hidden="true" closed="true" simplified="true" border="1 0 0.5" fill="1 0 0.5" mode="11"
 points="3.25978 -0.155592,
	3.30059 -0.172171,
	3.30569 -0.173447,
	3.3261 -0.154317,
	3.3363 -0.145389,
	3.3414 -0.140288,
	3.34268 -0.130085,
	3.3414 -0.10968,
	3.34905 -0.0892741,
	3.35033 -0.0867234,
	3.32992 -0.0688686,
	3.32482 -0.0637672,
	3.30442 -0.0624918,
	3.29421 -0.0624918,
	3.29166 -0.0624918,
	3.27126 -0.0803467,
	3.26616 -0.0841727,
	3.2636 -0.0867234,
	3.26105 -0.127534,
	3.25978 -0.14794,
	3.25978 -0.153041,
	3.25978 -0.154317,
	"/>
</Transform>

<Transform dim="6"
 xcoef=" 0.110007277217632 0.9978609252526 -0.00559610403119931 0 0 0"
 ycoef=" 0.189671756840436 0.000870722519327043 0.965368045057907 0 0 0">
<Contour name="d13" hidden="true" closed="true" simplified="true" border="1 1 0" fill="1 1 0" mode="11"
 points="3.41849 3.66834,
	3.42677 3.64187,
	3.43007 3.63525,
	3.44331 3.63029,
	3.44993 3.62863,
	3.50288 3.63856,
	3.55583 3.62367,
	3.56906 3.62036,
	3.62201 3.59388,
	3.67496 3.57072,
	3.72791 3.55252,
	3.73122 3.55086,
	3.75769 3.56906,
	3.76431 3.57403,
	3.81726 3.57734,
	3.87021 3.58892,
	3.88345 3.59223,
	3.88676 3.59223,
	3.93805 3.64518,
	3.94963 3.65842,
	3.95625 3.66338,
	4.0092 3.67662,
	4.02244 3.68158,
	4.04891 3.69647,
	4.05553 3.69978,
	4.06049 3.7064,
	4.082 3.75935,
	4.11013 3.8123,
	4.12668 3.83877,
	4.14653 3.86525,
	4.15481 3.87848,
	4.15812 3.90496,
	4.15812 3.91158,
	4.13992 3.93805,
	4.11344 3.96452,
	4.1002 3.97776,
	4.09359 3.98272,
	4.08697 3.98107,
	4.07373 3.97114,
	4.06711 3.96618,
	4.04395 3.91323,
	3.991 3.80733,
	3.98438 3.7941,
	3.94467 3.74115,
	3.9397 3.73453,
	3.88676 3.70971,
	3.86028 3.69647,
	3.80733 3.68323,
	3.78086 3.67496,
	3.72791 3.66669,
	3.70144 3.66338,
	3.64849 3.67993,
	3.62201 3.68985,
	3.60878 3.69316,
	3.59719 3.70144,
	3.56079 3.75438,
	3.55583 3.761,
	3.52935 3.77755,
	3.51612 3.78417,
	3.5095 3.78913,
	3.48302 3.7941,
	3.4764 3.7941,
	3.44993 3.78417,
	3.44331 3.78086,
	3.44 3.7792,
	3.44331 3.75273,
	3.44166 3.72626,
	3.44 3.71302,
	3.42842 3.68654,
	3.42015 3.67331,
	3.41849 3.67,
	"/>
</Transform>

<Transform dim="6"
 xcoef=" 0.110007277217632 0.9978609252526 -0.00559610403119931 0 0 0"
 ycoef=" 0.189671756840436 0.000870722519327043 0.965368045057907 0 0 0">
<Contour name="d13" hidden="true" closed="true" simplified="true" border="1 1 0" fill="1 1 0" mode="11"
 points="-0.160462 0.663102,
	-0.157274 0.6461,
	-0.156212 0.637598,
	-0.155149 0.633348,
	-0.139209 0.622721,
	-0.122206 0.61422,
	-0.105204 0.607844,
	-0.0967024 0.605718,
	-0.0796998 0.597217,
	-0.0626972 0.58659,
	-0.0456945 0.579152,
	-0.0116893 0.575964,
	-0.00743865 0.574901,
	0.00956397 0.589778,
	0.0116893 0.594029,
	0.0148773 0.611032,
	0.0170026 0.619533,
	0.0180653 0.623784,
	0.0297546 0.640786,
	0.0361306 0.649287,
	0.0371932 0.651413,
	0.0276293 0.685418,
	0.0223159 0.702421,
	0.0138146 0.709859,
	0.00956397 0.71411,
	-0.00637598 0.717298,
	-0.0233786 0.71411,
	-0.0403812 0.707734,
	-0.0743865 0.691794,
	-0.0913891 0.686481,
	-0.125394 0.685418,
	-0.133896 0.68223,
	-0.150898 0.672666,
	-0.1594 0.667353,
	-0.160462 0.664165,
	"/>
</Transform>

<Transform dim="6"
 xcoef=" 0.110007277217632 0.9978609252526 -0.00559610403119931 0 0 0"
 ycoef=" 0.189671756840436 0.000870722519327043 0.965368045057907 0 0 0">
<Contour name="d13" hidden="true" closed="true" simplified="true" border="1 1 0" fill="1 1 0" mode="11"
 points="0.258969 1.01934,
	0.265856 0.975265,
	0.267234 0.964245,
	0.268611 0.958735,
	0.355393 0.892615,
	0.377433 0.876086,
	0.382943 0.873331,
	0.427023 0.871953,
	0.471103 0.876086,
	0.486255 0.896748,
	0.486255 0.918788,
	0.47799 0.962868,
	0.457328 1.05103,
	0.468348 1.09511,
	0.471103 1.10613,
	0.471103 1.10888,
	0.449063 1.12954,
	0.446308 1.1323,
	0.358148 1.13781,
	0.314068 1.13368,
	0.303048 1.13092,
	0.281009 1.11715,
	0.268611 1.09648,
	0.258969 1.07444,
	0.258969 1.03036,
	0.258969 1.02072,
	"/>
</Transform>

<Transform dim="6"
 xcoef=" 0.110007277217632 0.9978609252526 -0.00559610403119931 0 0 0"
 ycoef=" 0.189671756840436 0.000870722519327043 0.965368045057907 0 0 0">
<Contour name="d13" hidden="true" closed="true" simplified="true" border="1 1 0" fill="1 1 0" mode="11"
 points="1.96891 0.389589,
	1.9724 0.387842,
	2.00036 0.382601,
	2.00385 0.381727,
	2.0318 0.386968,
	2.04578 0.390463,
	2.04927 0.390463,
	2.05277 0.39221,
	2.07373 0.420162,
	2.08247 0.434138,
	2.08683 0.441127,
	2.08858 0.444621,
	2.08858 0.451609,
	2.08858 0.455103,
	2.08596 0.457723,
	2.07897 0.45947,
	2.065 0.45947,
	2.05801 0.45947,
	2.03006 0.454229,
	2.0021 0.437633,
	1.99512 0.434138,
	1.98114 0.421036,
	1.97415 0.414048,
	1.97066 0.410553,
	1.96891 0.396577,
	1.96891 0.390463,
	"/>
</Transform>

<Transform dim="6"
 xcoef=" 0.110007277217632 0.9978609252526 -0.00559610403119931 0 0 0"
 ycoef=" 0.189671756840436 0.000870722519327043 0.965368045057907 0 0 0">
<Contour name="d13c17b" hidden="true" closed="true" simplified="true" border="1 0 1" fill="1 0 1" mode="-11"
 points="0.927327 3.14875,
	0.931706 3.14656,
	0.936085 3.14656,
	0.938275 3.14547,
	0.955792 3.1597,
	0.965646 3.17722,
	0.998491 3.24729,
	1.01601 3.28232,
	1.02148 3.29108,
	1.02367 3.29546,
	1.02477 3.29765,
	1.00725 3.30969,
	0.999586 3.31626,
	0.993017 3.32502,
	0.989732 3.3294,
	0.972215 3.32064,
	0.954697 3.30969,
	0.93718 3.29546,
	0.932801 3.29108,
	0.931706 3.22101,
	0.930611 3.18597,
	0.927327 3.15094,
	0.927327 3.14984,
	"/>
</Transform>

<Transform dim="6"
 xcoef=" 0.110007277217632 0.9978609252526 -0.00559610403119931 0 0 0"
 ycoef=" 0.189671756840436 0.000870722519327043 0.965368045057907 0 0 0">
<Contour name="d13cfa17b" hidden="true" closed="false" simplified="false" border="1 0 1" fill="1 0 1" mode="9"
 points="0.934498 3.1439,
	0.949826 3.22273,
	0.996904 3.32127,
	"/>
</Transform>

<Transform dim="6"
 xcoef=" 0.110007277217632 0.9978609252526 -0.00559610403119931 0 0 0"
 ycoef=" 0.189671756840436 0.000870722519327043 0.965368045057907 0 0 0">
<Contour name="d13rn15a10" hidden="true" closed="true" simplified="false" border="1 0 1" fill="1 0 1" mode="-11"
 points="1.08045 0.405075,
	1.08045 0.40101,
	1.08452 0.396946,
	1.08858 0.396946,
	1.09265 0.40101,
	1.09265 0.405075,
	1.08858 0.409139,
	1.08452 0.409139,
	"/>
<Contour name="d13rn15a11" hidden="true" closed="true" simplified="false" border="1 0 1" fill="1 0 1" mode="-11"
 points="1.07537 0.384753,
	1.07537 0.380689,
	1.07944 0.376624,
	1.0835 0.376624,
	1.08757 0.380689,
	1.08757 0.384753,
	1.0835 0.388817,
	1.07944 0.388817,
	"/>
<Contour name="d13rn15a12" hidden="true" closed="true" simplified="false" border="1 0 1" fill="1 0 1" mode="-11"
 points="1.06216 0.385769,
	1.06216 0.381705,
	1.06623 0.37764,
	1.07029 0.37764,
	1.07436 0.381705,
	1.07436 0.385769,
	1.07029 0.389833,
	1.06623 0.389833,
	"/>
<Contour name="d13rn15a13" hidden="true" closed="true" simplified="false" border="1 0 1" fill="1 0 1" mode="-11"
 points="1.052 0.397962,
	1.052 0.393898,
	1.05607 0.389833,
	1.06013 0.389833,
	1.0642 0.393898,
	1.0642 0.397962,
	1.06013 0.402026,
	1.05607 0.402026,
	"/>
<Contour name="d13rn15a14" hidden="true" closed="true" simplified="false" border="1 0 1" fill="1 0 1" mode="-11"
 points="1.04083 0.388817,
	1.04083 0.384753,
	1.04489 0.380689,
	1.04895 0.380689,
	1.05302 0.384753,
	1.05302 0.388817,
	1.04895 0.392882,
	1.04489 0.392882,
	"/>
</Transform>

<Transform dim="6"
 xcoef=" 0.110007277217632 0.9978609252526 -0.00559610403119931 0 0 0"
 ycoef=" 0.189671756840436 0.000870722519327043 0.965368045057907 0 0 0">
<Contour name="d13rn15a15" hidden="true" closed="true" simplified="false" border="1 0 1" fill="1 0 1" mode="-11"
 points="1.67121 0.860979,
	1.67121 0.855597,
	1.67659 0.850216,
	1.68197 0.850216,
	1.68735 0.855597,
	1.68735 0.860979,
	1.68197 0.86636,
	1.67659 0.86636,
	"/>
<Contour name="d13rn15a16" hidden="true" closed="true" simplified="false" border="1 0 1" fill="1 0 1" mode="-11"
 points="1.64699 0.847525,
	1.64699 0.842144,
	1.65238 0.836763,
	1.65776 0.836763,
	1.66314 0.842144,
	1.66314 0.847525,
	1.65776 0.852907,
	1.65238 0.852907,
	"/>
<Contour name="d13rn15a17" hidden="true" closed="true" simplified="false" border="1 0 1" fill="1 0 1" mode="-11"
 points="1.66717 0.831381,
	1.66717 0.826,
	1.67256 0.820618,
	1.67794 0.820618,
	1.68332 0.826,
	1.68332 0.831381,
	1.67794 0.836763,
	1.67256 0.836763,
	"/>
<Contour name="d13rn15a18" hidden="true" closed="true" simplified="false" border="1 0 1" fill="1 0 1" mode="-11"
 points="1.64565 0.815237,
	1.64565 0.809856,
	1.65103 0.804474,
	1.65641 0.804474,
	1.66179 0.809856,
	1.66179 0.815237,
	1.65641 0.820618,
	1.65103 0.820618,
	"/>
<Contour name="d13rn15a19" hidden="true" closed="true" simplified="false" border="1 0 1" fill="1 0 1" mode="-11"
 points="1.62547 0.934973,
	1.62547 0.929592,
	1.63085 0.92421,
	1.63623 0.92421,
	1.64161 0.929592,
	1.64161 0.934973,
	1.63623 0.940354,
	1.63085 0.940354,
	"/>
<Contour name="d13rn15a20" hidden="true" closed="true" simplified="false" border="1 0 1" fill="1 0 1" mode="-11"
 points="1.58242 0.932282,
	1.58242 0.926901,
	1.5878 0.92152,
	1.59318 0.92152,
	1.59856 0.926901,
	1.59856 0.932282,
	1.59318 0.937664,
	1.5878 0.937664,
	"/>
<Contour name="d13rn15a21" hidden="true" closed="true" simplified="false" border="1 0 1" fill="1 0 1" mode="-11"
 points="1.573 0.949772,
	1.573 0.94439,
	1.57838 0.939009,
	1.58376 0.939009,
	1.58914 0.94439,
	1.58914 0.949772,
	1.58376 0.955153,
	1.57838 0.955153,
	"/>
<Contour name="d13rn15a22" hidden="true" closed="true" simplified="false" border="1 0 1" fill="1 0 1" mode="-11"
 points="1.61202 0.994168,
	1.61202 0.988787,
	1.6174 0.983406,
	1.62278 0.983406,
	1.62816 0.988787,
	1.62816 0.994168,
	1.62278 0.99955,
	1.6174 0.99955,
	"/>
</Transform>

<Transform dim="6"
 xcoef=" 0.110007277217632 0.9978609252526 -0.00559610403119931 0 0 0"
 ycoef=" 0.189671756840436 0.000870722519327043 0.965368045057907 0 0 0">
<Contour name="d04c19" hidden="true" closed="true" simplified="true" border="0 1 0" fill="1 0 1" mode="11"
 points="2.58944 2.79964,
	2.64742 2.76521,
	2.66192 2.75977,
	2.77789 2.7797,
	2.78152 2.78152,
	2.7797 2.81051,
	2.7797 2.81776,
	2.7797 2.82138,
	2.76521 2.83225,
	2.75796 2.83769,
	2.72897 2.89568,
	2.72172 2.91017,
	2.71628 2.91742,
	2.68729 2.92286,
	2.67279 2.92467,
	2.66554 2.92648,
	2.60756 2.89205,
	2.60393 2.88843,
	2.59487 2.83044,
	2.58944 2.80145,
	"/>
</Transform>

<Transform dim="6"
 xcoef=" 0.110007277217632 0.9978609252526 -0.00559610403119931 0 0 0"
 ycoef=" 0.189671756840436 0.000870722519327043 0.965368045057907 0 0 0">
<Contour name="d04cfa19" hidden="true" closed="false" simplified="false" border="0 1 0" fill="0 1 0" mode="11"
 points="2.72086 2.88349,
	2.72502 2.8731,
	2.74787 2.83675,
	2.76241 2.79104,
	2.671 2.77026,
	2.62529 2.77857,
	2.61075 2.81182,
	2.61075 2.8596,
	2.63049 2.89596,
	2.65853 2.91362,
	2.7084 2.90842,
	2.71775 2.88765,
	"/>
</Transform>

<Transform dim="6"
 xcoef=" 0.110007277217632 0.9978609252526 -0.00559610403119931 0 0 0"
 ycoef=" 0.189671756840436 0.000870722519327043 0.965368045057907 0 0 0">
<Contour name="d01" hidden="false" closed="true" simplified="true" border="1 1 0" fill="1 0.5 0" mode="9"
 points="3.96017 3.50871,
	3.96559 3.47982,
	3.97462 3.45093,
	3.98726 3.42203,
	3.98726 3.41842,
	3.99087 3.41481,
	3.99448 3.40036,
	3.9999 3.39314,
	3.9999 3.38953,
	4.01073 3.37508,
	4.02157 3.36425,
	4.02518 3.35702,
	4.03962 3.34258,
	4.05046 3.33355,
	4.06491 3.3191,
	4.07574 3.30827,
	4.10463 3.29201,
	4.11186 3.29021,
	4.11547 3.29021,
	4.11728 3.2866,
	4.17506 3.26854,
	4.20395 3.2577,
	4.2184 3.2577,
	4.24729 3.27034,
	4.30508 3.29021,
	4.36106 3.32271,
	4.36828 3.32994,
	4.37551 3.33355,
	4.37912 3.33716,
	4.38273 3.33716,
	4.40982 3.36425,
	4.41885 3.37689,
	4.43149 3.38592,
	4.43871 3.39133,
	4.44593 3.39314,
	4.44955 3.39675,
	4.47844 3.40036,
	4.53261 3.42745,
	4.5597 3.44551,
	4.58859 3.46898,
	4.60304 3.47801,
	4.61026 3.48163,
	4.62652 3.50871,
	4.63555 3.51955,
	4.64277 3.52677,
	4.65722 3.53399,
	4.66083 3.53399,
	4.66444 3.53761,
	4.67889 3.54122,
	4.6825 3.54122,
	4.70778 3.56831,
	4.715 3.57192,
	4.72945 3.57372,
	4.7439 3.57914,
	4.76195 3.60623,
	4.77279 3.61706,
	4.78724 3.6279,
	4.79446 3.63512,
	4.80168 3.63873,
	4.80529 3.64234,
	4.83419 3.64415,
	4.84863 3.65318,
	4.85586 3.6604,
	4.8703 3.66221,
	4.88475 3.6586,
	4.8992 3.6604,
	4.91364 3.66763,
	4.92087 3.67304,
	4.92809 3.67485,
	4.9317 3.67846,
	4.96059 3.68749,
	4.98949 3.70013,
	5.00213 3.71277,
	5.00213 3.72722,
	5.00213 3.73444,
	4.9949 3.74889,
	4.98046 3.75972,
	4.95157 3.77236,
	4.93712 3.77597,
	4.92267 3.77597,
	4.91545 3.77597,
	4.89017 3.75972,
	4.87572 3.7525,
	4.84683 3.74889,
	4.78904 3.73083,
	4.76015 3.7218,
	4.75654 3.71819,
	4.74209 3.71999,
	4.72764 3.72541,
	4.7132 3.73444,
	4.6843 3.74347,
	4.62652 3.74528,
	4.59762 3.75611,
	4.58318 3.75792,
	4.57595 3.75792,
	4.56151 3.76333,
	4.53261 3.78139,
	4.529 3.78139,
	4.52178 3.78681,
	4.51456 3.78862,
	4.51094 3.78862,
	4.50733 3.79223,
	4.49289 3.79764,
	4.46399 3.8157,
	4.45135 3.82293,
	4.44413 3.82473,
	4.44052 3.82834,
	4.43329 3.83015,
	4.37731 3.87168,
	4.36287 3.88071,
	4.34842 3.88613,
	4.29063 3.88252,
	4.27619 3.88613,
	4.26174 3.89335,
	4.24729 3.89516,
	4.2184 3.89335,
	4.20395 3.89335,
	4.19131 3.88071,
	4.18409 3.86627,
	4.18228 3.85904,
	4.17145 3.8464,
	4.16423 3.8446,
	4.16423 3.84098,
	4.15881 3.83376,
	4.15881 3.83015,
	4.14617 3.81751,
	4.14075 3.80306,
	4.14075 3.79584,
	4.14075 3.79223,
	4.14436 3.78862,
	4.13895 3.77417,
	4.11908 3.74528,
	4.10825 3.73444,
	4.0938 3.72541,
	4.08658 3.71999,
	4.08296 3.71638,
	4.08296 3.71277,
	4.07394 3.69832,
	4.06129 3.68568,
	4.05227 3.67124,
	4.02337 3.64957,
	3.98364 3.59359,
	3.97462 3.57914,
	3.9692 3.56469,
	3.96559 3.56108,
	3.96017 3.53219,
	3.96017 3.51774,
	3.96017 3.51052,
	"/>
<Contour name="d01" hidden="false" closed="true" simplified="true" border="1 1 0" fill="1 0.5 0" mode="9"
 points="4.05768 2.90918,
	4.06491 2.88029,
	4.07394 2.86584,
	4.07935 2.85862,
	4.08116 2.84417,
	4.08658 2.82972,
	4.08838 2.81528,
	4.09199 2.80805,
	4.08838 2.77916,
	4.09019 2.76471,
	4.09019 2.7611,
	4.0938 2.75749,
	4.10463 2.7286,
	4.1245 2.70151,
	4.13895 2.69068,
	4.14436 2.68526,
	4.14797 2.68526,
	4.15159 2.68165,
	4.1552 2.68165,
	4.21118 2.64553,
	4.22562 2.63831,
	4.24007 2.63469,
	4.26896 2.63469,
	4.28341 2.63831,
	4.29786 2.64734,
	4.29786 2.65095,
	4.30689 2.66539,
	4.3123 2.67803,
	4.3123 2.68526,
	4.31953 2.6997,
	4.33217 2.71054,
	4.33939 2.71415,
	4.35384 2.71415,
	4.36106 2.71235,
	4.36828 2.70693,
	4.37551 2.70693,
	4.38273 2.71054,
	4.38995 2.72499,
	4.39718 2.75388,
	4.39898 2.76833,
	4.39718 2.79722,
	4.39176 2.82611,
	4.38995 2.84056,
	4.38634 2.84417,
	4.38273 2.87306,
	4.37731 2.88029,
	4.3737 2.89473,
	4.36828 2.90196,
	4.36648 2.90918,
	4.36287 2.91279,
	4.36106 2.92001,
	4.33036 2.976,
	4.3123 3.00489,
	4.30689 3.01211,
	4.30689 3.01572,
	4.29966 3.02295,
	4.29244 3.03739,
	4.28702 3.04462,
	4.28522 3.05184,
	4.26535 3.08073,
	4.24007 3.10601,
	4.22743 3.11685,
	4.21298 3.11866,
	4.19854 3.11504,
	4.19131 3.11324,
	4.17687 3.10421,
	4.14978 3.09157,
	4.13533 3.08615,
	4.12811 3.07893,
	4.1245 3.0717,
	4.12089 3.06809,
	4.11728 3.0392,
	4.10825 3.01031,
	4.10644 3.00669,
	4.11005 2.99947,
	4.10283 2.98502,
	4.07394 2.95974,
	4.07394 2.95613,
	4.06491 2.94168,
	4.05949 2.92724,
	4.05768 2.91279,
	4.05768 2.91099,
	"/>
</Transform>

<Transform dim="6"
 xcoef=" 0.110007277217632 0.9978609252526 -0.00559610403119931 0 0 0"
 ycoef=" 0.189671756840436 0.000870722519327043 0.965368045057907 0 0 0">
<Contour name="d01" hidden="false" closed="true" simplified="true" border="1 1 0" fill="1 0.5 0" mode="9"
 points="2.87306 4.25994,
	2.87668 4.25271,
	2.87668 4.2491,
	2.88209 4.24188,
	2.8839 4.23465,
	2.88751 4.23104,
	2.89835 4.20215,
	2.90557 4.1877,
	2.9164 4.17506,
	2.93085 4.16242,
	2.93807 4.15881,
	2.95252 4.15881,
	2.96697 4.16423,
	2.99586 4.18409,
	3.01031 4.18951,
	3.06809 4.18048,
	3.12588 4.17867,
	3.18366 4.18048,
	3.19811 4.18048,
	3.21256 4.1859,
	3.21978 4.18951,
	3.22339 4.19312,
	3.227 4.19312,
	3.2559 4.21118,
	3.26854 4.22021,
	3.29743 4.24729,
	3.32452 4.26535,
	3.35341 4.27438,
	3.38231 4.27619,
	3.4112 4.2816,
	3.41842 4.28341,
	3.42203 4.28702,
	3.42926 4.28883,
	3.4437 4.30147,
	3.44912 4.33036,
	3.44551 4.34481,
	3.43829 4.35926,
	3.43648 4.36648,
	3.43106 4.3737,
	3.42565 4.38815,
	3.41481 4.40079,
	3.38592 4.41704,
	3.37869 4.42065,
	3.37508 4.42426,
	3.36064 4.42788,
	3.35702 4.43149,
	3.29924 4.45677,
	3.24145 4.47663,
	3.23784 4.47663,
	3.23423 4.48025,
	3.20533 4.48927,
	3.20172 4.49289,
	3.17283 4.50192,
	3.15838 4.50192,
	3.12949 4.49469,
	3.11504 4.48927,
	3.08615 4.48566,
	3.05726 4.47844,
	2.99947 4.47663,
	2.99225 4.47483,
	2.98864 4.47122,
	2.95974 4.46219,
	2.93085 4.44413,
	2.91821 4.42968,
	2.9146 4.42246,
	2.91279 4.40801,
	2.91099 4.40079,
	2.89473 4.3719,
	2.8857 4.35745,
	2.88209 4.343,
	2.87848 4.33578,
	2.87306 4.27799,
	2.87306 4.26355,
	2.87306 4.26174,
	"/>
</Transform>

<Transform dim="6"
 xcoef=" 0.110007277217632 0.9978609252526 -0.00559610403119931 0 0 0"
 ycoef=" 0.189671756840436 0.000870722519327043 0.965368045057907 0 0 0">
<Contour name="d02" hidden="true" closed="true" simplified="true" border="0.5 0 1" fill="0.5 0 1" mode="11"
 points="6.56512 4.19839,
	6.56943 4.18976,
	6.57806 4.18329,
	6.61258 4.17682,
	6.62984 4.17682,
	6.6471 4.18761,
	6.65573 4.19408,
	6.69025 4.20055,
	6.75929 4.22428,
	6.76792 4.2286,
	6.7787 4.24586,
	6.7787 4.25449,
	6.77223 4.27175,
	6.75929 4.28901,
	6.74203 4.30411,
	6.70751 4.3149,
	6.69888 4.31921,
	6.66436 4.31705,
	6.632 4.29548,
	6.62768 4.29116,
	6.62552 4.2739,
	6.62337 4.26528,
	6.60611 4.25017,
	6.60179 4.24586,
	6.60179 4.23723,
	6.59316 4.21997,
	6.5759 4.2135,
	6.56727 4.21134,
	6.56512 4.20271,
	6.56512 4.20055,
	"/>
<Contour name="d02" hidden="true" closed="true" simplified="true" border="0.5 0 1" fill="0.5 0 1" mode="11"
 points="7.56617 4.18329,
	7.5748 4.16603,
	7.5899 4.15093,
	7.62442 4.13151,
	7.64168 4.12504,
	7.71072 4.12936,
	7.72798 4.12504,
	7.73229 4.12073,
	7.74955 4.12288,
	7.76681 4.13799,
	7.80133 4.14014,
	7.87037 4.13583,
	7.90489 4.13367,
	7.97393 4.14014,
	8.00845 4.14877,
	8.04297 4.15093,
	8.06023 4.14662,
	8.07749 4.14662,
	8.08612 4.14662,
	8.10338 4.15309,
	8.12064 4.16603,
	8.12711 4.18113,
	8.12711 4.19839,
	8.12495 4.20702,
	8.11848 4.2135,
	8.08396 4.20918,
	8.04944 4.21134,
	8.04512 4.21134,
	8.03649 4.21781,
	8.02786 4.21997,
	8.01924 4.22644,
	7.98472 4.23291,
	7.9502 4.25233,
	7.91568 4.27822,
	7.89842 4.29332,
	7.87253 4.32568,
	7.85311 4.35805,
	7.84017 4.37531,
	7.83369 4.39256,
	7.83369 4.40982,
	7.85743 4.47886,
	7.85958 4.51338,
	7.85527 4.5479,
	7.85311 4.56516,
	7.84664 4.57379,
	7.84664 4.57811,
	7.82506 4.61262,
	7.82506 4.61694,
	7.82075 4.6191,
	7.81428 4.63636,
	7.80996 4.64499,
	7.7927 4.65577,
	7.78839 4.66009,
	7.77113 4.66656,
	7.75387 4.66656,
	7.73661 4.65793,
	7.72582 4.64067,
	7.71288 4.60615,
	7.69346 4.57163,
	7.68699 4.53711,
	7.68915 4.50259,
	7.69346 4.49396,
	7.69346 4.48533,
	7.70209 4.46808,
	7.69993 4.45945,
	7.69993 4.45513,
	7.67404 4.42061,
	7.65678 4.38609,
	7.65247 4.38178,
	7.64815 4.36452,
	7.64815 4.3602,
	7.64384 4.35589,
	7.63952 4.32137,
	7.63952 4.31274,
	7.62226 4.28038,
	7.60716 4.26312,
	7.57696 4.23723,
	7.56833 4.22213,
	7.56617 4.18761,
	7.56617 4.18545,
	"/>
</Transform>

<Transform dim="6"
 xcoef=" 0.110007277217632 0.9978609252526 -0.00559610403119931 0 0 0"
 ycoef=" 0.189671756840436 0.000870722519327043 0.965368045057907 0 0 0">
<Contour name="d02" hidden="true" closed="true" simplified="true" border="0.5 0 1" fill="0.5 0 1" mode="11"
 points="5.87587 2.13968,
	5.88349 2.09907,
	5.90379 2.0813,
	5.9241 2.07369,
	5.96471 2.07115,
	6.00278 2.04831,
	6.04339 2.03562,
	6.084 2.03308,
	6.09416 2.03562,
	6.09923 2.03815,
	6.10177 2.04577,
	6.11446 2.06607,
	6.11192 2.08638,
	6.10177 2.09653,
	6.09162 2.10161,
	6.07893 2.12191,
	6.08147 2.16252,
	6.08654 2.18283,
	6.09162 2.19298,
	6.08908 2.21329,
	6.06116 2.25136,
	6.04086 2.25898,
	6.02055 2.26151,
	6.00024 2.25898,
	5.99517 2.2539,
	5.97486 2.24882,
	5.96471 2.24375,
	5.9241 2.24628,
	5.90379 2.24375,
	5.89364 2.23867,
	5.88603 2.21836,
	5.87841 2.17775,
	5.87587 2.15745,
	5.87587 2.1473,
	5.87587 2.14222,
	"/>
<Contour name="d02" hidden="true" closed="true" simplified="true" border="0.5 0 1" fill="0.5 0 1" mode="11"
 points="4.27936 2.00262,
	4.28444 1.99247,
	4.28698 1.97216,
	4.29459 1.95186,
	4.30982 1.93409,
	4.31997 1.92901,
	4.34028 1.91125,
	4.34789 1.89094,
	4.35043 1.87063,
	4.35297 1.86048,
	4.38597 1.82495,
	4.39358 1.80464,
	4.40627 1.78434,
	4.42658 1.76657,
	4.44181 1.75388,
	4.46211 1.74119,
	4.48242 1.73357,
	4.50272 1.73103,
	4.51287 1.73357,
	4.53318 1.72088,
	4.57379 1.70819,
	4.58394 1.70312,
	4.62455 1.71073,
	4.66516 1.7285,
	4.68039 1.74373,
	4.69308 1.76403,
	4.69308 1.76911,
	4.7007 1.77926,
	4.71847 1.79195,
	4.71593 1.81226,
	4.70831 1.82241,
	4.70578 1.83256,
	4.72862 1.87063,
	4.73877 1.89094,
	4.74131 1.93155,
	4.75654 1.97216,
	4.75654 1.99247,
	4.75146 2.01277,
	4.74892 2.02292,
	4.73623 2.04323,
	4.69816 2.07369,
	4.67786 2.0813,
	4.65755 2.0813,
	4.63724 2.07623,
	4.59663 2.07623,
	4.58648 2.0813,
	4.50526 2.09907,
	4.49511 2.09907,
	4.48495 2.09399,
	4.47988 2.08892,
	4.43927 2.09146,
	4.41896 2.08892,
	4.41389 2.08892,
	4.40373 2.0813,
	4.36312 2.07369,
	4.32505 2.04577,
	4.3149 2.03815,
	4.29459 2.03054,
	4.28951 2.03054,
	4.2819 2.02039,
	4.27936 2.01023,
	4.27936 2.00516,
	"/>
</Transform>

<Transform dim="6"
 xcoef=" 0.110007277217632 0.9978609252526 -0.00559610403119931 0 0 0"
 ycoef=" 0.189671756840436 0.000870722519327043 0.965368045057907 0 0 0">
<Contour name="d02" hidden="true" closed="true" simplified="true" border="0.5 0 1" fill="0.5 0 1" mode="11"
 points="5.56146 3.25157,
	5.56596 3.22754,
	5.56446 3.20351,
	5.56296 3.19149,
	5.56596 3.16746,
	5.57948 3.1194,
	5.59149 3.09537,
	5.60952 3.07134,
	5.62453 3.04731,
	5.62604 3.0413,
	5.62453 3.0353,
	5.61252 3.02478,
	5.60952 3.01277,
	5.61252 2.98874,
	5.61853 2.96471,
	5.62303 2.95269,
	5.63655 2.92866,
	5.64256 2.91665,
	5.64556 2.91064,
	5.64706 2.89863,
	5.65307 2.88661,
	5.65457 2.8806,
	5.65157 2.85657,
	5.66208 2.84456,
	5.66358 2.83254,
	5.65908 2.82654,
	5.65607 2.82353,
	5.65457 2.81752,
	5.66058 2.79349,
	5.66659 2.78148,
	5.66358 2.73342,
	5.66358 2.7214,
	5.66659 2.70939,
	5.66659 2.70338,
	5.67109 2.69737,
	5.66659 2.64931,
	5.66208 2.62528,
	5.65908 2.57722,
	5.64706 2.55319,
	5.64256 2.54118,
	5.63805 2.53517,
	5.63355 2.51114,
	5.63505 2.46308,
	5.63955 2.43905,
	5.64856 2.41502,
	5.65157 2.40301,
	5.63805 2.37898,
	5.60351 2.33092,
	5.57798 2.28286,
	5.56746 2.25883,
	5.56596 2.23479,
	5.56446 2.22278,
	5.57948 2.19875,
	5.58549 2.18673,
	5.60952 2.16421,
	5.63355 2.14468,
	5.63955 2.14018,
	5.65157 2.13867,
	5.65758 2.14018,
	5.66058 2.14018,
	5.66809 2.15219,
	5.67259 2.17622,
	5.6741 2.18824,
	5.68461 2.21227,
	5.69963 2.2363,
	5.74018 2.28436,
	5.7552 2.30839,
	5.7582 2.31439,
	5.7567 2.33842,
	5.74619 2.36245,
	5.74468 2.38648,
	5.74619 2.41051,
	5.75069 2.43454,
	5.7537 2.44656,
	5.7537 2.47059,
	5.7537 2.4826,
	5.7582 2.49462,
	5.77322 2.51865,
	5.77622 2.52466,
	5.78674 2.53667,
	5.79124 2.54869,
	5.79425 2.5547,
	5.79425 2.57873,
	5.79274 2.59074,
	5.78824 2.60276,
	5.78674 2.60876,
	5.79124 2.65682,
	5.78824 2.68085,
	5.78824 2.70488,
	5.78824 2.71089,
	5.78674 2.71239,
	5.81077 2.7199,
	5.82278 2.72291,
	5.9189 2.78448,
	5.94293 2.80401,
	5.95495 2.81152,
	5.97898 2.81903,
	6.00301 2.82954,
	6.05107 2.85657,
	6.0751 2.87009,
	6.08711 2.8791,
	6.09312 2.8821,
	6.11715 2.8806,
	6.12917 2.8791,
	6.1532 2.8821,
	6.17723 2.89262,
	6.18924 2.89863,
	6.2373 2.90163,
	6.26133 2.90613,
	6.27335 2.91064,
	6.32141 2.94068,
	6.34544 2.9557,
	6.36947 2.97372,
	6.37397 2.97973,
	6.38599 2.98573,
	6.43405 2.99625,
	6.44005 2.99775,
	6.46408 3.01427,
	6.4761 3.02478,
	6.48511 3.0368,
	6.49112 3.04281,
	6.49112 3.04881,
	6.50013 3.06083,
	6.51665 3.10889,
	6.52116 3.1209,
	6.54519 3.14493,
	6.5572 3.15695,
	6.56321 3.16296,
	6.56922 3.17497,
	6.57222 3.18098,
	6.57222 3.20501,
	6.56771 3.22904,
	6.5602 3.25307,
	6.5602 3.2771,
	6.5602 3.28311,
	6.5572 3.28911,
	6.56621 3.31314,
	6.56771 3.31915,
	6.57522 3.33117,
	6.57673 3.3552,
	6.58123 3.37923,
	6.58574 3.39124,
	6.59024 3.39725,
	6.60226 3.44531,
	6.60526 3.45732,
	6.61127 3.46934,
	6.62178 3.5174,
	6.6368 3.56546,
	6.64131 3.58949,
	6.6368 3.61352,
	6.62479 3.63755,
	6.59024 3.68561,
	6.57823 3.69762,
	6.57222 3.70363,
	6.56471 3.72766,
	6.56621 3.75169,
	6.56922 3.76371,
	6.57072 3.76971,
	6.56771 3.78173,
	6.56771 3.78774,
	6.5572 3.81177,
	6.55119 3.82378,
	6.54819 3.8358,
	6.54819 3.8418,
	6.52566 3.86433,
	6.50163 3.87184,
	6.48962 3.87785,
	6.4776 3.87935,
	6.47159 3.88085,
	6.44756 3.89587,
	6.43555 3.90338,
	6.42353 3.90488,
	6.41152 3.90338,
	6.40551 3.90038,
	6.38148 3.90338,
	6.33342 3.92441,
	6.30939 3.93943,
	6.29738 3.94994,
	6.27335 3.95895,
	6.24932 3.95895,
	6.24331 3.95595,
	6.2373 3.95595,
	6.22529 3.94844,
	6.21327 3.94393,
	6.20726 3.94093,
	6.20126 3.94093,
	6.19525 3.94543,
	6.17122 3.94844,
	6.1592 3.95144,
	6.13517 3.95144,
	6.12316 3.95144,
	6.12015 3.95144,
	6.11415 3.94543,
	6.10213 3.94093,
	6.09612 3.93793,
	6.07209 3.93492,
	6.06909 3.93492,
	6.04506 3.91239,
	6.03905 3.90789,
	6.01502 3.90789,
	6.00902 3.90789,
	5.98499 3.9214,
	5.97297 3.92591,
	5.94894 3.92741,
	5.92491 3.91089,
	5.9144 3.90038,
	5.90989 3.88836,
	5.90989 3.88236,
	5.90689 3.87635,
	5.86033 3.86283,
	5.84831 3.85833,
	5.82579 3.8358,
	5.80626 3.81177,
	5.79274 3.78774,
	5.76871 3.77422,
	5.74468 3.76371,
	5.72065 3.74719,
	5.70864 3.73667,
	5.70263 3.73217,
	5.69813 3.72015,
	5.69362 3.71415,
	5.69512 3.70213,
	5.69662 3.70063,
	5.69362 3.69462,
	5.68161 3.68561,
	5.6771 3.6811,
	5.66509 3.6781,
	5.64106 3.66158,
	5.63505 3.65557,
	5.63054 3.63154,
	5.62754 3.62553,
	5.61703 3.61352,
	5.60501 3.58949,
	5.6005 3.56546,
	5.60351 3.54143,
	5.60501 3.52941,
	5.60952 3.5174,
	5.61102 3.50538,
	5.60801 3.49337,
	5.60651 3.48736,
	5.59149 3.46333,
	5.58098 3.4393,
	5.57647 3.42729,
	5.57497 3.40326,
	5.58549 3.37923,
	5.57497 3.3552,
	5.57347 3.33117,
	5.57197 3.31915,
	5.57948 3.29512,
	5.57798 3.28311,
	5.57798 3.2771,
	5.57047 3.26508,
	5.56446 3.25908,
	5.56146 3.25607,
	5.56146 3.25307,
	"/>
</Transform>

<Transform dim="6"
 xcoef=" 0.110007277217632 0.9978609252526 -0.00559610403119931 0 0 0"
 ycoef=" 0.189671756840436 0.000870722519327043 0.965368045057907 0 0 0">
<Contour name="d13" hidden="true" closed="true" simplified="true" border="1 1 0" fill="1 1 0" mode="11"
 points="-0.562286 -0.122096,
	-0.555859 -0.134949,
	-0.543007 -0.147801,
	-0.517303 -0.160653,
	-0.491598 -0.160653,
	-0.478746 -0.15744,
	-0.475533 -0.151014,
	-0.424124 -0.154227,
	-0.395206 -0.102818,
	-0.38878 -0.0963918,
	-0.38878 -0.0899657,
	-0.366289 -0.0706873,
	-0.35665 -0.0642612,
	-0.343797 -0.051409,
	-0.330945 -0.0449828,
	-0.260258 0.0449828,
	-0.250619 0.0706873,
	-0.247406 0.122096,
	-0.269897 0.173505,
	-0.276323 0.186357,
	-0.276323 0.192784,
	-0.282749 0.19921,
	-0.295602 0.250619,
	-0.302028 0.263471,
	-0.31488 0.266684,
	-0.340584 0.250619,
	-0.359863 0.228127,
	-0.38878 0.176718,
	-0.414485 0.151014,
	-0.449828 0.109244,
	-0.462681 0.0996049,
	-0.478746 0.0739004,
	-0.481959 0.0610481,
	-0.491598 0.0481959,
	-0.507663 -0.00321306,
	-0.510877 -0.0289175,
	-0.51409 -0.0417698,
	-0.555859 -0.0899657,
	-0.562286 -0.102818,
	-0.562286 -0.11567,
	-0.562286 -0.118883,
	"/>
</Transform>

<Transform dim="6"
 xcoef=" 0.110007277217632 0.9978609252526 -0.00559610403119931 0 0 0"
 ycoef=" 0.189671756840436 0.000870722519327043 0.965368045057907 0 0 0">
<Contour name="d13" hidden="true" closed="true" simplified="true" border="1 1 0" fill="1 1 0" mode="11"
 points="0.665103 -0.446615,
	0.67153 -0.47232,
	0.674743 -0.485172,
	0.697234 -0.510877,
	0.722938 -0.520516,
	0.748643 -0.517303,
	0.761495 -0.507663,
	0.7872 -0.501237,
	0.838609 -0.510877,
	0.890018 -0.526942,
	0.915722 -0.523729,
	0.941427 -0.507663,
	0.941427 -0.481959,
	0.935 -0.456255,
	0.906083 -0.404846,
	0.890018 -0.379141,
	0.873952 -0.327732,
	0.864313 -0.302028,
	0.857887 -0.295602,
	0.841822 -0.244193,
	0.838609 -0.23134,
	0.832183 -0.224914,
	0.828969 -0.212062,
	0.806478 -0.195997,
	0.755069 -0.19921,
	0.742217 -0.205636,
	0.729365 -0.218488,
	0.706873 -0.269897,
	0.70366 -0.282749,
	0.694021 -0.295602,
	0.690808 -0.308454,
	0.674743 -0.334158,
	0.67153 -0.359863,
	0.681169 -0.385567,
	0.681169 -0.398419,
	0.668316 -0.424124,
	0.665103 -0.436976,
	0.665103 -0.443402,
	"/>
</Transform>

<Transform dim="6"
 xcoef=" 0.110007277217632 0.9978609252526 -0.00559610403119931 0 0 0"
 ycoef=" 0.189671756840436 0.000870722519327043 0.965368045057907 0 0 0">
<Contour name="d13brc02" hidden="true" closed="true" simplified="true" border="0 1 0" fill="0 1 0" mode="-9"
 points="-0.402222 -0.106081,
	-0.398907 -0.109396,
	-0.394487 -0.109396,
	-0.385647 -0.104976,
	-0.376807 -0.102766,
	-0.361337 -0.0906105,
	-0.344762 -0.0740354,
	-0.339237 -0.0651954,
	-0.321557 -0.0497253,
	-0.306087 -0.0353602,
	-0.293932 -0.0198901,
	-0.288407 -0.0110501,
	-0.285092 -0.00221001,
	-0.285092 0.00663004,
	-0.291722 0.0154701,
	-0.296142 0.0176801,
	-0.304982 0.0154701,
	-0.320452 0.00331502,
	-0.332607 -0.0132601,
	-0.340342 -0.0198901,
	-0.342552 -0.0232051,
	-0.359127 -0.0386752,
	-0.374597 -0.0563553,
	-0.381227 -0.0651954,
	-0.383437 -0.0696154,
	-0.383437 -0.0718254,
	-0.391172 -0.0784554,
	-0.395592 -0.0828755,
	-0.396697 -0.0872955,
	-0.400012 -0.0917155,
	-0.402222 -0.100556,
	-0.402222 -0.104976,
	"/>
<Contour name="d13brcfa02" hidden="true" closed="false" simplified="false" border="0 1 1" fill="0 1 1" mode="-9"
 points="-0.292191 0.0135432,
	-0.304346 -0.00303188,
	-0.344127 -0.0450221,
	-0.383907 -0.0814873,
	-0.400482 -0.108007,
	"/>
</Transform>

<Transform dim="6"
 xcoef=" 0.110007277217632 0.9978609252526 -0.00559610403119931 0 0 0"
 ycoef=" 0.189671756840436 0.000870722519327043 0.965368045057907 0 0 0">
<Contour name="d13SER" hidden="true" closed="true" simplified="true" border="0 1 0" fill="0 1 0" mode="-9"
 points="2.49083 2.55994,
	2.49712 2.53481,
	2.51596 2.50968,
	2.52853 2.50026,
	2.53481 2.50026,
	2.54109 2.51282,
	2.54423 2.5191,
	2.52539 2.56622,
	2.51282 2.5725,
	2.50026 2.5725,
	2.49398 2.5725,
	2.49083 2.56308,
	"/>
<Contour name="d13SER" hidden="true" closed="true" simplified="true" border="0 1 0" fill="0 1 0" mode="-9"
 points="2.86148 2.61019,
	2.88032 2.59135,
	2.90545 2.57878,
	2.91173 2.57564,
	2.92116 2.58821,
	2.92744 2.59135,
	2.92744 2.60391,
	2.92116 2.61648,
	2.90859 2.6259,
	2.88346 2.62904,
	2.8709 2.6259,
	2.86148 2.61648,
	2.86148 2.61333,
	"/>
<Contour name="d13SER" hidden="true" closed="true" simplified="true" border="0 1 0" fill="0 1 0" mode="-9"
 points="2.59135 2.41231,
	2.59763 2.40603,
	2.61019 2.40603,
	2.63532 2.3966,
	2.68558 2.40603,
	2.69814 2.41231,
	2.70442 2.42173,
	2.70442 2.4343,
	2.69814 2.44686,
	2.68558 2.45628,
	2.63532 2.44686,
	2.62276 2.44686,
	2.59763 2.43116,
	2.59135 2.42487,
	2.59135 2.41545,
	"/>
</Transform>

<Transform dim="6"
 xcoef=" 0.110007277217632 0.9978609252526 -0.00559610403119931 0 0 0"
 ycoef=" 0.189671756840436 0.000870722519327043 0.965368045057907 0 0 0">
<Contour name="d13SER" hidden="true" closed="true" simplified="true" border="0 1 0" fill="0 1 0" mode="-9"
 points="3.59962 2.33378,
	3.6059 2.32122,
	3.63103 2.31808,
	3.63731 2.33064,
	3.63731 2.34321,
	3.62789 2.35577,
	3.61532 2.35577,
	3.60276 2.34635,
	3.59962 2.33692,
	"/>
<Contour name="d13SER" hidden="true" closed="true" simplified="true" border="0 1 0" fill="0 1 0" mode="-9"
 points="3.53994 1.96942,
	3.5525 1.95686,
	3.55878 1.95058,
	3.57135 1.94744,
	3.57763 1.9443,
	3.59019 1.95686,
	3.58705 1.98199,
	3.56192 1.99141,
	3.54936 1.99141,
	3.53994 1.98199,
	3.53994 1.97257,
	"/>
<Contour name="d13SER" hidden="true" closed="true" simplified="true" border="0 1 0" fill="0 1 0" mode="-9"
 points="3.38603 1.95058,
	3.41116 1.93487,
	3.43628 1.93487,
	3.45513 1.95686,
	3.46141 1.96314,
	3.45827 1.97571,
	3.43314 1.98513,
	3.40801 1.98199,
	3.39545 1.97571,
	3.38603 1.96314,
	3.38603 1.95372,
	"/>
</Transform>

<Transform dim="6"
 xcoef=" 0.110007277217632 0.9978609252526 -0.00559610403119931 0 0 0"
 ycoef=" 0.189671756840436 0.000870722519327043 0.965368045057907 0 0 0">
<Contour name="d13SER" hidden="true" closed="true" simplified="true" border="0 1 0" fill="0 1 0" mode="-9"
 points="3.28551 1.80923,
	3.33263 1.7684,
	3.35776 1.75898,
	3.37032 1.75583,
	3.3766 1.74327,
	3.38603 1.7684,
	3.36404 1.79039,
	3.35776 1.80295,
	3.34519 1.81551,
	3.32007 1.82808,
	3.29494 1.83122,
	3.28551 1.8218,
	3.28551 1.81237,
	"/>
<Contour name="d13SER" hidden="true" closed="true" simplified="true" border="0 1 0" fill="0 1 0" mode="-9"
 points="3.56507 1.56423,
	3.57135 1.55167,
	3.58391 1.54224,
	3.59648 1.5391,
	3.61846 1.54539,
	3.61532 1.55167,
	3.62789 1.55795,
	3.63731 1.57051,
	3.64045 1.59564,
	3.64045 1.60192,
	3.63417 1.60821,
	3.60904 1.60506,
	3.58391 1.59564,
	3.57135 1.58622,
	3.56507 1.57365,
	3.56507 1.56737,
	"/>
<Contour name="d13SER" hidden="true" closed="true" simplified="true" border="0 1 0" fill="0 1 0" mode="-9"
 points="3.51481 1.24385,
	3.53994 1.22814,
	3.5525 1.23442,
	3.55564 1.24699,
	3.5525 1.25955,
	3.53994 1.26583,
	3.52737 1.26583,
	3.51481 1.25641,
	3.51481 1.24699,
	"/>
<Contour name="d13SER" hidden="true" closed="true" simplified="true" border="0 1 0" fill="0 1 0" mode="-9"
 points="3.2384 1.47314,
	3.25096 1.46372,
	3.25725 1.46372,
	3.26353 1.45744,
	3.28866 1.45744,
	3.30122 1.46686,
	3.3075 1.47942,
	3.30436 1.49199,
	3.30436 1.49827,
	3.27923 1.50141,
	3.2541 1.49199,
	3.24154 1.48256,
	3.2384 1.47628,
	"/>
<Contour name="d13SER" hidden="true" closed="true" simplified="true" border="0 1 0" fill="0 1 0" mode="-9"
 points="3.20385 1.0868,
	3.22898 1.07423,
	3.2541 1.07423,
	3.27923 1.08051,
	3.30436 1.09308,
	3.31692 1.09936,
	3.32007 1.1025,
	3.31378 1.10878,
	3.28866 1.11506,
	3.2384 1.11506,
	3.22583 1.11192,
	3.20385 1.09308,
	3.20385 1.08994,
	"/>
<Contour name="d13SER" hidden="true" closed="true" simplified="true" border="0 1 0" fill="0 1 0" mode="-9"
 points="3.16616 1.23128,
	3.19128 1.21244,
	3.21327 1.18731,
	3.22583 1.17789,
	3.2384 1.17474,
	3.24468 1.17474,
	3.24782 1.18103,
	3.24154 1.19359,
	3.24154 1.20615,
	3.21955 1.22814,
	3.19442 1.24385,
	3.1693 1.24071,
	3.16616 1.23442,
	"/>
<Contour name="d13SER" hidden="true" closed="true" simplified="true" border="0 1 0" fill="0 1 0" mode="-9"
 points="2.9934 1.03026,
	2.99968 1.02397,
	3.02481 1.02083,
	3.04994 1.01141,
	3.05308 1.01769,
	3.04051 1.04282,
	3.02795 1.05539,
	3.01539 1.05853,
	3.00282 1.05539,
	2.9934 1.04282,
	2.9934 1.0334,
	"/>
<Contour name="d13SER" hidden="true" closed="true" simplified="true" border="0 1 0" fill="0 1 0" mode="-9"
 points="2.77667 1.17789,
	2.78923 1.16532,
	2.8018 1.16532,
	2.82692 1.17789,
	2.83635 1.18417,
	2.82692 1.19673,
	2.81436 1.20301,
	2.78923 1.19987,
	2.77667 1.19045,
	2.77667 1.18103,
	"/>
<Contour name="d13SER" hidden="true" closed="true" simplified="true" border="0 1 0" fill="0 1 0" mode="-9"
 points="2.60077 1.42289,
	2.6259 1.41974,
	2.65103 1.42289,
	2.66359 1.42603,
	2.66987 1.43859,
	2.66673 1.45115,
	2.66045 1.45744,
	2.63532 1.45744,
	2.61019 1.44801,
	2.60077 1.43545,
	2.60077 1.42603,
	"/>
</Transform>

<Transform dim="6"
 xcoef=" 0.110007277217632 0.9978609252526 -0.00559610403119931 0 0 0"
 ycoef=" 0.189671756840436 0.000870722519327043 0.965368045057907 0 0 0">
<Contour name="d13SER" hidden="true" closed="true" simplified="true" border="0 1 0" fill="0 1 0" mode="-9"
 points="2.98398 2.11077,
	2.99026 2.10449,
	3.01539 2.11391,
	3.02795 2.12333,
	3.03423 2.14846,
	3.02481 2.16103,
	3.01225 2.15789,
	3.00596 2.15789,
	2.99026 2.1359,
	2.98398 2.12333,
	2.98398 2.11391,
	"/>
<Contour name="d13SER" hidden="true" closed="true" simplified="true" border="0 1 0" fill="0 1 0" mode="-9"
 points="2.74526 2.14846,
	2.77039 2.1359,
	2.79551 2.1359,
	2.80808 2.1359,
	2.81436 2.1359,
	2.83949 2.1516,
	2.84891 2.16103,
	2.85205 2.17359,
	2.85833 2.17987,
	2.85833 2.205,
	2.84577 2.21442,
	2.82064 2.21128,
	2.81436 2.205,
	2.8018 2.20186,
	2.75468 2.17045,
	2.74526 2.16103,
	2.74526 2.1516,
	"/>
<Contour name="d13SER" hidden="true" closed="true" simplified="true" border="0 1 0" fill="0 1 0" mode="-9"
 points="2.94314 2.40603,
	2.94942 2.40289,
	2.97455 2.41231,
	2.99654 2.42801,
	2.99654 2.45314,
	2.9934 2.46571,
	2.98083 2.46885,
	2.95885 2.45314,
	2.95257 2.44058,
	2.95257 2.42801,
	2.94628 2.41545,
	2.94314 2.40917,
	"/>
<Contour name="d13SER" hidden="true" closed="true" simplified="true" border="0 1 0" fill="0 1 0" mode="-9"
 points="2.28353 2.19244,
	2.29923 2.16731,
	2.3118 2.15789,
	2.32436 2.16103,
	2.3275 2.18615,
	2.32436 2.19872,
	2.32436 2.205,
	2.3118 2.21442,
	2.28667 2.21757,
	2.28353 2.19558,
	"/>
<Contour name="d13SER" hidden="true" closed="true" simplified="true" border="0 1 0" fill="0 1 0" mode="-9"
 points="2.21757 2.09821,
	2.24269 2.0825,
	2.26782 2.0825,
	2.29295 2.09192,
	2.28981 2.10449,
	2.27724 2.11705,
	2.26468 2.12333,
	2.23955 2.12019,
	2.22699 2.11705,
	2.21757 2.10763,
	2.21757 2.10135,
	"/>
<Contour name="d13SER" hidden="true" closed="true" simplified="true" border="0 1 0" fill="0 1 0" mode="-9"
 points="2.17673 1.7841,
	2.1893 1.78096,
	2.21442 1.79667,
	2.21757 1.80923,
	2.21442 1.8218,
	2.1893 1.81865,
	2.17987 1.80609,
	2.17673 1.79353,
	2.17673 1.78724,
	"/>
</Transform>

<Transform dim="6"
 xcoef=" 0.110007277217632 0.9978609252526 -0.00559610403119931 0 0 0"
 ycoef=" 0.189671756840436 0.000870722519327043 0.965368045057907 0 0 0">
<Contour name="d13SER" hidden="true" closed="true" simplified="true" border="0 1 0" fill="0 1 0" mode="-9"
 points="1.67731 1.22186,
	1.68359 1.19673,
	1.68359 1.19045,
	1.70872 1.1716,
	1.73385 1.17474,
	1.74641 1.18103,
	1.76212 1.20615,
	1.77154 1.21872,
	1.79353 1.23128,
	1.80295 1.24385,
	1.81237 1.26897,
	1.83436 1.28468,
	1.84692 1.29096,
	1.85949 1.29096,
	1.87205 1.29724,
	1.87833 1.29724,
	1.90032 1.31923,
	1.9066 1.3318,
	1.93173 1.34436,
	1.95686 1.35064,
	2.00398 1.39148,
	2.01654 1.39148,
	2.04167 1.37577,
	2.04481 1.36949,
	2.06051 1.39462,
	2.05737 1.40718,
	2.04795 1.41974,
	2.03539 1.42603,
	1.98513 1.4166,
	1.93487 1.4009,
	1.90974 1.38519,
	1.86263 1.34122,
	1.8375 1.32551,
	1.81237 1.31923,
	1.76212 1.31923,
	1.74955 1.31609,
	1.73699 1.30353,
	1.73385 1.29096,
	1.72442 1.2784,
	1.70244 1.26269,
	1.68987 1.25955,
	1.68045 1.24699,
	1.67731 1.225,
	"/>
</Transform>

<Transform dim="6"
 xcoef=" 0.110007277217632 0.9978609252526 -0.00559610403119931 0 0 0"
 ycoef=" 0.189671756840436 0.000870722519327043 0.965368045057907 0 0 0">
<Contour name="d13SER" hidden="true" closed="true" simplified="true" border="0 1 0" fill="0 1 0" mode="-9"
 points="1.98199 0.936026,
	2.00712 0.926603,
	2.05737 0.929744,
	2.06994 0.932885,
	2.07622 0.932885,
	2.0825 0.939167,
	2.13276 0.951731,
	2.15789 0.958013,
	2.16417 0.964295,
	2.21442 0.970577,
	2.23955 0.973718,
	2.28981 0.995706,
	2.29923 1.00513,
	2.32436 1.01141,
	2.34949 1.01141,
	2.39974 0.989424,
	2.42487 0.98,
	2.43744 0.98,
	2.45942 0.995706,
	2.46885 1.00827,
	2.47513 1.01455,
	2.47513 1.02083,
	2.45 1.03654,
	2.42487 1.04596,
	2.39974 1.04282,
	2.37462 1.0334,
	2.34949 1.0334,
	2.32436 1.04282,
	2.3118 1.04596,
	2.29609 1.06795,
	2.28353 1.07423,
	2.2584 1.07109,
	2.23327 1.05539,
	2.21757 1.03026,
	2.205 1.01769,
	2.17987 1.00199,
	2.15474 0.992565,
	2.05423 0.986283,
	2.0291 0.98,
	2.00712 0.967436,
	1.98513 0.945449,
	1.98199 0.939167,
	"/>
<Contour name="d13SER" hidden="true" closed="true" simplified="true" border="0 1 0" fill="0 1 0" mode="-9"
 points="1.58308 0.810385,
	1.58936 0.804103,
	1.61449 0.800962,
	1.62705 0.797821,
	1.67417 0.813526,
	1.68673 0.819808,
	1.70872 0.844936,
	1.6993 0.854359,
	1.64904 0.844936,
	1.63648 0.841795,
	1.63019 0.841795,
	1.62391 0.835513,
	1.61135 0.832372,
	1.58622 0.816667,
	1.58308 0.813526,
	"/>
<Contour name="d13SER" hidden="true" closed="true" simplified="true" border="0 1 0" fill="0 1 0" mode="-9"
 points="1.5234 0.530834,
	1.53596 0.521411,
	1.56109 0.524552,
	1.57365 0.530834,
	1.59878 0.555962,
	1.60821 0.565385,
	1.60506 0.577949,
	1.59564 0.590513,
	1.57051 0.590513,
	1.55795 0.587372,
	1.53282 0.568526,
	1.5234 0.555962,
	1.5234 0.533975,
	"/>
</Transform>

<Transform dim="6"
 xcoef=" 0.110007277217632 0.9978609252526 -0.00559610403119931 0 0 0"
 ycoef=" 0.189671756840436 0.000870722519327043 0.965368045057907 0 0 0">
<Contour name="d13SER" hidden="true" closed="true" simplified="true" border="0 1 0" fill="0 1 0" mode="-9"
 points="0.942308 0.530834,
	0.94859 0.518269,
	0.973718 0.518269,
	0.998847 0.527693,
	1.01141 0.533975,
	1.02083 0.546539,
	1.02083 0.559103,
	1.03654 0.58109,
	1.04282 0.584231,
	1.03968 0.590513,
	1.0491 0.615641,
	1.03654 0.618782,
	1.01141 0.606218,
	0.989424 0.584231,
	0.983141 0.571667,
	0.970577 0.568526,
	0.945449 0.54968,
	0.942308 0.537116,
	0.942308 0.533975,
	"/>
</Transform>

<Transform dim="6"
 xcoef=" 0.110007277217632 0.9978609252526 -0.00559610403119931 0 0 0"
 ycoef=" 0.189671756840436 0.000870722519327043 0.965368045057907 0 0 0">
<Contour name="d13SER" hidden="true" closed="true" simplified="true" border="0 1 0" fill="0 1 0" mode="-9"
 points="3.54936 2.07622,
	3.57449 2.05423,
	3.59962 2.06365,
	3.62475 2.07936,
	3.63731 2.08564,
	3.64987 2.0825,
	3.65616 2.0825,
	3.66558 2.06994,
	3.71584 2.04795,
	3.74096 2.05423,
	3.76609 2.05109,
	3.77866 2.05737,
	3.77866 2.06365,
	3.75353 2.08564,
	3.7284 2.09507,
	3.67814 2.10135,
	3.65616 2.09821,
	3.64987 2.09507,
	3.62475 2.10763,
	3.59962 2.11391,
	3.58705 2.11705,
	3.56192 2.10449,
	3.5525 2.09192,
	3.54936 2.07936,
	"/>
</Transform>

<Transform dim="6"
 xcoef=" 0.110007277217632 0.9978609252526 -0.00559610403119931 0 0 0"
 ycoef=" 0.189671756840436 0.000870722519327043 0.965368045057907 0 0 0">
<Contour name="d13SER" hidden="true" closed="true" simplified="true" border="0 1 0" fill="0 1 0" mode="-9"
 points="2.03853 1.2784,
	2.04795 1.25327,
	2.06051 1.25327,
	2.08564 1.26583,
	2.10449 1.28782,
	2.10763 1.30039,
	2.11391 1.30667,
	2.11391 1.3318,
	2.10763 1.33808,
	2.09507 1.33808,
	2.0825 1.3318,
	2.07622 1.3318,
	2.05109 1.30981,
	2.04167 1.29724,
	2.03853 1.28468,
	2.03853 1.28154,
	"/>
</Transform>

<Transform dim="6"
 xcoef=" 0.110007277217632 0.9978609252526 -0.00559610403119931 0 0 0"
 ycoef=" 0.189671756840436 0.000870722519327043 0.965368045057907 0 0 0">
<Contour name="d13SER" hidden="true" closed="true" simplified="true" border="0 1 0" fill="0 1 0" mode="-9"
 points="2.53481 1.87833,
	2.55051 1.85321,
	2.56308 1.84378,
	2.56936 1.84378,
	2.57878 1.86891,
	2.58192 1.89404,
	2.5725 1.91917,
	2.55994 1.92859,
	2.54737 1.92545,
	2.53795 1.91603,
	2.53481 1.8909,
	2.53481 1.88148,
	"/>
</Transform>

<Transform dim="6"
 xcoef=" 0.110007277217632 0.9978609252526 -0.00559610403119931 0 0 0"
 ycoef=" 0.189671756840436 0.000870722519327043 0.965368045057907 0 0 0">
<Contour name="d01SER" hidden="false" closed="true" simplified="true" border="0 1 0" fill="0 1 0" mode="-9"
 points="3.98084 3.47998,
	4.0069 3.43655,
	4.00979 3.42497,
	4.02137 3.41918,
	4.03295 3.42207,
	4.03585 3.43366,
	4.03585 3.43945,
	4.0069 3.48577,
	4.00111 3.49735,
	3.99821 3.50314,
	3.99242 3.50314,
	3.98084 3.49156,
	3.98084 3.48287,
	"/>
<Contour name="d01SER" hidden="false" closed="true" simplified="true" border="0 1 0" fill="0 1 0" mode="-9"
 points="4.21824 3.68843,
	4.2414 3.68553,
	4.26457 3.68843,
	4.28773 3.69711,
	4.30799 3.71738,
	4.31668 3.72607,
	4.3022 3.74923,
	4.29352 3.75791,
	4.28194 3.75791,
	4.25877 3.74633,
	4.2443 3.72317,
	4.22403 3.7029,
	4.21824 3.69711,
	4.21824 3.69132,
	"/>
<Contour name="d01SER" hidden="false" closed="true" simplified="true" border="0 1 0" fill="0 1 0" mode="-9"
 points="4.45854 3.76949,
	4.47012 3.74633,
	4.49328 3.73186,
	4.50486 3.72896,
	4.51644 3.73475,
	4.52223 3.73475,
	4.52513 3.74633,
	4.51934 3.75791,
	4.49618 3.77818,
	4.4846 3.78686,
	4.47302 3.78976,
	4.46144 3.78686,
	4.45854 3.77528,
	4.45854 3.77239,
	"/>
<Contour name="d01SER" hidden="false" closed="true" simplified="true" border="0 1 0" fill="0 1 0" mode="-9"
 points="4.58014 3.67974,
	4.59751 3.65948,
	4.62067 3.6479,
	4.64383 3.65079,
	4.64383 3.66237,
	4.64383 3.66816,
	4.64962 3.67395,
	4.64673 3.69711,
	4.63804 3.7087,
	4.62646 3.71449,
	4.6033 3.71449,
	4.59172 3.71159,
	4.58303 3.7029,
	4.58014 3.68264,
	"/>
</Transform>

<Transform dim="6"
 xcoef=" 0.110007277217632 0.9978609252526 -0.00559610403119931 0 0 0"
 ycoef=" 0.189671756840436 0.000870722519327043 0.965368045057907 0 0 0">
<Contour name="d01SER" hidden="false" closed="true" simplified="true" border="0 1 0" fill="0 1 0" mode="-9"
 points="4.28773 3.5842,
	4.29931 3.56104,
	4.29931 3.53788,
	4.29352 3.5263,
	4.29352 3.51472,
	4.3051 3.50314,
	4.31668 3.49735,
	4.363 3.50024,
	4.38616 3.50024,
	4.39774 3.50024,
	4.40353 3.50024,
	4.41511 3.51472,
	4.40932 3.53788,
	4.38327 3.58131,
	4.33694 3.59289,
	4.29062 3.59868,
	4.28773 3.5871,
	"/>
<Contour name="d01SER" hidden="false" closed="true" simplified="true" border="0 1 0" fill="0 1 0" mode="-9"
 points="4.39774 3.4047,
	4.40932 3.40181,
	4.43248 3.4076,
	4.45565 3.42207,
	4.47302 3.44524,
	4.4817 3.45682,
	4.45854 3.47129,
	4.44696 3.47708,
	4.44117 3.47708,
	4.43248 3.45392,
	4.4238 3.44234,
	4.4238 3.43076,
	4.41222 3.41918,
	4.40064 3.41339,
	4.39774 3.4076,
	"/>
</Transform>

<Transform dim="6"
 xcoef=" 0.110007277217632 0.9978609252526 -0.00559610403119931 0 0 0"
 ycoef=" 0.189671756840436 0.000870722519327043 0.965368045057907 0 0 0">
<Contour name="d01p05" hidden="false" closed="true" simplified="false" border="1 1 0" fill="1 1 0" mode="11"
 points="4.73072 3.66389,
	4.73072 3.62077,
	4.6876 3.62077,
	4.6876 3.6585,
	4.68221 3.66389,
	4.68221 3.61538,
	4.73611 3.61538,
	4.73611 3.66928,
	4.68221 3.66928,
	4.6876 3.66389,
	"/>
</Transform>

<Transform dim="6"
 xcoef=" 0.110007277217632 0.9978609252526 -0.00559610403119931 0 0 0"
 ycoef=" 0.189671756840436 0.000870722519327043 0.965368045057907 0 0 0">
<Contour name="d01SER" hidden="false" closed="true" simplified="true" border="0 1 0" fill="0 1 0" mode="-9"
 points="4.12849 2.89805,
	4.13718 2.87489,
	4.14007 2.85462,
	4.15455 2.83436,
	4.17482 2.81409,
	4.1864 2.8112,
	4.19798 2.80251,
	4.20377 2.80251,
	4.21535 2.79383,
	4.22403 2.80251,
	4.22982 2.82567,
	4.23272 2.83146,
	4.2443 2.83146,
	4.25588 2.8083,
	4.27904 2.79383,
	4.29062 2.79093,
	4.3022 2.79383,
	4.31089 2.81699,
	4.3051 2.86331,
	4.3022 2.87489,
	4.29641 2.88068,
	4.29641 2.89226,
	4.28483 2.91542,
	4.28194 2.927,
	4.26457 2.95016,
	4.2414 2.95306,
	4.22982 2.95595,
	4.21245 2.97622,
	4.20666 2.9878,
	4.20377 2.99359,
	4.1864 2.97333,
	4.18061 2.96754,
	4.16902 2.96464,
	4.14586 2.94727,
	4.13139 2.92411,
	4.12849 2.90095,
	"/>
</Transform>

<Transform dim="6"
 xcoef=" 0.110007277217632 0.9978609252526 -0.00559610403119931 0 0 0"
 ycoef=" 0.189671756840436 0.000870722519327043 0.965368045057907 0 0 0">
<Contour name="d01SERp06" hidden="false" closed="true" simplified="true" border="0 1 0" fill="0 1 0" mode="-9"
 points="4.11849 2.89805,
	4.12718 2.87489,
	4.13007 2.85462,
	4.14455 2.83436,
	4.16482 2.81409,
	4.1764 2.8112,
	4.18798 2.80251,
	4.19377 2.80251,
	4.20535 2.79383,
	4.21403 2.80251,
	4.21982 2.82567,
	4.22272 2.83146,
	4.2343 2.83146,
	4.24588 2.8083,
	4.26904 2.79383,
	4.28062 2.79093,
	4.2922 2.79383,
	4.30089 2.81699,
	4.2951 2.86331,
	4.2922 2.87489,
	4.28641 2.88068,
	4.28641 2.89226,
	4.27483 2.91542,
	4.27194 2.927,
	4.25457 2.95016,
	4.2314 2.95306,
	4.21982 2.95595,
	4.20245 2.97622,
	4.19666 2.9878,
	4.19377 2.99359,
	4.1764 2.97333,
	4.17061 2.96754,
	4.15902 2.96464,
	4.13586 2.94727,
	4.12139 2.92411,
	4.11849 2.90095,
	"/>
</Transform>

<Transform dim="6"
 xcoef=" 0.110007277217632 0.9978609252526 -0.00559610403119931 0 0 0"
 ycoef=" 0.189671756840436 0.000870722519327043 0.965368045057907 0 0 0">
<Contour name="mito04_MW_KH(fixed)" hidden="true" closed="false" simplified="false" border="1 0 0" fill="1 0 0" mode="-9"
 points="1.78718 2.24827,
	1.94391 2.10058,
	"/>
</Transform>

<Transform dim="0"
 xcoef=" 0 1 0 0 0 0"
 ycoef=" 0 0 1 0 0 0">
<Contour name="d01ax10" comment="LK bouton trace named after cfa" hidden="true" closed="true" simplified="true" border="0 1 1" fill="0.502 1 1" mode="-11"
 points="3.75699 1.12025,
	3.76059 1.11665,
	3.766 1.10224,
	3.7714 1.09504,
	3.80022 1.09864,
	3.81463 1.10404,
	3.82723 1.11485,
	3.84704 1.14367,
	3.84704 1.14727,
	3.88487 1.2031,
	3.90108 1.22832,
	3.91909 1.25713,
	3.92629 1.26974,
	3.9353 1.29856,
	3.9479 1.35619,
	3.95871 1.38501,
	3.96051 1.39221,
	3.96411 1.39581,
	3.97672 1.42463,
	3.98212 1.43904,
	3.98212 1.44264,
	3.98573 1.44624,
	3.99113 1.47506,
	3.99113 1.48226,
	4.01094 1.5399,
	4.01814 1.55431,
	4.02715 1.58312,
	4.03075 1.58673,
	4.03435 1.60113,
	4.03796 1.60834,
	4.03796 1.63716,
	4.03435 1.66597,
	4.02715 1.68038,
	4.01454 1.69299,
	4.00013 1.69479,
	3.98573 1.69299,
	3.97852 1.69119,
	3.97312 1.68578,
	3.96952 1.68578,
	3.96591 1.68218,
	3.96231 1.68218,
	3.9497 1.67138,
	3.9371 1.65697,
	3.90108 1.60474,
	3.88847 1.59033,
	3.88487 1.58312,
	3.86145 1.55791,
	3.85065 1.5471,
	3.84344 1.53269,
	3.83984 1.52549,
	3.83984 1.52189,
	3.83444 1.51468,
	3.83264 1.50748,
	3.82723 1.50208,
	3.82543 1.49487,
	3.82003 1.48767,
	3.81823 1.48046,
	3.81823 1.47686,
	3.81463 1.47326,
	3.80922 1.44444,
	3.80382 1.43003,
	3.78761 1.40122,
	3.7786 1.38681,
	3.775 1.38321,
	3.7696 1.3706,
	3.7714 1.35619,
	3.766 1.29856,
	3.7624 1.29496,
	3.75699 1.26614,
	3.75699 1.20851,
	3.75879 1.17969,
	3.75699 1.12205,
	"/>
</Transform>

<Transform dim="0"
 xcoef=" 0 1 0 0 0 0"
 ycoef=" 0 0 1 0 0 0">
<Contour name="d01ax07" comment="LK bouton trace named after cfa" hidden="true" closed="true" simplified="true" border="0 1 1" fill="0.502 1 1" mode="-9"
 points="2.9321 4.46129,
	2.93901 4.45537,
	2.94295 4.45241,
	2.94493 4.45044,
	2.9469 4.45044,
	2.94887 4.44847,
	2.95677 4.44649,
	2.96466 4.44649,
	2.9686 4.44649,
	2.9834 4.45833,
	2.99031 4.46425,
	2.99524 4.4682,
	2.99524 4.47017,
	2.9982 4.47412,
	3.00018 4.48201,
	3.00018 4.4899,
	2.99327 4.49582,
	2.97748 4.50273,
	2.9617 4.5047,
	2.95381 4.5047,
	2.94591 4.4978,
	2.94098 4.49089,
	2.93802 4.48793,
	2.93506 4.48004,
	2.93309 4.47609,
	2.9321 4.4682,
	2.9321 4.46425,
	2.9321 4.46228,
	"/>
</Transform>

<Transform dim="0"
 xcoef=" 0 1 0 0 0 0"
 ycoef=" 0 0 1 0 0 0">
<Contour name="d01ax11_ddh" comment="ddh_traced_2018-05-22" hidden="true" closed="true" simplified="true" border="0.501961 1 0.501961" fill="0.501961 1 0.501961" mode="11"
 points="4.32631 1.26756,
	4.33061 1.25612,
	4.33347 1.25326,
	4.33347 1.2504,
	4.34348 1.24038,
	4.35493 1.23752,
	4.37782 1.24038,
	4.38926 1.24467,
	4.39498 1.2461,
	4.41788 1.26184,
	4.44077 1.28044,
	4.48369 1.31335,
	4.50658 1.33194,
	4.52231 1.3534,
	4.52804 1.36485,
	4.5309 1.37057,
	4.5309 1.39346,
	4.53376 1.40491,
	4.53805 1.41063,
	4.53948 1.41635,
	4.55808 1.43924,
	4.56809 1.46213,
	4.57239 1.47358,
	4.57525 1.4793,
	4.58097 1.48359,
	4.58383 1.48359,
	4.59528 1.49075,
	4.601 1.49361,
	4.60672 1.49933,
	4.61101 1.51078,
	4.61101 1.52222,
	4.60386 1.54368,
	4.59385 1.5537,
	4.57096 1.56228,
	4.52517 1.56371,
	4.50228 1.56657,
	4.47939 1.57229,
	4.4565 1.57516,
	4.44506 1.57802,
	4.42217 1.57802,
	4.41072 1.57659,
	4.40071 1.568,
	4.38783 1.54654,
	4.38354 1.5351,
	4.38211 1.51221,
	4.37496 1.48932,
	4.37209 1.48359,
	4.36923 1.48073,
	4.36923 1.47787,
	4.36208 1.46643,
	4.35779 1.4607,
	4.35779 1.45784,
	4.3535 1.45212,
	4.35207 1.4464,
	4.3492 1.44354,
	4.34205 1.42064,
	4.34205 1.4092,
	4.33919 1.39775,
	4.33919 1.35197,
	4.33919 1.32908,
	4.33776 1.31764,
	4.32774 1.29475,
	4.32631 1.27186,
	4.32631 1.26899,
	"/>
</Transform>

<Transform dim="0"
 xcoef=" 0 1 0 0 0 0"
 ycoef=" 0 0 1 0 0 0">
<Contour name="d01ax12_ddh" comment="ddh_traced_2018-05-22" hidden="false" closed="true" simplified="true" border="0.501961 1 0.501961" fill="0.501961 1 0.501961" mode="11"
 points="6.05188 4.56166,
	6.05448 4.55646,
	6.06488 4.54736,
	6.07528 4.54476,
	6.09609 4.54996,
	6.1169 4.55126,
	6.1273 4.55126,
	6.1377 4.54736,
	6.1429 4.54606,
	6.15071 4.53826,
	6.15591 4.53696,
	6.17671 4.52525,
	6.18191 4.52265,
	6.18451 4.52005,
	6.20532 4.51485,
	6.22613 4.51485,
	6.23653 4.51615,
	6.23913 4.51875,
	6.25994 4.52786,
	6.27034 4.52916,
	6.28074 4.52786,
	6.29114 4.52135,
	6.30155 4.52005,
	6.31195 4.52135,
	6.31715 4.52135,
	6.33666 4.53306,
	6.34446 4.54086,
	6.34836 4.54606,
	6.35226 4.55646,
	6.35486 4.56166,
	6.37567 4.57857,
	6.39517 4.59027,
	6.40558 4.59677,
	6.41988 4.61628,
	6.42378 4.62668,
	6.42378 4.63188,
	6.42638 4.63709,
	6.42638 4.64749,
	6.43158 4.66829,
	6.43548 4.6787,
	6.43808 4.6995,
	6.42898 4.74111,
	6.41598 4.76192,
	6.39907 4.77882,
	6.39387 4.78403,
	6.37437 4.79573,
	6.35616 4.81003,
	6.34576 4.81523,
	6.34056 4.81784,
	6.33796 4.82044,
	6.31715 4.82694,
	6.29635 4.82564,
	6.27554 4.82174,
	6.25473 4.81393,
	6.25213 4.81133,
	6.24173 4.80743,
	6.23653 4.80613,
	6.23133 4.80223,
	6.21182 4.79313,
	6.20662 4.79053,
	6.20402 4.79053,
	6.19362 4.78273,
	6.17671 4.76582,
	6.17021 4.75542,
	6.16761 4.75282,
	6.15851 4.73201,
	6.1468 4.6904,
	6.1416 4.66959,
	6.139 4.65919,
	6.1234 4.63969,
	6.08569 4.61238,
	6.07528 4.60718,
	6.06748 4.60068,
	6.05708 4.59157,
	6.05318 4.58637,
	6.05188 4.56557,
	6.05188 4.56297,
	"/>
</Transform>

<Transform dim="0"
 xcoef=" 0 1 0 0 0 0"
 ycoef=" 0 0 1 0 0 0">
<Contour name="d01ax12_ddh" comment="ddh_traced_2018-05-22" hidden="false" closed="true" simplified="true" border="0.501961 1 0.501961" fill="0.501961 1 0.501961" mode="11"
 points="1.38447 6.0941,
	1.38719 6.09138,
	1.38855 6.08594,
	1.39535 6.07506,
	1.39807 6.07234,
	1.39807 6.06962,
	1.40487 6.05874,
	1.40759 6.04786,
	1.40759 6.0261,
	1.41167 6.00435,
	1.41575 5.99347,
	1.41847 5.98803,
	1.42119 5.98531,
	1.42119 5.98259,
	1.43071 5.97307,
	1.44159 5.97035,
	1.44431 5.97035,
	1.44567 5.96763,
	1.44839 5.96763,
	1.45927 5.95811,
	1.47423 5.93771,
	1.48647 5.91731,
	1.49055 5.90643,
	1.49327 5.90235,
	1.51503 5.88739,
	1.51775 5.88467,
	1.52047 5.88467,
	1.52591 5.88059,
	1.53679 5.87923,
	1.58031 5.88467,
	1.58575 5.88739,
	1.60751 5.89011,
	1.61839 5.89283,
	1.62927 5.89283,
	1.63063 5.89555,
	1.6415 5.89691,
	1.65238 5.90099,
	1.66326 5.90779,
	1.6687 5.91051,
	1.68638 5.93091,
	1.69318 5.94179,
	1.69862 5.96355,
	1.7027 5.97443,
	1.7095 6.01795,
	1.71086 6.02882,
	1.71494 6.0397,
	1.7163 6.05058,
	1.7163 6.0533,
	1.71902 6.05602,
	1.71766 6.14306,
	1.72038 6.18658,
	1.72038 6.2301,
	1.72038 6.25186,
	1.71494 6.27362,
	1.71358 6.2845,
	1.7095 6.29538,
	1.70814 6.30626,
	1.70542 6.3117,
	1.69998 6.35522,
	1.69862 6.3661,
	1.69454 6.37698,
	1.69454 6.3797,
	1.68502 6.38922,
	1.66326 6.39874,
	1.61975 6.4001,
	1.57623 6.39602,
	1.55447 6.39194,
	1.54359 6.39058,
	1.52183 6.38242,
	1.51639 6.38106,
	1.51367 6.38106,
	1.51095 6.37834,
	1.50551 6.37698,
	1.49463 6.37018,
	1.48647 6.36338,
	1.48103 6.36066,
	1.47559 6.35522,
	1.46199 6.33482,
	1.45791 6.32938,
	1.44295 6.28586,
	1.43479 6.2641,
	1.43071 6.25322,
	1.42935 6.24778,
	1.42935 6.24506,
	1.42663 6.2437,
	1.42391 6.23282,
	1.41439 6.21106,
	1.40215 6.1893,
	1.38719 6.14578,
	1.38447 6.12402,
	1.38447 6.10226,
	1.38447 6.09682,
	1.38447 6.09546,
	"/>
</Transform>

<Transform dim="0"
 xcoef=" 0 1 0 0 0 0"
 ycoef=" 0 0 1 0 0 0">
<Contour name="d01ax14_ddh" comment="ddh_traced_2018-05-26" hidden="false" closed="true" simplified="true" border="0.502 1 0.502" fill="0.502 1 0.502" mode="11"
 points="0.199644 0.176002,
	0.20227 0.168996,
	0.219783 0.141852,
	0.224161 0.134847,
	0.23642 0.125215,
	0.248679 0.113832,
	0.252181 0.112081,
	0.253057 0.110329,
	0.254808 0.110329,
	0.261813 0.105951,
	0.263564 0.105951,
	0.266191 0.103324,
	0.269694 0.102449,
	0.275823 0.0980705,
	0.279326 0.0963192,
	0.281077 0.094568,
	0.28458 0.0936924,
	0.29859 0.0840604,
	0.300341 0.0840604,
	0.302092 0.0823092,
	0.309097 0.0814335,
	0.3126 0.0796823,
	0.32661 0.0796823,
	0.333615 0.0805579,
	0.337117 0.0805579,
	0.344122 0.0831848,
	0.358132 0.0849361,
	0.386153 0.0823092,
	0.414173 0.0831848,
	0.421178 0.0858117,
	0.448322 0.1042,
	0.455327 0.107702,
	0.468462 0.11821,
	0.474591 0.125215,
	0.477218 0.13222,
	0.477218 0.14623,
	0.474591 0.16024,
	0.470213 0.17425,
	0.467586 0.181255,
	0.465835 0.184758,
	0.464959 0.191763,
	0.463208 0.195265,
	0.460581 0.209275,
	0.462332 0.265316,
	0.461457 0.272321,
	0.455327 0.286331,
	0.447447 0.299465,
	0.445695 0.302968,
	0.439566 0.309973,
	0.434312 0.315227,
	0.420302 0.32048,
	0.406292 0.32048,
	0.392282 0.317854,
	0.378272 0.313475,
	0.371267 0.310848,
	0.369516 0.310848,
	0.366013 0.308222,
	0.337993 0.29859,
	0.323983 0.294212,
	0.316978 0.29246,
	0.313475 0.29246,
	0.309973 0.290709,
	0.281953 0.288958,
	0.267943 0.287206,
	0.253933 0.287206,
	0.246928 0.286331,
	0.245176 0.286331,
	0.243425 0.28458,
	0.239922 0.283704,
	0.238171 0.283704,
	0.234669 0.281077,
	0.231166 0.280201,
	0.224161 0.274948,
	0.218907 0.267943,
	0.21628 0.26444,
	0.215405 0.260938,
	0.213654 0.259186,
	0.211027 0.252181,
	0.210151 0.245176,
	0.207524 0.238171,
	0.204897 0.224161,
	0.204897 0.217156,
	0.199644 0.189136,
	0.199644 0.182131,
	0.199644 0.178628,
	0.199644 0.176877,
	"/>
</Transform>

<Transform dim="0"
 xcoef=" 0 1 0 0 0 0"
 ycoef=" 0 0 1 0 0 0">
<Contour name="d01ax22B_ddh" comment="ddh_traced_2018-05-31" hidden="false" closed="true" simplified="true" border="0.502 1 0.502" fill="0.502 1 0.502" mode="11"
 points="2.94491 0.742447,
	2.94724 0.736228,
	2.94724 0.733118,
	2.95113 0.720679,
	2.95424 0.71446,
	2.95269 0.71135,
	2.9558 0.705131,
	2.96201 0.699689,
	2.96435 0.696579,
	2.97057 0.693469,
	2.97679 0.688027,
	2.9799 0.684917,
	2.99233 0.679475,
	2.99855 0.67792,
	3.01099 0.67792,
	3.02343 0.683362,
	3.04831 0.706685,
	3.07086 0.731563,
	3.08329 0.744002,
	3.08951 0.748667,
	3.10195 0.761106,
	3.11128 0.773545,
	3.11672 0.779764,
	3.1346 0.804642,
	3.14238 0.817081,
	3.14471 0.8233,
	3.14549 0.835739,
	3.13849 0.848178,
	3.13227 0.85362,
	3.12916 0.855952,
	3.10428 0.857507,
	3.07941 0.855175,
	3.05453 0.847401,
	3.02965 0.833407,
	3.00477 0.821745,
	2.9799 0.805419,
	2.96746 0.798422,
	2.9558 0.786761,
	2.95269 0.783651,
	2.9488 0.777432,
	2.94569 0.764993,
	2.94491 0.752554,
	2.94491 0.746334,
	2.94491 0.743225,
	"/>
</Transform>

</Section>