<?xml version="1.0"?>
<!DOCTYPE Section SYSTEM "section.dtd">

<Section index="12" thickness="0.048" alignLocked="true">
<Transform dim="6"
 xcoef=" -0.177492250771548 0.998543026644729 -0.0100712961618164 0 0 0"
 ycoef=" -0.0755473548834642 -0.00237123459751437 0.975240597849761 0 0 0">
<Contour name="D04" hidden="false" closed="true" simplified="true" border="1 0 0" fill="1 0 0" mode="13"
 points="1.48509 3.96394,
	1.49282 3.91173,
	1.51566 3.86197,
	1.55253 3.81697,
	1.60172 3.77885,
	1.66092 3.74938,
	1.72737 3.72994,
	1.79795 3.72145,
	1.86937 3.72429,
	1.93829 3.73834,
	2.00148 3.76294,
	2.05599 3.79693,
	2.09928 3.83874,
	2.12931 3.88639,
	2.14469 3.93768,
	2.14469 3.99019,
	2.12931 4.04148,
	2.09928 4.08913,
	2.05599 4.13094,
	2.00148 4.16493,
	1.93829 4.18953,
	1.86937 4.20358,
	1.79795 4.20642,
	1.72737 4.19793,
	1.66092 4.17849,
	1.60172 4.14902,
	1.55253 4.1109,
	1.51566 4.0659,
	"/>
</Transform>

<Transform dim="6"
 xcoef=" 0.0925077492284508 0.998543026644729 -0.0100712961618164 0 0 0"
 ycoef=" 0.224452645116536 -0.00237123459751437 0.975240597849761 0 0 0">
<Contour name="D06" hidden="false" closed="true" simplified="true" border="0 0 1" fill="0 0 1" mode="9"
 points="6.66968 7.85118,
	6.67357 7.81043,
	6.6851 7.77125,
	6.70381 7.73514,
	6.729 7.70349,
	6.75969 7.67752,
	6.7947 7.65822,
	6.8327 7.64633,
	6.87221 7.64232,
	6.91172 7.64633,
	6.94971 7.65822,
	6.98473 7.67752,
	7.01542 7.70349,
	7.04061 7.73514,
	7.05932 7.77125,
	7.07085 7.81043,
	7.07474 7.85118,
	7.07085 7.89193,
	7.05932 7.93111,
	7.04061 7.96722,
	7.01542 7.99886,
	6.98473 8.02484,
	6.94971 8.04414,
	6.91172 8.05603,
	6.87221 8.06004,
	6.8327 8.05603,
	6.7947 8.04414,
	6.75969 8.02484,
	6.729 7.99886,
	6.70381 7.96722,
	6.6851 7.93111,
	"/>
</Transform>

<Transform dim="6"
 xcoef=" 0.0925077492284508 0.998543026644729 -0.0100712961618164 0 0 0"
 ycoef=" 0.224452645116536 -0.00237123459751437 0.975240597849761 0 0 0">
<Contour name="D07" hidden="false" closed="true" simplified="true" border="1 0 1" fill="1 0 1" mode="9"
 points="5.35323 7.136,
	5.35863 7.09672,
	5.37443 7.06036,
	5.39944 7.02961,
	5.43183 7.00675,
	5.46919 6.99347,
	5.50874 6.99077,
	5.54755 6.99883,
	5.58275 7.01707,
	5.61172 7.04413,
	5.63232 7.078,
	5.64302 7.11617,
	5.64302 7.15582,
	5.63232 7.19399,
	5.61172 7.22786,
	5.58275 7.25492,
	5.54755 7.27316,
	5.50874 7.28122,
	5.46919 7.27852,
	5.43183 7.26524,
	5.39944 7.24238,
	5.37443 7.21163,
	5.35863 7.17527,
	"/>
</Transform>

<Transform dim="6"
 xcoef=" 0.372507749228452 0.998543026644729 -0.0100712961618164 0 0 0"
 ycoef=" 0.514452645116536 -0.00237123459751437 0.975240597849761 0 0 0">
<Contour name="D08" hidden="false" closed="true" simplified="true" border="1 0 0" fill="1 0 0" mode="9"
 points="7.49445 4.52104,
	7.50131 4.46725,
	7.52123 4.41872,
	7.55225 4.38021,
	7.59134 4.35549,
	7.63467 4.34697,
	7.67801 4.35549,
	7.7171 4.38021,
	7.74812 4.41872,
	7.76804 4.46725,
	7.7749 4.52104,
	7.76804 4.57483,
	7.74812 4.62336,
	7.7171 4.66187,
	7.67801 4.68659,
	7.63467 4.69511,
	7.59134 4.68659,
	7.55225 4.66187,
	7.52123 4.62336,
	"/>
</Transform>

<Transform dim="6"
 xcoef=" 0.0925077492284508 0.998543026644729 -0.0100712961618164 0 0 0"
 ycoef=" 0.224452645116536 -0.00237123459751437 0.975240597849761 0 0 0">
<Contour name="mito JB12" hidden="false" closed="false" simplified="true" border="1 0.5 0" fill="1 0.5 0" mode="9"
 points="8.38906 7.21272,
	8.31476 7.01801,
	"/>
</Transform>

<Transform dim="6"
 xcoef=" -0.0774922507715485 0.998543026644729 -0.0100712961618164 0 0 0"
 ycoef=" 0.0644526451165361 -0.00237123459751437 0.975240597849761 0 0 0">
<Contour name="D13" hidden="false" closed="true" simplified="true" border="0.5 0 1" fill="0.5 0 1" mode="9"
 points="2.63438 1.83344,
	2.64248 1.75517,
	2.66636 1.68083,
	2.70483 1.61414,
	2.75596 1.55845,
	2.81718 1.51654,
	2.88543 1.49053,
	2.95728 1.48171,
	3.02913 1.49053,
	3.09737 1.51654,
	3.1586 1.55845,
	3.20972 1.61414,
	3.24819 1.68083,
	3.27207 1.75517,
	3.28017 1.83344,
	3.27207 1.9117,
	3.24819 1.98604,
	3.20972 2.05273,
	3.1586 2.10842,
	3.09737 2.15033,
	3.02913 2.17634,
	2.95728 2.18516,
	2.88543 2.17634,
	2.81718 2.15033,
	2.75596 2.10842,
	2.70483 2.05273,
	2.66636 1.98604,
	"/>
<Contour name="D12" hidden="false" closed="true" simplified="true" border="1 0.5 0" fill="1 0.5 0" mode="9"
 points="4.93362 5.94034,
	4.94389 5.85587,
	4.97389 5.77824,
	5.02118 5.71375,
	5.08193 5.66761,
	5.15121 5.64357,
	5.22342 5.64357,
	5.29271 5.66761,
	5.35346 5.71375,
	5.40074 5.77824,
	5.43074 5.85587,
	5.44102 5.94034,
	5.43074 6.02482,
	5.40074 6.10244,
	5.35346 6.16694,
	5.29271 6.21308,
	5.22342 6.23712,
	5.15121 6.23712,
	5.08193 6.21308,
	5.02118 6.16694,
	4.97389 6.10244,
	4.94389 6.02482,
	"/>
</Transform>

<Transform dim="6"
 xcoef=" 0.0925077492284508 0.998543026644729 -0.0100712961618164 0 0 0"
 ycoef=" 0.224452645116536 -0.00237123459751437 0.975240597849761 0 0 0">
<Contour name="d13" hidden="false" closed="true" simplified="true" border="1 1 0.501961" fill="0.5 0 1" mode="11"
 points="2.30654 1.53783,
	2.3136 1.52371,
	2.31713 1.52018,
	2.37362 1.51135,
	2.40187 1.51312,
	2.40893 1.51312,
	2.42306 1.49899,
	2.39128 1.4425,
	2.38245 1.42838,
	2.37892 1.42308,
	2.40717 1.40896,
	2.41423 1.40543,
	2.47072 1.42308,
	2.49897 1.43191,
	2.51309 1.43367,
	2.56959 1.42661,
	2.58371 1.42485,
	2.6967 1.37365,
	2.75319 1.34893,
	2.78144 1.33658,
	2.83793 1.31716,
	2.85205 1.31186,
	2.86618 1.30303,
	2.89089 1.27479,
	2.94738 1.22182,
	2.99505 1.16533,
	3.00564 1.15121,
	3.0127 1.14591,
	3.04095 1.15121,
	3.05507 1.14944,
	3.11157 1.11237,
	3.13981 1.10707,
	3.15394 1.10531,
	3.21043 1.15121,
	3.22455 1.16357,
	3.23868 1.17239,
	3.29517 1.19534,
	3.32342 1.21829,
	3.33754 1.22889,
	3.36579 1.25537,
	3.37285 1.26066,
	3.4011 1.26772,
	3.41522 1.27302,
	3.42228 1.27479,
	3.45053 1.30127,
	3.46465 1.31363,
	3.4929 1.32951,
	3.52114 1.34011,
	3.53527 1.3454,
	3.55645 1.37365,
	3.58293 1.4019,
	3.59529 1.41602,
	3.65178 1.44074,
	3.68003 1.45486,
	3.73652 1.49193,
	3.76477 1.49899,
	3.77889 1.50252,
	3.78242 1.50252,
	3.79125 1.53077,
	3.79478 1.54489,
	3.82833 1.60139,
	3.84421 1.62963,
	3.85304 1.68613,
	3.85481 1.71437,
	3.88482 1.82736,
	3.89188 1.85561,
	3.90247 1.88385,
	3.90247 1.9121,
	3.90247 1.91916,
	3.92366 1.94741,
	3.93249 1.96153,
	3.94308 1.98978,
	3.94131 2.01803,
	3.94308 2.04627,
	3.96426 2.07452,
	3.98192 2.10277,
	3.99604 2.10983,
	4.00134 2.11689,
	4.0084 2.14514,
	4.00663 2.17338,
	3.98015 2.1981,
	3.96956 2.21222,
	3.96426 2.21928,
	3.96073 2.22281,
	3.95544 2.25106,
	3.95367 2.25812,
	3.94308 2.27225,
	3.91483 2.2952,
	3.90953 2.30226,
	3.88129 2.41524,
	3.86187 2.47174,
	3.83362 2.52823,
	3.82656 2.54235,
	3.82303 2.55648,
	3.82303 2.56354,
	3.81597 2.57766,
	3.81067 2.58296,
	3.78242 2.58296,
	3.7683 2.58296,
	3.71181 2.59355,
	3.65532 2.61297,
	3.59882 2.63945,
	3.48584 2.70124,
	3.47171 2.71007,
	3.46465 2.7136,
	3.43817 2.74185,
	3.42405 2.75597,
	3.3958 2.77009,
	3.38344 2.77715,
	3.37991 2.79128,
	3.37815 2.79481,
	3.36755 2.8107,
	3.36579 2.82482,
	3.36579 2.82835,
	3.36226 2.83365,
	3.24927 2.84247,
	3.22102 2.84424,
	3.19278 2.8566,
	3.16453 2.87425,
	3.15923 2.88131,
	3.15747 2.88484,
	3.12922 2.88837,
	3.07273 2.91309,
	3.05861 2.91662,
	3.05154 2.92015,
	3.04448 2.91839,
	3.04095 2.91839,
	3.01447 2.89014,
	2.96857 2.83365,
	2.91914 2.77715,
	2.89442 2.74891,
	2.875 2.72066,
	2.86618 2.70654,
	2.80968 2.66417,
	2.75319 2.62533,
	2.6967 2.60591,
	2.66845 2.59532,
	2.66315 2.58825,
	2.64903 2.53176,
	2.63844 2.50351,
	2.62255 2.47527,
	2.61196 2.46291,
	2.55546 2.43643,
	2.54134 2.43113,
	2.48485 2.37994,
	2.47955 2.37287,
	2.46366 2.31638,
	2.4619 2.28813,
	2.45307 2.25989,
	2.44424 2.24576,
	2.43188 2.23694,
	2.41776 2.23164,
	2.4107 2.22634,
	2.39304 2.11336,
	2.38422 2.05686,
	2.38245 2.04274,
	2.38069 2.03568,
	2.39658 1.97919,
	2.40893 1.95094,
	2.41423 1.89445,
	2.40187 1.8662,
	2.40011 1.85914,
	2.39834 1.85561,
	2.41423 1.79911,
	2.41599 1.79205,
	2.40717 1.73556,
	2.37892 1.67907,
	2.36656 1.65082,
	2.36127 1.62257,
	2.35774 1.60845,
	2.35421 1.60139,
	2.32596 1.57844,
	2.3189 1.57138,
	2.3083 1.54313,
	2.30654 1.5396,
	"/>
</Transform>

<Transform dim="6"
 xcoef=" 0.0925077492284508 0.998543026644729 -0.0100712961618164 0 0 0"
 ycoef=" 0.224452645116536 -0.00237123459751437 0.975240597849761 0 0 0">
<Contour name="d13" hidden="false" closed="true" simplified="true" border="1 1 0" fill="1 1 0" mode="11"
 points="4.24175 3.12758,
	4.26031 3.09264,
	4.26468 3.085,
	4.29961 3.10902,
	4.31708 3.12212,
	4.32363 3.13085,
	4.32581 3.13958,
	4.32581 3.14832,
	4.32581 3.1505,
	4.34109 3.16797,
	4.34218 3.16906,
	4.34328 3.17452,
	4.34328 3.1767,
	4.34655 3.18107,
	4.34655 3.18543,
	4.3531 3.19417,
	4.35747 3.19853,
	4.35856 3.20072,
	4.36511 3.21272,
	4.37712 3.24766,
	4.38257 3.26512,
	4.3924 3.28259,
	4.40441 3.30005,
	4.40659 3.30442,
	4.44152 3.32953,
	4.47645 3.35136,
	4.48519 3.35682,
	4.51357 3.39175,
	4.51793 3.39502,
	4.55287 3.40157,
	4.5616 3.40267,
	4.57907 3.40922,
	4.5878 3.41358,
	4.59107 3.41577,
	4.59544 3.43323,
	4.59435 3.4507,
	4.59217 3.45943,
	4.59217 3.4638,
	4.58234 3.48126,
	4.57907 3.48563,
	4.54413 3.50964,
	4.52667 3.51729,
	4.51793 3.52056,
	4.5092 3.51838,
	4.50484 3.51838,
	4.4699 3.49327,
	4.45244 3.48017,
	4.4437 3.47362,
	4.43497 3.47035,
	4.41751 3.46816,
	4.40877 3.46707,
	4.40441 3.46707,
	4.36947 3.45506,
	4.36511 3.45288,
	4.34764 3.4507,
	4.32363 3.41577,
	4.31271 3.3983,
	4.29852 3.36337,
	4.25049 3.22364,
	4.24721 3.21491,
	4.24394 3.17997,
	4.24285 3.14504,
	4.24175 3.12867,
	"/>
</Transform>

<Transform dim="6"
 xcoef=" 0.0925077492284508 0.998543026644729 -0.0100712961618164 0 0 0"
 ycoef=" 0.224452645116536 -0.00237123459751437 0.975240597849761 0 0 0">
<Contour name="d13" hidden="false" closed="true" simplified="true" border="1 1 0" fill="1 1 0" mode="11"
 points="3.28888 3.6881,
	3.29264 3.64806,
	3.29389 3.63804,
	3.29639 3.63304,
	3.30015 3.61301,
	3.3014 3.603,
	3.31516 3.56296,
	3.31641 3.55795,
	3.31016 3.5179,
	3.3064 3.49788,
	3.30515 3.49287,
	3.30891 3.48286,
	3.33769 3.44281,
	3.35146 3.42279,
	3.35396 3.41778,
	3.39401 3.39526,
	3.43405 3.39651,
	3.4741 3.41028,
	3.51415 3.42154,
	3.52416 3.42404,
	3.52917 3.42404,
	3.54919 3.43405,
	3.55419 3.43656,
	3.54919 3.4766,
	3.54794 3.5567,
	3.54794 3.5617,
	3.56045 3.58173,
	3.56796 3.59174,
	3.57672 3.61176,
	3.59049 3.65181,
	3.598 3.67183,
	3.59925 3.67434,
	3.58548 3.69436,
	3.56921 3.71438,
	3.5567 3.73441,
	3.55044 3.74442,
	3.54794 3.74692,
	3.54669 3.74442,
	3.53918 3.75318,
	3.53667 3.75819,
	3.53167 3.76319,
	3.52541 3.7732,
	3.52041 3.77696,
	3.51039 3.77946,
	3.50789 3.78071,
	3.46784 3.76945,
	3.46284 3.7682,
	3.42279 3.77696,
	3.38274 3.79072,
	3.36272 3.79698,
	3.3427 3.79573,
	3.33769 3.79573,
	3.30765 3.75568,
	3.3014 3.74567,
	3.29138 3.70562,
	3.28888 3.69561,
	3.28888 3.69061,
	3.28888 3.68935,
	"/>
</Transform>

<Transform dim="6"
 xcoef=" 0.0925077492284508 0.998543026644729 -0.0100712961618164 0 0 0"
 ycoef=" 0.224452645116536 -0.00237123459751437 0.975240597849761 0 0 0">
<Contour name="d13" hidden="false" closed="true" simplified="true" border="1 1 0" fill="1 1 0" mode="11"
 points="3.48016 3.11733,
	3.48732 3.08462,
	3.48732 3.08053,
	3.4914 3.07235,
	3.53638 3.00694,
	3.53944 3.00285,
	3.57215 3.01818,
	3.63756 3.06418,
	3.64983 3.09688,
	3.65289 3.10506,
	3.65391 3.10915,
	3.6488 3.14186,
	3.64676 3.15003,
	3.64574 3.15412,
	3.63552 3.17047,
	3.61916 3.18376,
	3.61508 3.18683,
	3.61303 3.18887,
	3.58033 3.19398,
	3.54762 3.18989,
	3.53944 3.18785,
	3.53535 3.18683,
	3.519 3.17661,
	3.50265 3.16332,
	3.49958 3.16127,
	3.50163 3.16025,
	3.50367 3.16127,
	3.49754 3.1531,
	3.48118 3.12039,
	3.48016 3.11835,
	"/>
</Transform>

<Transform dim="6"
 xcoef=" 0.0925077492284508 0.998543026644729 -0.0100712961618164 0 0 0"
 ycoef=" 0.224452645116536 -0.00237123459751437 0.975240597849761 0 0 0">
<Contour name="d13p08" hidden="false" closed="true" simplified="false" border="1 0 0" fill="1 0 0" mode="9"
 points="3.03256 2.84892,
	3.02011 2.84892,
	3.02011 2.85514,
	3.02633 2.86136,
	3.045 2.86758,
	3.03256 2.8738,
	3.02633 2.88625,
	3.01389 2.8738,
	3.00767 2.86136,
	3.00767 2.84892,
	2.99523 2.84892,
	3.01389 2.83648,
	"/>
</Transform>

<Transform dim="6"
 xcoef=" 0.0925077492284508 0.998543026644729 -0.0100712961618164 0 0 0"
 ycoef=" 0.224452645116536 -0.00237123459751437 0.975240597849761 0 0 0">
<Contour name="d13" hidden="false" closed="true" simplified="true" border="1 1 0" fill="1 1 0" mode="11"
 points="4.08742 2.48873,
	4.0946 2.47436,
	4.09819 2.46718,
	4.09999 2.46359,
	4.10179 2.46179,
	4.13053 2.45999,
	4.13771 2.45999,
	4.1413 2.46089,
	4.15567 2.47167,
	4.17004 2.47975,
	4.17723 2.48424,
	4.18891 2.49861,
	4.19429 2.5058,
	4.19609 2.5076,
	4.19789 2.52197,
	4.19699 2.52915,
	4.17274 2.55789,
	4.16915 2.56148,
	4.16196 2.56508,
	4.15837 2.56687,
	4.144 2.56777,
	4.13681 2.56687,
	4.12244 2.5525,
	4.11526 2.54532,
	4.11167 2.54172,
	4.09819 2.51298,
	4.09191 2.49861,
	4.08831 2.49143,
	4.08742 2.48963,
	"/>
</Transform>

<Transform dim="6"
 xcoef=" 0.0925077492284508 0.998543026644729 -0.0100712961618164 0 0 0"
 ycoef=" 0.224452645116536 -0.00237123459751437 0.975240597849761 0 0 0">
<Contour name="d13" hidden="false" closed="true" simplified="true" border="1 1 0" fill="1 1 0" mode="11"
 points="2.99404 3.23475,
	3.0035 3.19148,
	3.00756 3.16984,
	3.00891 3.16443,
	3.04002 3.12116,
	3.04407 3.1171,
	3.08735 3.1171,
	3.13062 3.13738,
	3.14144 3.14279,
	3.22799 3.20906,
	3.23881 3.21717,
	3.24422 3.22123,
	3.25368 3.24287,
	3.25774 3.25368,
	3.26045 3.25909,
	3.23746 3.30237,
	3.22123 3.324,
	3.17795 3.36593,
	3.15632 3.3808,
	3.13468 3.38486,
	3.12386 3.38621,
	3.11304 3.39027,
	3.10763 3.39297,
	3.10493 3.39433,
	3.08464 3.37404,
	3.07653 3.36322,
	3.06436 3.34159,
	3.0576 3.33212,
	3.03596 3.3213,
	3.03055 3.3186,
	3.01297 3.29696,
	3.00486 3.28614,
	3.0008 3.28073,
	2.99404 3.23746,
	2.99404 3.2361,
	"/>
</Transform>

<Transform dim="6"
 xcoef=" 0.0925077492284508 0.998543026644729 -0.0100712961618164 0 0 0"
 ycoef=" 0.224452645116536 -0.00237123459751437 0.975240597849761 0 0 0">
<Contour name="d04p01" hidden="false" closed="true" simplified="false" border="1 0.5 0" fill="1 0.5 0" mode="13"
 points="1.88705 4.68254,
	1.88705 4.67687,
	1.89272 4.67119,
	1.8984 4.67119,
	1.90407 4.67687,
	1.90407 4.68254,
	1.8984 4.68821,
	1.89272 4.68821,
	"/>
</Transform>

<Transform dim="6"
 xcoef=" 0.0925077492284508 0.998543026644729 -0.0100712961618164 0 0 0"
 ycoef=" 0.224452645116536 -0.00237123459751437 0.975240597849761 0 0 0">
<Contour name="d04p02" comment="s_ especially those ones seen in the movie Home Alone where the" hidden="false" closed="true" simplified="false" border="0.5 0 1" fill="0.5 0 1" mode="13"
 points="2.80627 4.26832,
	2.79776 4.26548,
	2.80627 4.26265,
	2.8006 4.25414,
	2.80911 4.25981,
	2.81195 4.2513,
	2.81478 4.25981,
	2.82329 4.25414,
	2.81762 4.26265,
	2.82613 4.26548,
	2.81762 4.26832,
	2.82329 4.27683,
	2.81478 4.27116,
	2.81195 4.27967,
	2.80911 4.27116,
	2.8006 4.27683,
	"/>
</Transform>

<Transform dim="6"
 xcoef=" 0.0925077492284508 0.998543026644729 -0.0100712961618164 0 0 0"
 ycoef=" 0.224452645116536 -0.00237123459751437 0.975240597849761 0 0 0">
<Contour name="d04" hidden="false" closed="true" simplified="true" border="1 0 0" fill="1 0 0" mode="11"
 points="1.81959 4.62038,
	1.82721 4.6261,
	1.83102 4.59561,
	1.83674 4.58989,
	1.84055 4.59561,
	1.83864 4.59751,
	1.84055 4.59942,
	1.84817 4.5937,
	1.85198 4.58989,
	1.85961 4.58989,
	1.87485 4.60132,
	1.88248 4.60323,
	1.88629 4.60132,
	1.89391 4.60514,
	1.89772 4.60323,
	1.892 4.60132,
	1.90725 4.58989,
	1.91487 4.58608,
	1.91678 4.58417,
	1.9225 4.58989,
	1.93393 4.5594,
	1.93584 4.55178,
	1.90725 4.53462,
	1.90534 4.53272,
	1.90725 4.52891,
	1.90153 4.52128,
	1.88819 4.51366,
	1.90344 4.48317,
	1.90725 4.47555,
	1.892 4.46602,
	1.88438 4.46221,
	1.87676 4.46602,
	1.87485 4.46983,
	1.86914 4.46221,
	1.86532 4.45839,
	1.86532 4.45649,
	1.86342 4.46411,
	1.8558 4.46602,
	1.85198 4.46411,
	1.84436 4.46602,
	1.84055 4.45839,
	1.84245 4.45458,
	1.83483 4.44887,
	1.83864 4.43362,
	1.84055 4.426,
	1.84245 4.42409,
	1.84627 4.43171,
	1.84817 4.43362,
	1.85198 4.41837,
	1.85198 4.40313,
	1.85008 4.39551,
	1.85008 4.3936,
	1.85389 4.39551,
	1.85389 4.38788,
	1.85198 4.38407,
	1.85389 4.37645,
	1.85198 4.37264,
	1.85389 4.36883,
	1.85389 4.37073,
	1.86723 4.35549,
	1.87485 4.34024,
	1.86723 4.32499,
	1.86532 4.32118,
	1.87485 4.29069,
	1.88057 4.27544,
	1.88248 4.2602,
	1.88248 4.25258,
	1.88248 4.24876,
	1.87866 4.25067,
	1.87295 4.22018,
	1.87104 4.20493,
	1.87485 4.17444,
	1.88057 4.15919,
	1.86914 4.1287,
	1.86532 4.11346,
	1.86723 4.09821,
	1.86151 4.08297,
	1.85961 4.06772,
	1.86342 4.05247,
	1.86151 4.04485,
	1.87866 4.01436,
	1.88057 4.00674,
	1.87104 3.97624,
	1.87485 3.94575,
	1.87485 3.93051,
	1.88629 3.90001,
	1.892 3.86952,
	1.89582 3.85428,
	1.90725 3.83903,
	1.93584 3.81807,
	1.93774 3.81426,
	1.93584 3.81045,
	1.93202 3.81235,
	1.93012 3.81045,
	1.93965 3.7952,
	1.94155 3.79329,
	1.94536 3.80092,
	1.95489 3.78758,
	1.96442 3.75708,
	1.97395 3.74184,
	1.96823 3.72659,
	1.96633 3.72088,
	1.98348 3.69038,
	1.9892 3.68276,
	1.9911 3.66752,
	1.99301 3.65989,
	2.00635 3.64465,
	2.02159 3.63893,
	2.03684 3.62749,
	2.05209 3.61987,
	2.11307 3.60653,
	2.12831 3.60081,
	2.15881 3.597,
	2.17405 3.59129,
	2.18168 3.58938,
	2.21217 3.59319,
	2.22741 3.597,
	2.23504 3.5951,
	2.24075 3.59891,
	2.24075 3.60653,
	2.24266 3.61034,
	2.2579 3.60272,
	2.2884 3.61987,
	2.30364 3.62749,
	2.31127 3.63131,
	2.31508 3.63893,
	2.31698 3.64274,
	2.33223 3.64274,
	2.34747 3.65608,
	2.37797 3.66942,
	2.38368 3.66561,
	2.39893 3.67323,
	2.39512 3.68086,
	2.39321 3.68467,
	2.4237 3.71325,
	2.42752 3.72088,
	2.4561 3.73803,
	2.4542 3.74565,
	2.45991 3.75899,
	2.45991 3.76661,
	2.46754 3.75899,
	2.47325 3.77233,
	2.48088 3.76471,
	2.48469 3.77995,
	2.48469 3.78377,
	2.4885 3.78567,
	2.49612 3.77995,
	2.49993 3.77614,
	2.50374 3.79139,
	2.50565 3.79901,
	2.50374 3.80663,
	2.50374 3.81045,
	2.49612 3.81616,
	2.49231 3.81997,
	2.49231 3.8276,
	2.47897 3.84284,
	2.47706 3.84665,
	2.48278 3.8619,
	2.47135 3.87715,
	2.46372 3.88286,
	2.4561 3.88286,
	2.44086 3.8962,
	2.43895 3.89811,
	2.44276 3.90192,
	2.44848 3.8943,
	2.45038 3.8962,
	2.44657 3.90192,
	2.46182 3.90573,
	2.46563 3.90764,
	2.48088 3.8943,
	2.48659 3.89239,
	2.50184 3.8962,
	2.50946 3.89811,
	2.51137 3.91335,
	2.50184 3.91717,
	2.51137 3.93241,
	2.51708 3.93813,
	2.51899 3.93432,
	2.51137 3.92098,
	2.51327 3.91717,
	2.52661 3.94766,
	2.53805 3.9629,
	2.54376 3.97053,
	2.54567 3.97815,
	2.57616 3.99911,
	2.58379 4.00674,
	2.58569 4.00864,
	2.57045 4.01055,
	2.56663 4.01245,
	2.56282 4.0277,
	2.56092 4.03151,
	2.56854 4.04676,
	2.56663 4.05057,
	2.58188 4.062,
	2.5895 4.06772,
	2.59331 4.07153,
	2.59141 4.07915,
	2.59713 4.08678,
	2.62762 4.09249,
	2.64286 4.08678,
	2.64858 4.07915,
	2.64858 4.06391,
	2.64667 4.05628,
	2.64858 4.05247,
	2.6562 4.0601,
	2.66383 4.05247,
	2.66573 4.05057,
	2.69622 4.07534,
	2.70003 4.08297,
	2.71528 4.0944,
	2.7229 4.10012,
	2.73053 4.10202,
	2.74577 4.09821,
	2.74768 4.09631,
	2.76292 4.10965,
	2.77817 4.11536,
	2.79151 4.13061,
	2.79342 4.13251,
	2.80104 4.1268,
	2.81628 4.12299,
	2.82391 4.12108,
	2.83915 4.12299,
	2.84678 4.12108,
	2.84297 4.11346,
	2.83534 4.10774,
	2.83153 4.10583,
	2.83534 4.09059,
	2.85059 4.08106,
	2.86583 4.08297,
	2.89633 4.10774,
	2.90395 4.11346,
	2.91919 4.11917,
	2.93444 4.11536,
	2.93825 4.11346,
	2.9535 4.12108,
	2.96874 4.11727,
	2.97255 4.11536,
	2.98018 4.12108,
	2.98208 4.12299,
	2.98971 4.11727,
	2.99733 4.12299,
	3.00305 4.11727,
	3.01639 4.13251,
	3.02401 4.13442,
	3.02782 4.13251,
	3.04307 4.13633,
	3.05069 4.13442,
	3.0526 4.13251,
	3.06022 4.14014,
	3.06403 4.13251,
	3.06594 4.1287,
	3.07356 4.13251,
	3.07737 4.13061,
	3.08118 4.13251,
	3.09452 4.12108,
	3.09833 4.1287,
	3.10214 4.12299,
	3.10405 4.12489,
	3.11167 4.11155,
	3.1193 4.10965,
	3.12692 4.10202,
	3.13264 4.11727,
	3.14026 4.11346,
	3.14217 4.10965,
	3.14026 4.10774,
	3.14788 4.10012,
	3.15551 4.10393,
	3.16313 4.10202,
	3.18219 4.07153,
	3.19553 4.06772,
	3.20315 4.07153,
	3.20696 4.06581,
	3.20124 4.05057,
	3.20505 4.03532,
	3.20887 4.0296,
	3.21458 4.03723,
	3.22411 4.02198,
	3.2527 4.00102,
	3.25841 3.99721,
	3.26604 4.00292,
	3.27366 4.00483,
	3.30415 3.99149,
	3.3194 3.98387,
	3.32702 3.98196,
	3.34227 3.98958,
	3.34036 3.99721,
	3.34798 4.01245,
	3.3518 4.02008,
	3.3537 4.05057,
	3.35942 4.08106,
	3.36132 4.08868,
	3.35942 4.09631,
	3.3518 4.10202,
	3.3537 4.11727,
	3.35561 4.12108,
	3.34417 4.15157,
	3.33846 4.16682,
	3.34036 4.18206,
	3.34227 4.18969,
	3.32893 4.20112,
	3.31749 4.21637,
	3.30415 4.2278,
	3.30225 4.23542,
	3.28891 4.24686,
	3.2851 4.24876,
	3.28891 4.25639,
	3.25841 4.28307,
	3.24317 4.29069,
	3.23555 4.2926,
	3.2203 4.29069,
	3.21268 4.29069,
	3.21077 4.29069,
	3.21268 4.29069,
	3.20505 4.2926,
	3.20124 4.29641,
	3.19934 4.30403,
	3.19553 4.30784,
	3.18028 4.30212,
	3.17647 4.30022,
	3.15169 4.3288,
	3.13645 4.33452,
	3.1212 4.33262,
	3.10596 4.32499,
	3.09071 4.32118,
	3.08309 4.31928,
	3.07928 4.31737,
	3.06403 4.3269,
	3.05641 4.33071,
	3.0526 4.3288,
	3.04878 4.33262,
	3.04878 4.33643,
	3.03354 4.34405,
	3.02592 4.34596,
	3.01829 4.35167,
	3.01448 4.35549,
	2.99924 4.34977,
	2.99161 4.34786,
	2.98971 4.34786,
	2.99542 4.34405,
	2.9878 4.34214,
	2.98018 4.34405,
	2.97446 4.33643,
	2.96112 4.34405,
	2.96493 4.35167,
	2.96684 4.35549,
	2.95921 4.37073,
	2.9535 4.37835,
	2.94587 4.37835,
	2.93063 4.37073,
	2.92682 4.36883,
	2.91348 4.38217,
	2.90776 4.36692,
	2.90585 4.36311,
	2.89823 4.3612,
	2.88299 4.36883,
	2.86965 4.38217,
	2.86202 4.38407,
	2.85631 4.3936,
	2.85821 4.40122,
	2.84868 4.43171,
	2.84678 4.43362,
	2.84487 4.426,
	2.84487 4.43362,
	2.84106 4.43553,
	2.83534 4.43171,
	2.83344 4.43934,
	2.82581 4.426,
	2.83344 4.4279,
	2.83534 4.42028,
	2.80485 4.43362,
	2.7896 4.43553,
	2.7877 4.43553,
	2.81819 4.41456,
	2.80294 4.42028,
	2.80104 4.42409,
	2.78579 4.426,
	2.78198 4.426,
	2.77626 4.43362,
	2.77436 4.43743,
	2.78198 4.43362,
	2.7877 4.44124,
	2.7877 4.44505,
	2.79151 4.43743,
	2.80104 4.45268,
	2.80485 4.45649,
	2.78008 4.48698,
	2.77626 4.4927,
	2.76864 4.48507,
	2.74577 4.51557,
	2.74006 4.52128,
	2.73815 4.5251,
	2.73053 4.52128,
	2.7229 4.52319,
	2.721 4.53653,
	2.71338 4.53081,
	2.71147 4.54606,
	2.70956 4.55368,
	2.69813 4.56893,
	2.69241 4.58417,
	2.68479 4.58608,
	2.66954 4.58227,
	2.66573 4.58227,
	2.6562 4.56702,
	2.65049 4.55368,
	2.64477 4.5613,
	2.6543 4.57655,
	2.66001 4.58417,
	2.66764 4.58798,
	2.66954 4.5937,
	2.66383 4.60132,
	2.6562 4.60132,
	2.64477 4.61657,
	2.63715 4.62419,
	2.62952 4.6261,
	2.62762 4.62419,
	2.61999 4.628,
	2.61237 4.62419,
	2.60856 4.62229,
	2.60665 4.60704,
	2.60475 4.60514,
	2.59713 4.60895,
	2.59522 4.61085,
	2.60284 4.61657,
	2.59713 4.63182,
	2.59522 4.63563,
	2.60284 4.63563,
	2.60665 4.63563,
	2.60094 4.65087,
	2.58569 4.66421,
	2.59331 4.66421,
	2.59522 4.66231,
	2.60284 4.66612,
	2.60665 4.66993,
	2.59522 4.68518,
	2.5876 4.68708,
	2.57997 4.68518,
	2.57045 4.69852,
	2.56663 4.69852,
	2.5571 4.71186,
	2.54186 4.71567,
	2.53614 4.71757,
	2.54376 4.7252,
	2.54567 4.71948,
	2.54758 4.72329,
	2.52661 4.75378,
	2.51899 4.75188,
	2.51708 4.74997,
	2.50184 4.7595,
	2.49422 4.7595,
	2.4904 4.7595,
	2.4885 4.76712,
	2.48659 4.77093,
	2.47135 4.77284,
	2.46372 4.77093,
	2.43323 4.78428,
	2.40655 4.80143,
	2.39893 4.80333,
	2.39512 4.83382,
	2.38749 4.84907,
	2.357 4.85288,
	2.34938 4.85098,
	2.33413 4.85288,
	2.32651 4.85479,
	2.32079 4.8605,
	2.31698 4.8586,
	2.30174 4.86432,
	2.28649 4.86432,
	2.27124 4.8605,
	2.256 4.86622,
	2.22551 4.88528,
	2.19502 4.88909,
	2.17977 4.87956,
	2.17024 4.86813,
	2.17215 4.86432,
	2.16834 4.85669,
	2.16262 4.86241,
	2.16071 4.85479,
	2.14547 4.84335,
	2.13403 4.83001,
	2.12641 4.8243,
	2.1245 4.8262,
	2.12641 4.82811,
	2.1245 4.83001,
	2.09592 4.81096,
	2.09211 4.80333,
	2.06161 4.77475,
	2.04637 4.77093,
	2.03875 4.76903,
	2.03112 4.77093,
	2.01588 4.76712,
	2.00825 4.7595,
	2.01016 4.75759,
	2.00254 4.75569,
	1.99491 4.7595,
	1.9911 4.75188,
	1.9911 4.74425,
	1.98348 4.73854,
	1.95299 4.73091,
	1.94727 4.7271,
	1.93965 4.73091,
	1.9244 4.7271,
	1.91678 4.7252,
	1.90916 4.71757,
	1.90725 4.71376,
	1.892 4.72901,
	1.88629 4.73663,
	1.88248 4.73854,
	1.87866 4.73663,
	1.87485 4.73854,
	1.87104 4.73663,
	1.87295 4.73473,
	1.87104 4.73282,
	1.87295 4.72901,
	1.86532 4.72329,
	1.87295 4.71567,
	1.85961 4.70423,
	1.8558 4.69661,
	1.85389 4.6928,
	1.8558 4.68518,
	1.84627 4.66993,
	1.84055 4.65469,
	1.83674 4.64706,
	1.82149 4.63563,
	1.81577 4.62991,
	1.81577 4.62229,
	"/>
</Transform>

<Transform dim="6"
 xcoef=" 0.0925077492284508 0.998543026644729 -0.0100712961618164 0 0 0"
 ycoef=" 0.224452645116536 -0.00237123459751437 0.975240597849761 0 0 0">
<Contour name="d04" hidden="false" closed="true" simplified="true" border="1 0 0" fill="1 0 0" mode="11"
 points="3.73842 3.63059,
	3.74735 3.67824,
	3.76224 3.72588,
	3.78309 3.77352,
	3.78606 3.78543,
	3.82478 3.83308,
	3.92006 3.80925,
	4.11064 3.78245,
	4.20592 3.78543,
	4.21783 3.78543,
	4.26548 3.82414,
	4.27739 3.83308,
	4.28036 3.88072,
	4.27441 3.89263,
	4.22677 3.93134,
	4.20294 3.94623,
	4.10766 3.96707,
	4.06001 3.97601,
	3.96473 4.00578,
	3.86944 4.0296,
	3.8218 4.03556,
	3.79798 4.03854,
	3.75033 4.01472,
	3.72651 3.99983,
	3.7146 3.98792,
	3.70269 3.9641,
	3.69673 3.94027,
	3.69376 3.92836,
	3.70269 3.88072,
	3.70864 3.8569,
	3.66398 3.76161,
	3.64909 3.73779,
	3.64611 3.73183,
	3.66398 3.68419,
	3.67291 3.66037,
	3.67291 3.65441,
	3.69376 3.63952,
	3.71758 3.63059,
	3.72949 3.62761,
	3.73247 3.62761,
	"/>
</Transform>

<Transform dim="6"
 xcoef=" 0.0925077492284508 0.998543026644729 -0.0100712961618164 0 0 0"
 ycoef=" 0.224452645116536 -0.00237123459751437 0.975240597849761 0 0 0">
<Contour name="d04" hidden="false" closed="true" simplified="true" border="1 0 0" fill="1 0 0" mode="11"
 points="0.870867 3.88399,
	0.90373 3.81826,
	0.920162 3.7854,
	0.928377 3.76897,
	0.944809 3.75253,
	0.953024 3.74432,
	0.957132 3.74021,
	0.973564 3.74226,
	0.981779 3.74637,
	0.983833 3.87782,
	0.985887 3.91069,
	1.00232 3.97641,
	1.01053 4.00928,
	1.0167 4.02571,
	1.02286 4.03392,
	1.02902 4.03803,
	1.02902 4.04625,
	1.02902 4.05035,
	1.03313 4.05446,
	1.04134 4.05035,
	1.06599 4.08322,
	1.07626 4.09965,
	1.07831 4.10376,
	1.11118 4.10992,
	1.12761 4.11403,
	1.15431 4.14689,
	1.16869 4.16332,
	1.17485 4.17154,
	1.20771 4.19002,
	1.22414 4.20234,
	1.2529 4.23521,
	1.26111 4.24137,
	1.25906 4.24548,
	1.2262 4.24137,
	1.21798 4.24137,
	1.15226 4.19413,
	1.11939 4.16948,
	1.05572 4.10376,
	1.02902 4.07089,
	0.996157 4.04419,
	0.987941 4.04214,
	0.938647 3.97641,
	0.905784 3.94971,
	0.872921 3.93944,
	0.870867 3.90658,
	0.870867 3.89015,
	0.870867 3.88604,
	"/>
</Transform>

<Transform dim="6"
 xcoef=" 0.0925077492284508 0.998543026644729 -0.0100712961618164 0 0 0"
 ycoef=" 0.224452645116536 -0.00237123459751437 0.975240597849761 0 0 0">
<Contour name="d04" hidden="false" closed="true" simplified="true" border="1 0 0" fill="1 0 0" mode="11"
 points="1.49732 4.3112,
	1.54045 4.24548,
	1.55072 4.22905,
	1.55688 4.22083,
	1.62261 4.17564,
	1.63904 4.16332,
	1.6719 4.14894,
	1.68012 4.14483,
	1.68422 4.14278,
	1.70066 4.1551,
	1.70476 4.15921,
	1.69039 4.19208,
	1.6719 4.22494,
	1.61028 4.29066,
	1.59385 4.30504,
	1.52813 4.32763,
	1.51169 4.3338,
	1.50142 4.31737,
	1.49937 4.31326,
	"/>
</Transform>

<Transform dim="6"
 xcoef=" 0.0925077492284508 0.998543026644729 -0.0100712961618164 0 0 0"
 ycoef=" 0.224452645116536 -0.00237123459751437 0.975240597849761 0 0 0">
<Contour name="d04c03" hidden="false" closed="true" simplified="true" border="1 0 0.5" fill="1 0 1" mode="11"
 points="1.65632 2.28753,
	1.67531 2.27804,
	1.6848 2.27329,
	1.68954 2.27092,
	1.75836 2.34448,
	1.82243 2.42041,
	1.85328 2.45838,
	1.92921 2.48211,
	1.9482 2.48923,
	1.95769 2.4916,
	1.96481 2.49872,
	1.96481 2.51771,
	1.96243 2.52245,
	1.8865 2.52482,
	1.81056 2.48448,
	1.7726 2.4655,
	1.75361 2.45601,
	1.72988 2.41804,
	1.72039 2.39906,
	1.68717 2.36109,
	1.6848 2.35872,
	1.68717 2.35634,
	1.68954 2.35872,
	1.68954 2.35397,
	1.67293 2.33499,
	1.66581 2.3255,
	1.65632 2.2899,
	"/>
</Transform>

<Transform dim="6"
 xcoef=" 0.0925077492284508 0.998543026644729 -0.0100712961618164 0 0 0"
 ycoef=" 0.224452645116536 -0.00237123459751437 0.975240597849761 0 0 0">
<Contour name="d04cfa03" hidden="false" closed="false" simplified="false" border="1 0 0.5" fill="1 0 0.5" mode="-13"
 points="1.96173 2.51346,
	1.91665 2.50634,
	1.7719 2.42329,
	1.66511 2.27617,
	"/>
</Transform>

<Transform dim="6"
 xcoef=" 0.0925077492284508 0.998543026644729 -0.0100712961618164 0 0 0"
 ycoef=" 0.224452645116536 -0.00237123459751437 0.975240597849761 0 0 0">
<Contour name="d13c10b" hidden="false" closed="true" simplified="true" border="0 1 1" fill="0 1 1" mode="11"
 points="3.10077 3.12377,
	3.10588 3.10333,
	3.10716 3.09822,
	3.1276 3.09438,
	3.13271 3.0931,
	3.17359 3.13016,
	3.19404 3.14421,
	3.21448 3.15443,
	3.2247 3.16082,
	3.22981 3.16337,
	3.23875 3.18382,
	3.24386 3.19404,
	3.24514 3.20426,
	3.24642 3.20937,
	3.24514 3.21448,
	3.23492 3.22214,
	3.23236 3.22342,
	3.21192 3.21831,
	3.20681 3.21703,
	3.19659 3.20937,
	3.15571 3.17104,
	3.11482 3.13654,
	3.1046 3.12888,
	3.10077 3.12505,
	"/>
</Transform>

<Transform dim="6"
 xcoef=" 0.0925077492284508 0.998543026644729 -0.0100712961618164 0 0 0"
 ycoef=" 0.224452645116536 -0.00237123459751437 0.975240597849761 0 0 0">
<Contour name="d13cfa10b" hidden="false" closed="false" simplified="false" border="0 1 1" fill="0 1 1" mode="9"
 points="3.10116 3.10532,
	3.11904 3.12704,
	3.19698 3.17559,
	3.24297 3.2152,
	"/>
</Transform>

<Transform dim="6"
 xcoef=" 0.0925077492284508 0.998543026644729 -0.0100712961618164 0 0 0"
 ycoef=" 0.224452645116536 -0.00237123459751437 0.975240597849761 0 0 0">
<Contour name="d04" hidden="false" closed="true" simplified="true" border="1 0 0" fill="1 0 0" mode="11"
 points="1.31215 2.28497,
	1.31762 2.24122,
	1.32036 2.21934,
	1.32173 2.20841,
	1.32309 2.20294,
	1.32309 2.20157,
	1.32583 2.19883,
	1.33677 2.2043,
	1.42427 2.21934,
	1.46803 2.21934,
	1.47349 2.21798,
	1.47623 2.21251,
	1.4817 2.20704,
	1.4899 2.18516,
	1.494 2.17422,
	1.49811 2.16875,
	1.50084 2.16602,
	1.50084 2.16328,
	1.50904 2.15508,
	1.51178 2.14961,
	1.51178 2.14414,
	1.51178 2.14141,
	1.51861 2.13047,
	1.52135 2.125,
	1.52135 2.12227,
	1.52408 2.1209,
	1.52408 2.11816,
	1.52682 2.11543,
	1.52682 2.1127,
	1.52955 2.10996,
	1.52955 2.10723,
	1.53229 2.10586,
	1.53365 2.09492,
	1.53639 2.08945,
	1.53912 2.06757,
	1.53912 2.0457,
	1.53912 2.04296,
	1.55963 1.95546,
	1.56373 1.93358,
	1.56647 1.92264,
	1.57331 1.9117,
	1.59382 1.88983,
	1.60475 1.87889,
	1.61022 1.87342,
	1.61159 1.87205,
	1.65534 1.90624,
	1.66628 1.91717,
	1.67175 1.92264,
	1.67312 1.92538,
	1.6444 2.01288,
	1.63347 2.05664,
	1.62526 2.10039,
	1.62116 2.14414,
	1.61843 2.16602,
	1.61706 2.17696,
	1.61706 2.18243,
	1.62526 2.2043,
	1.68542 2.29181,
	1.76473 2.37932,
	1.80574 2.42307,
	1.8495 2.45998,
	1.937 2.51741,
	1.95888 2.52972,
	1.96982 2.53655,
	2.00947 2.57894,
	2.03135 2.60082,
	2.03681 2.60628,
	2.03955 2.60765,
	2.02041 2.69516,
	2.01494 2.71703,
	2.0122 2.72797,
	2.01084 2.73344,
	1.92333 2.77993,
	1.91239 2.7854,
	1.90692 2.78813,
	1.90419 2.7895,
	1.72918 2.73207,
	1.68542 2.74028,
	1.67448 2.74165,
	1.66355 2.74575,
	1.61979 2.72387,
	1.57604 2.69789,
	1.55416 2.67875,
	1.54323 2.66918,
	1.53776 2.66508,
	1.51588 2.66781,
	1.50494 2.66781,
	1.50084 2.66508,
	1.4899 2.6432,
	1.45845 2.55569,
	1.44478 2.51194,
	1.44752 2.42444,
	1.45025 2.40256,
	1.45162 2.39162,
	1.46803 2.34787,
	1.47896 2.32599,
	1.4858 2.31505,
	1.4899 2.30958,
	1.49264 2.28771,
	1.49127 2.28224,
	1.48717 2.27814,
	1.39966 2.27677,
	1.37778 2.27814,
	1.33403 2.29728,
	1.32309 2.30275,
	1.31762 2.30138,
	1.31215 2.29044,
	1.31215 2.28634,
	"/>
</Transform>

<Transform dim="6"
 xcoef=" 0.0925077492284508 0.998543026644729 -0.0100712961618164 0 0 0"
 ycoef=" 0.224452645116536 -0.00237123459751437 0.975240597849761 0 0 0">
<Contour name="d01" hidden="false" closed="true" simplified="true" border="1 1 0" fill="1 0.5 0" mode="9"
 points="4.21168 4.42717,
	4.23097 4.40144,
	4.23419 4.395,
	4.24706 4.38535,
	4.28083 4.33389,
	4.29208 4.32103,
	4.30656 4.2953,
	4.3162 4.26957,
	4.31942 4.2567,
	4.33389 4.23097,
	4.35319 4.20524,
	4.36927 4.17951,
	4.38214 4.17147,
	4.40787 4.16343,
	4.42073 4.15861,
	4.4336 4.15057,
	4.44003 4.14574,
	4.4529 4.14092,
	4.47863 4.1361,
	4.50436 4.1377,
	4.51722 4.13931,
	4.54295 4.13288,
	4.56868 4.13288,
	4.58155 4.13127,
	4.59441 4.12645,
	4.60728 4.1168,
	4.63301 4.10876,
	4.65874 4.10876,
	4.68447 4.13288,
	4.7102 4.15218,
	4.71984 4.16504,
	4.74557 4.18434,
	4.75683 4.1956,
	4.76166 4.20203,
	4.76487 4.21489,
	4.76326 4.22776,
	4.76487 4.24062,
	4.76487 4.24706,
	4.76809 4.25349,
	4.78095 4.26314,
	4.7906 4.276,
	4.80186 4.30173,
	4.80347 4.3146,
	4.80507 4.32103,
	4.79543 4.34676,
	4.79221 4.35319,
	4.7906 4.35641,
	4.80025 4.36927,
	4.80347 4.37249,
	4.80507 4.38535,
	4.80186 4.39822,
	4.80025 4.40465,
	4.81312 4.41752,
	4.81794 4.42395,
	4.81955 4.42717,
	4.81312 4.44003,
	4.81151 4.44646,
	4.81633 4.47219,
	4.81955 4.47863,
	4.81472 4.50436,
	4.8099 4.51722,
	4.79703 4.52365,
	4.7906 4.52687,
	4.78417 4.53973,
	4.77934 4.56546,
	4.7697 4.59119,
	4.76648 4.59763,
	4.76487 4.60084,
	4.76648 4.61371,
	4.76326 4.62657,
	4.76326 4.62979,
	4.75361 4.64265,
	4.74075 4.65552,
	4.73271 4.68125,
	4.7311 4.68768,
	4.67964 4.72467,
	4.66678 4.73593,
	4.61532 4.74557,
	4.58959 4.74879,
	4.57672 4.74879,
	4.55099 4.76809,
	4.53813 4.77934,
	4.52526 4.78739,
	4.5124 4.79221,
	4.46094 4.77774,
	4.44807 4.77452,
	4.42395 4.75844,
	4.42234 4.73271,
	4.41108 4.72145,
	4.35962 4.69251,
	4.33389 4.67964,
	4.32264 4.66838,
	4.31781 4.65552,
	4.31781 4.64265,
	4.31781 4.63622,
	4.31781 4.63301,
	4.29852 4.60728,
	4.29369 4.59441,
	4.29047 4.58798,
	4.29047 4.57511,
	4.29047 4.56868,
	4.28083 4.54295,
	4.27279 4.53009,
	4.25188 4.50436,
	4.24062 4.4931,
	4.23258 4.48023,
	4.22937 4.46737,
	4.2165 4.44164,
	4.21168 4.42877,
	"/>
</Transform>

<Transform dim="6"
 xcoef=" 0.0925077492284508 0.998543026644729 -0.0100712961618164 0 0 0"
 ycoef=" 0.224452645116536 -0.00237123459751437 0.975240597849761 0 0 0">
<Contour name="d02" hidden="false" closed="true" simplified="true" border="0.5 0 1" fill="0.5 0 1" mode="11"
 points="6.89931 4.10734,
	6.9061 4.09376,
	6.9078 4.08697,
	6.93156 4.06661,
	6.94514 4.05812,
	6.95872 4.05982,
	6.96211 4.05982,
	6.97229 4.07339,
	6.98587 4.08697,
	6.99945 4.09376,
	7.01303 4.10734,
	7.02491 4.11752,
	7.04358 4.14468,
	7.05546 4.15656,
	7.06055 4.17014,
	7.06055 4.18372,
	7.05885 4.1905,
	7.05885 4.1939,
	7.05376 4.20069,
	7.05206 4.20748,
	7.04018 4.21936,
	7.03679 4.22275,
	7.02321 4.22784,
	7.00963 4.22615,
	6.99606 4.22106,
	6.98248 4.22106,
	6.9689 4.22615,
	6.96211 4.22615,
	6.95023 4.21427,
	6.94514 4.20748,
	6.94344 4.20069,
	6.93326 4.18881,
	6.93326 4.18541,
	6.92138 4.17353,
	6.91628 4.15995,
	6.91459 4.14638,
	6.91459 4.13959,
	6.9095 4.1328,
	6.9095 4.1294,
	6.9044 4.12261,
	6.90101 4.11922,
	6.89931 4.11243,
	6.89931 4.10904,
	"/>
<Contour name="d02" hidden="false" closed="true" simplified="true" border="0.5 0 1" fill="0.5 0 1" mode="11"
 points="5.34633 3.59986,
	5.34973 3.59817,
	5.34803 3.57101,
	5.35142 3.55743,
	5.35821 3.54555,
	5.365 3.54046,
	5.36839 3.53706,
	5.38197 3.53367,
	5.38537 3.53367,
	5.38876 3.53028,
	5.40234 3.53197,
	5.40913 3.53537,
	5.42101 3.54725,
	5.44477 3.56592,
	5.45326 3.5795,
	5.45835 3.59307,
	5.45495 3.62023,
	5.45665 3.63381,
	5.46853 3.66096,
	5.47362 3.67454,
	5.47193 3.68133,
	5.46005 3.69151,
	5.44647 3.69661,
	5.43289 3.69661,
	5.41083 3.67454,
	5.38367 3.65757,
	5.37688 3.65417,
	5.3633 3.6406,
	5.34973 3.61344,
	5.34633 3.60156,
	"/>
<Contour name="d02" hidden="false" closed="true" simplified="true" border="0.5 0 1" fill="0.5 0 1" mode="11"
 points="5.41931 3.09069,
	5.43119 3.07881,
	5.45835 3.07202,
	5.51266 3.07711,
	5.56697 3.0856,
	5.57376 3.08729,
	5.58734 3.09578,
	5.59073 3.09917,
	5.59752 3.09917,
	5.60431 3.10257,
	5.60771 3.10257,
	5.6111 3.10596,
	5.63826 3.11106,
	5.65184 3.11275,
	5.66372 3.12124,
	5.66711 3.12463,
	5.66711 3.12803,
	5.69087 3.15518,
	5.70445 3.16367,
	5.71463 3.17385,
	5.72821 3.18064,
	5.74179 3.18064,
	5.75537 3.17216,
	5.75876 3.16537,
	5.76555 3.15858,
	5.77743 3.15179,
	5.78083 3.15179,
	5.78422 3.14839,
	5.81138 3.15009,
	5.81477 3.15349,
	5.81817 3.15349,
	5.83174 3.16367,
	5.84532 3.16876,
	5.85211 3.17216,
	5.87927 3.17385,
	5.90642 3.17895,
	5.92 3.18064,
	5.92679 3.18234,
	5.93188 3.17555,
	5.94546 3.16876,
	5.95225 3.16537,
	5.96583 3.16537,
	5.9794 3.16876,
	5.98619 3.17046,
	5.99977 3.16706,
	6.00656 3.16197,
	6.01335 3.16028,
	6.02693 3.15179,
	6.08124 3.1433,
	6.09482 3.1433,
	6.10161 3.1433,
	6.11518 3.15009,
	6.14234 3.15688,
	6.15592 3.16876,
	6.15931 3.17046,
	6.17289 3.16876,
	6.20005 3.17216,
	6.2272 3.17046,
	6.25436 3.16197,
	6.26794 3.15688,
	6.28151 3.15858,
	6.2883 3.16028,
	6.2917 3.16028,
	6.30528 3.17216,
	6.31206 3.17555,
	6.36638 3.17725,
	6.37995 3.17895,
	6.40711 3.19761,
	6.45973 3.22647,
	6.4733 3.23326,
	6.48009 3.23495,
	6.48349 3.23835,
	6.51064 3.24684,
	6.52422 3.25193,
	6.53101 3.25532,
	6.5344 3.25532,
	6.5378 3.25872,
	6.54119 3.25872,
	6.55477 3.2672,
	6.5972 3.31303,
	6.62945 3.36734,
	6.63115 3.37413,
	6.64812 3.39959,
	6.66849 3.42674,
	6.67188 3.43184,
	6.69904 3.44032,
	6.72619 3.4522,
	6.73298 3.4539,
	6.73638 3.45729,
	6.74995 3.46069,
	6.77711 3.47427,
	6.78899 3.48615,
	6.79408 3.49294,
	6.79748 3.52009,
	6.79578 3.54725,
	6.79917 3.5744,
	6.79917 3.58798,
	6.80257 3.60156,
	6.81784 3.62702,
	6.82294 3.6406,
	6.82463 3.64739,
	6.82294 3.66096,
	6.82463 3.66775,
	6.83991 3.69321,
	6.83991 3.69661,
	6.8433 3.7,
	6.84161 3.71358,
	6.82803 3.74073,
	6.82124 3.75261,
	6.81784 3.76619,
	6.81445 3.77298,
	6.81275 3.78656,
	6.80087 3.81372,
	6.79917 3.8205,
	6.79578 3.8239,
	6.79578 3.83748,
	6.7856 3.86463,
	6.7839 3.89179,
	6.77202 3.91895,
	6.76014 3.93083,
	6.75335 3.93592,
	6.72619 3.9444,
	6.7194 3.9495,
	6.71601 3.95628,
	6.70243 3.96817,
	6.68885 3.97156,
	6.68206 3.97156,
	6.67528 3.97495,
	6.66849 3.97495,
	6.64133 3.98514,
	6.63454 3.99023,
	6.60739 4.00041,
	6.59381 4.00041,
	6.58362 4.0106,
	6.57514 4.02417,
	6.56156 4.03096,
	6.5344 4.03945,
	6.52252 4.05133,
	6.51913 4.05812,
	6.51234 4.06321,
	6.50895 4.06321,
	6.50555 4.06661,
	6.47839 4.07509,
	6.46482 4.07679,
	6.45124 4.08188,
	6.44615 4.08528,
	6.44275 4.09206,
	6.43596 4.09716,
	6.42239 4.09885,
	6.40881 4.09716,
	6.38165 4.08528,
	6.3545 4.08358,
	6.34092 4.08188,
	6.31376 4.07339,
	6.30018 4.0717,
	6.29339 4.0717,
	6.28661 4.0683,
	6.28321 4.0683,
	6.27642 4.06321,
	6.26284 4.05812,
	6.23569 4.05642,
	6.22211 4.04963,
	6.20684 4.03606,
	6.15252 4.03266,
	6.14573 4.03266,
	6.13895 4.02757,
	6.13555 4.02757,
	6.12197 4.01739,
	6.06766 3.98853,
	6.05578 3.97835,
	6.05069 3.97156,
	6.04899 3.96647,
	6.03541 3.95798,
	6.02184 3.9444,
	5.99977 3.92064,
	5.99128 3.90706,
	5.99128 3.90367,
	5.98789 3.90028,
	5.98789 3.89688,
	5.97431 3.89009,
	5.96073 3.87821,
	5.93867 3.85275,
	5.91151 3.83069,
	5.89794 3.8239,
	5.88606 3.81372,
	5.8589 3.80014,
	5.83174 3.78317,
	5.82835 3.78317,
	5.77404 3.74752,
	5.74858 3.72376,
	5.72651 3.70509,
	5.72312 3.70509,
	5.71803 3.7,
	5.71124 3.6983,
	5.70445 3.69321,
	5.70106 3.69321,
	5.69766 3.68982,
	5.69427 3.68982,
	5.68748 3.68473,
	5.66032 3.68303,
	5.64674 3.67794,
	5.63317 3.66775,
	5.62807 3.66096,
	5.62638 3.64739,
	5.62807 3.63381,
	5.63486 3.63041,
	5.64165 3.62362,
	5.64674 3.61174,
	5.64844 3.59817,
	5.65353 3.58459,
	5.65523 3.5778,
	5.65862 3.5744,
	5.66032 3.56083,
	5.66032 3.55404,
	5.66541 3.54725,
	5.66711 3.54046,
	5.67899 3.53028,
	5.67899 3.52688,
	5.68239 3.52518,
	5.68408 3.51839,
	5.70275 3.49124,
	5.71803 3.46408,
	5.72142 3.45729,
	5.72142 3.4539,
	5.72651 3.44711,
	5.72821 3.44032,
	5.73839 3.42674,
	5.74518 3.41317,
	5.74858 3.40638,
	5.75028 3.37922,
	5.75197 3.36564,
	5.75028 3.35206,
	5.75537 3.33849,
	5.75706 3.32491,
	5.74858 3.29775,
	5.74349 3.28417,
	5.73161 3.2706,
	5.72821 3.2672,
	5.70106 3.25532,
	5.68748 3.25023,
	5.63317 3.24684,
	5.62638 3.24684,
	5.6128 3.24174,
	5.60601 3.23835,
	5.60262 3.23835,
	5.58904 3.22817,
	5.58055 3.21628,
	5.56867 3.20271,
	5.56188 3.19761,
	5.55849 3.19761,
	5.55339 3.19252,
	5.53982 3.18743,
	5.51266 3.18743,
	5.49908 3.18404,
	5.48041 3.15858,
	5.47362 3.145,
	5.46344 3.13142,
	5.44986 3.12124,
	5.43628 3.11445,
	5.4244 3.10427,
	5.41931 3.09239,
	"/>
</Transform>

<Transform dim="6"
 xcoef=" 0.0925077492284508 0.998543026644729 -0.0100712961618164 0 0 0"
 ycoef=" 0.224452645116536 -0.00237123459751437 0.975240597849761 0 0 0">
<Contour name="d13" hidden="false" closed="true" simplified="true" border="1 1 0" fill="1 1 0" mode="11"
 points="0.790413 0.81933,
	0.796839 0.806478,
	0.796839 0.800052,
	0.816117 0.774347,
	0.841822 0.771134,
	0.893231 0.806478,
	0.915722 0.825756,
	0.925361 0.838609,
	0.931787 0.864313,
	0.931787 0.877165,
	0.94464 0.90287,
	0.951066 0.915722,
	0.951066 0.928574,
	0.94464 0.941427,
	0.931787 0.947853,
	0.918935 0.947853,
	0.912509 0.941427,
	0.864313 0.922148,
	0.851461 0.915722,
	0.838609 0.90287,
	0.828969 0.896444,
	0.803265 0.870739,
	0.793626 0.857887,
	0.790413 0.832183,
	0.790413 0.822543,
	"/>
</Transform>

<Transform dim="6"
 xcoef=" 0.0925077492284508 0.998543026644729 -0.0100712961618164 0 0 0"
 ycoef=" 0.224452645116536 -0.00237123459751437 0.975240597849761 0 0 0">
<Contour name="d01ax08b2ssvr229" hidden="false" closed="true" simplified="false" border="0.5 0 1" fill="0.5 0 1" mode="9"
 points="3.41492 4.7874,
	3.40713 4.7848,
	3.41492 4.7822,
	3.40973 4.77441,
	3.41752 4.7796,
	3.42012 4.77181,
	3.42272 4.7796,
	3.43051 4.77441,
	3.42531 4.7822,
	3.43311 4.7848,
	3.42531 4.7874,
	3.43051 4.79519,
	3.42272 4.78999,
	3.42012 4.79779,
	3.41752 4.78999,
	3.40973 4.79519,
	"/>
<Contour name="d01ax08b2ssvr230" hidden="false" closed="true" simplified="false" border="0.5 0 1" fill="0.5 0 1" mode="9"
 points="3.32661 4.83675,
	3.31881 4.83415,
	3.32661 4.83156,
	3.32141 4.82376,
	3.3292 4.82896,
	3.3318 4.82117,
	3.3344 4.82896,
	3.34219 4.82376,
	3.337 4.83156,
	3.34479 4.83415,
	3.337 4.83675,
	3.34219 4.84454,
	3.3344 4.83935,
	3.3318 4.84714,
	3.3292 4.83935,
	3.32141 4.84454,
	"/>
<Contour name="d01ax08b2ssvr231" hidden="false" closed="true" simplified="false" border="0.5 0 1" fill="0.5 0 1" mode="9"
 points="3.26427 4.86273,
	3.25647 4.86013,
	3.26427 4.85753,
	3.25907 4.84974,
	3.26686 4.85493,
	3.26946 4.84714,
	3.27206 4.85493,
	3.27985 4.84974,
	3.27466 4.85753,
	3.28245 4.86013,
	3.27466 4.86273,
	3.27985 4.87052,
	3.27206 4.86532,
	3.26946 4.87312,
	3.26686 4.86532,
	3.25907 4.87052,
	"/>
<Contour name="d01ax08b2ssvr232" hidden="false" closed="true" simplified="false" border="0.5 0 1" fill="0.5 0 1" mode="9"
 points="3.25907 4.91468,
	3.25128 4.91208,
	3.25907 4.90948,
	3.25388 4.90169,
	3.26167 4.90688,
	3.26427 4.89909,
	3.26686 4.90688,
	3.27466 4.90169,
	3.26946 4.90948,
	3.27725 4.91208,
	3.26946 4.91468,
	3.27466 4.92247,
	3.26686 4.91727,
	3.26427 4.92507,
	3.26167 4.91727,
	3.25388 4.92247,
	"/>
<Contour name="d01ax08b2ssvr233" hidden="false" closed="true" simplified="false" border="0.5 0 1" fill="0.5 0 1" mode="9"
 points="3.28245 4.95364,
	3.27466 4.95104,
	3.28245 4.94844,
	3.27725 4.94065,
	3.28505 4.94585,
	3.28764 4.93805,
	3.29024 4.94585,
	3.29803 4.94065,
	3.29284 4.94844,
	3.30063 4.95104,
	3.29284 4.95364,
	3.29803 4.96143,
	3.29024 4.95624,
	3.28764 4.96403,
	3.28505 4.95624,
	3.27725 4.96143,
	"/>
<Contour name="d01ax08b2ssvr234" hidden="false" closed="true" simplified="false" border="0.5 0 1" fill="0.5 0 1" mode="9"
 points="3.25388 5.00559,
	3.24608 5.00299,
	3.25388 5.0004,
	3.24868 4.9926,
	3.25647 4.9978,
	3.25907 4.99001,
	3.26167 4.9978,
	3.26946 4.9926,
	3.26427 5.0004,
	3.27206 5.00299,
	3.26427 5.00559,
	3.26946 5.01338,
	3.26167 5.00819,
	3.25907 5.01598,
	3.25647 5.00819,
	3.24868 5.01338,
	"/>
<Contour name="d01ax08b2ssvr235" hidden="false" closed="true" simplified="false" border="0.5 0 1" fill="0.5 0 1" mode="9"
 points="3.30583 5.12248,
	3.29803 5.11988,
	3.30583 5.11728,
	3.30063 5.10949,
	3.30842 5.11469,
	3.31102 5.10689,
	3.31362 5.11469,
	3.32141 5.10949,
	3.31622 5.11728,
	3.32401 5.11988,
	3.31622 5.12248,
	3.32141 5.13027,
	3.31362 5.12508,
	3.31102 5.13287,
	3.30842 5.12508,
	3.30063 5.13027,
	"/>
<Contour name="d01ax08b2ssvr236" hidden="false" closed="true" simplified="false" border="0.5 0 1" fill="0.5 0 1" mode="9"
 points="3.33959 5.15365,
	3.3318 5.15105,
	3.33959 5.14846,
	3.3344 5.14066,
	3.34219 5.14586,
	3.34479 5.13807,
	3.34739 5.14586,
	3.35518 5.14066,
	3.34999 5.14846,
	3.35778 5.15105,
	3.34999 5.15365,
	3.35518 5.16144,
	3.34739 5.15625,
	3.34479 5.16404,
	3.34219 5.15625,
	3.3344 5.16144,
	"/>
<Contour name="d01ax08b2ssvr237" hidden="false" closed="true" simplified="false" border="0.5 0 1" fill="0.5 0 1" mode="9"
 points="3.38635 5.19002,
	3.37856 5.18742,
	3.38635 5.18482,
	3.38116 5.17703,
	3.38895 5.18222,
	3.39155 5.17443,
	3.39414 5.18222,
	3.40194 5.17703,
	3.39674 5.18482,
	3.40453 5.18742,
	3.39674 5.19002,
	3.40194 5.19781,
	3.39414 5.19261,
	3.39155 5.20041,
	3.38895 5.19261,
	3.38116 5.19781,
	"/>
<Contour name="d01ax08b2ssvr238" hidden="false" closed="true" simplified="false" border="0.5 0 1" fill="0.5 0 1" mode="9"
 points="3.43311 5.19002,
	3.42531 5.18742,
	3.43311 5.18482,
	3.42791 5.17703,
	3.4357 5.18222,
	3.4383 5.17443,
	3.4409 5.18222,
	3.44869 5.17703,
	3.4435 5.18482,
	3.45129 5.18742,
	3.4435 5.19002,
	3.44869 5.19781,
	3.4409 5.19261,
	3.4383 5.20041,
	3.4357 5.19261,
	3.42791 5.19781,
	"/>
<Contour name="d01ax08b2ssvr239" hidden="false" closed="true" simplified="false" border="0.5 0 1" fill="0.5 0 1" mode="9"
 points="3.36297 5.11469,
	3.35518 5.11209,
	3.36297 5.10949,
	3.35778 5.1017,
	3.36557 5.10689,
	3.36817 5.0991,
	3.37077 5.10689,
	3.37856 5.1017,
	3.37336 5.10949,
	3.38116 5.11209,
	3.37336 5.11469,
	3.37856 5.12248,
	3.37077 5.11728,
	3.36817 5.12508,
	3.36557 5.11728,
	3.35778 5.12248,
	"/>
<Contour name="d01ax08b2ssvr240" hidden="false" closed="true" simplified="false" border="0.5 0 1" fill="0.5 0 1" mode="9"
 points="3.34479 5.07832,
	3.337 5.07572,
	3.34479 5.07313,
	3.33959 5.06533,
	3.34739 5.07053,
	3.34999 5.06274,
	3.35258 5.07053,
	3.36038 5.06533,
	3.35518 5.07313,
	3.36297 5.07572,
	3.35518 5.07832,
	3.36038 5.08611,
	3.35258 5.08092,
	3.34999 5.08871,
	3.34739 5.08092,
	3.33959 5.08611,
	"/>
<Contour name="d01ax08b2ssvr241" hidden="false" closed="true" simplified="false" border="0.5 0 1" fill="0.5 0 1" mode="9"
 points="3.31622 5.03416,
	3.30842 5.03157,
	3.31622 5.02897,
	3.31102 5.02118,
	3.31881 5.02637,
	3.32141 5.01858,
	3.32401 5.02637,
	3.3318 5.02118,
	3.32661 5.02897,
	3.3344 5.03157,
	3.32661 5.03416,
	3.3318 5.04196,
	3.32401 5.03676,
	3.32141 5.04455,
	3.31881 5.03676,
	3.31102 5.04196,
	"/>
<Contour name="d01ax08b2ssvr242" hidden="false" closed="true" simplified="false" border="0.5 0 1" fill="0.5 0 1" mode="9"
 points="3.58636 5.33028,
	3.57857 5.32769,
	3.58636 5.32509,
	3.58117 5.3173,
	3.58896 5.32249,
	3.59156 5.3147,
	3.59415 5.32249,
	3.60195 5.3173,
	3.59675 5.32509,
	3.60454 5.32769,
	3.59675 5.33028,
	3.60195 5.33808,
	3.59415 5.33288,
	3.59156 5.34067,
	3.58896 5.33288,
	3.58117 5.33808,
	"/>
<Contour name="d01ax08b2ssvr243" hidden="false" closed="true" simplified="false" border="0.5 0 1" fill="0.5 0 1" mode="9"
 points="3.55779 5.29392,
	3.55 5.29132,
	3.55779 5.28872,
	3.55259 5.28093,
	3.56039 5.28612,
	3.56298 5.27833,
	3.56558 5.28612,
	3.57337 5.28093,
	3.56818 5.28872,
	3.57597 5.29132,
	3.56818 5.29392,
	3.57337 5.30171,
	3.56558 5.29652,
	3.56298 5.30431,
	3.56039 5.29652,
	3.55259 5.30171,
	"/>
<Contour name="d01ax08b2ssvr244" hidden="false" closed="true" simplified="false" border="0.5 0 1" fill="0.5 0 1" mode="9"
 points="3.59675 5.26015,
	3.58896 5.25755,
	3.59675 5.25495,
	3.59156 5.24716,
	3.59935 5.25236,
	3.60195 5.24456,
	3.60454 5.25236,
	3.61234 5.24716,
	3.60714 5.25495,
	3.61493 5.25755,
	3.60714 5.26015,
	3.61234 5.26794,
	3.60454 5.26275,
	3.60195 5.27054,
	3.59935 5.26275,
	3.59156 5.26794,
	"/>
<Contour name="d01ax08b2ssvr245" hidden="false" closed="true" simplified="false" border="0.5 0 1" fill="0.5 0 1" mode="9"
 points="3.46687 5.22119,
	3.45908 5.21859,
	3.46687 5.21599,
	3.46168 5.2082,
	3.46947 5.21339,
	3.47207 5.2056,
	3.47467 5.21339,
	3.48246 5.2082,
	3.47726 5.21599,
	3.48506 5.21859,
	3.47726 5.22119,
	3.48246 5.22898,
	3.47467 5.22378,
	3.47207 5.23158,
	3.46947 5.22378,
	3.46168 5.22898,
	"/>
<Contour name="d01ax08b2ssvr246" hidden="false" closed="true" simplified="false" border="0.5 0 1" fill="0.5 0 1" mode="9"
 points="3.53701 5.17183,
	3.52922 5.16924,
	3.53701 5.16664,
	3.53181 5.15885,
	3.53961 5.16404,
	3.5422 5.15625,
	3.5448 5.16404,
	3.55259 5.15885,
	3.5474 5.16664,
	3.55519 5.16924,
	3.5474 5.17183,
	3.55259 5.17963,
	3.5448 5.17443,
	3.5422 5.18222,
	3.53961 5.17443,
	3.53181 5.17963,
	"/>
<Contour name="d01ax08b2ssvr247" hidden="false" closed="true" simplified="false" border="0.5 0 1" fill="0.5 0 1" mode="9"
 points="3.50324 5.19521,
	3.49545 5.19261,
	3.50324 5.19002,
	3.49804 5.18222,
	3.50584 5.18742,
	3.50844 5.17963,
	3.51103 5.18742,
	3.51883 5.18222,
	3.51363 5.19002,
	3.52142 5.19261,
	3.51363 5.19521,
	3.51883 5.203,
	3.51103 5.19781,
	3.50844 5.2056,
	3.50584 5.19781,
	3.49804 5.203,
	"/>
<Contour name="d01ax08b2ssvr248" hidden="false" closed="true" simplified="false" border="0.5 0 1" fill="0.5 0 1" mode="9"
 points="3.48246 5.16924,
	3.47467 5.16664,
	3.48246 5.16404,
	3.47726 5.15625,
	3.48506 5.16144,
	3.48765 5.15365,
	3.49025 5.16144,
	3.49804 5.15625,
	3.49285 5.16404,
	3.50064 5.16664,
	3.49285 5.16924,
	3.49804 5.17703,
	3.49025 5.17183,
	3.48765 5.17963,
	3.48506 5.17183,
	3.47726 5.17703,
	"/>
<Contour name="d01ax08b2ssvr249" hidden="false" closed="true" simplified="false" border="0.5 0 1" fill="0.5 0 1" mode="9"
 points="3.46168 5.13807,
	3.45389 5.13547,
	3.46168 5.13287,
	3.45648 5.12508,
	3.46428 5.13027,
	3.46687 5.12248,
	3.46947 5.13027,
	3.47726 5.12508,
	3.47207 5.13287,
	3.47986 5.13547,
	3.47207 5.13807,
	3.47726 5.14586,
	3.46947 5.14066,
	3.46687 5.14846,
	3.46428 5.14066,
	3.45648 5.14586,
	"/>
<Contour name="d01ax08b2ssvr250" hidden="false" closed="true" simplified="false" border="0.5 0 1" fill="0.5 0 1" mode="9"
 points="3.42531 5.10949,
	3.41752 5.10689,
	3.42531 5.1043,
	3.42012 5.0965,
	3.42791 5.1017,
	3.43051 5.09391,
	3.43311 5.1017,
	3.4409 5.0965,
	3.4357 5.1043,
	3.4435 5.10689,
	3.4357 5.10949,
	3.4409 5.11728,
	3.43311 5.11209,
	3.43051 5.11988,
	3.42791 5.11209,
	3.42012 5.11728,
	"/>
<Contour name="d01ax08b2ssvr251" hidden="false" closed="true" simplified="false" border="0.5 0 1" fill="0.5 0 1" mode="9"
 points="3.39934 5.06274,
	3.39155 5.06014,
	3.39934 5.05754,
	3.39414 5.04975,
	3.40194 5.05494,
	3.40453 5.04715,
	3.40713 5.05494,
	3.41492 5.04975,
	3.40973 5.05754,
	3.41752 5.06014,
	3.40973 5.06274,
	3.41492 5.07053,
	3.40713 5.06533,
	3.40453 5.07313,
	3.40194 5.06533,
	3.39414 5.07053,
	"/>
<Contour name="d01ax08b2ssvr252" hidden="false" closed="true" simplified="false" border="0.5 0 1" fill="0.5 0 1" mode="9"
 points="3.37336 5.00559,
	3.36557 5.00299,
	3.37336 5.0004,
	3.36817 4.9926,
	3.37596 4.9978,
	3.37856 4.99001,
	3.38116 4.9978,
	3.38895 4.9926,
	3.38375 5.0004,
	3.39155 5.00299,
	3.38375 5.00559,
	3.38895 5.01338,
	3.38116 5.00819,
	3.37856 5.01598,
	3.37596 5.00819,
	3.36817 5.01338,
	"/>
<Contour name="d01ax08b2ssvr253" hidden="false" closed="true" simplified="false" border="0.5 0 1" fill="0.5 0 1" mode="9"
 points="3.337 4.96922,
	3.3292 4.96663,
	3.337 4.96403,
	3.3318 4.95624,
	3.33959 4.96143,
	3.34219 4.95364,
	3.34479 4.96143,
	3.35258 4.95624,
	3.34739 4.96403,
	3.35518 4.96663,
	3.34739 4.96922,
	3.35258 4.97702,
	3.34479 4.97182,
	3.34219 4.97962,
	3.33959 4.97182,
	3.3318 4.97702,
	"/>
<Contour name="d01ax08b2ssvr254" hidden="false" closed="true" simplified="false" border="0.5 0 1" fill="0.5 0 1" mode="9"
 points="3.337 4.92507,
	3.3292 4.92247,
	3.337 4.91987,
	3.3318 4.91208,
	3.33959 4.91727,
	3.34219 4.90948,
	3.34479 4.91727,
	3.35258 4.91208,
	3.34739 4.91987,
	3.35518 4.92247,
	3.34739 4.92507,
	3.35258 4.93286,
	3.34479 4.92766,
	3.34219 4.93546,
	3.33959 4.92766,
	3.3318 4.93286,
	"/>
<Contour name="d01ax08b2ssvr255" hidden="false" closed="true" simplified="false" border="0.5 0 1" fill="0.5 0 1" mode="9"
 points="3.30583 4.88351,
	3.29803 4.88091,
	3.30583 4.87831,
	3.30063 4.87052,
	3.30842 4.87571,
	3.31102 4.86792,
	3.31362 4.87571,
	3.32141 4.87052,
	3.31622 4.87831,
	3.32401 4.88091,
	3.31622 4.88351,
	3.32141 4.8913,
	3.31362 4.8861,
	3.31102 4.8939,
	3.30842 4.8861,
	3.30063 4.8913,
	"/>
<Contour name="d01ax08b2ssvr256" hidden="false" closed="true" simplified="false" border="0.5 0 1" fill="0.5 0 1" mode="9"
 points="3.35258 4.8861,
	3.34479 4.88351,
	3.35258 4.88091,
	3.34739 4.87312,
	3.35518 4.87831,
	3.35778 4.87052,
	3.36038 4.87831,
	3.36817 4.87312,
	3.36297 4.88091,
	3.37077 4.88351,
	3.36297 4.8861,
	3.36817 4.8939,
	3.36038 4.8887,
	3.35778 4.89649,
	3.35518 4.8887,
	3.34739 4.8939,
	"/>
<Contour name="d01ax08b2ssvr257" hidden="false" closed="true" simplified="false" border="0.5 0 1" fill="0.5 0 1" mode="9"
 points="3.38116 4.91987,
	3.37336 4.91727,
	3.38116 4.91468,
	3.37596 4.90688,
	3.38375 4.91208,
	3.38635 4.90429,
	3.38895 4.91208,
	3.39674 4.90688,
	3.39155 4.91468,
	3.39934 4.91727,
	3.39155 4.91987,
	3.39674 4.92766,
	3.38895 4.92247,
	3.38635 4.93026,
	3.38375 4.92247,
	3.37596 4.92766,
	"/>
<Contour name="d01ax08b2ssvr258" hidden="false" closed="true" simplified="false" border="0.5 0 1" fill="0.5 0 1" mode="9"
 points="3.41233 4.87312,
	3.40453 4.87052,
	3.41233 4.86792,
	3.40713 4.86013,
	3.41492 4.86532,
	3.41752 4.85753,
	3.42012 4.86532,
	3.42791 4.86013,
	3.42272 4.86792,
	3.43051 4.87052,
	3.42272 4.87312,
	3.42791 4.88091,
	3.42012 4.87571,
	3.41752 4.88351,
	3.41492 4.87571,
	3.40713 4.88091,
	"/>
<Contour name="d01ax08b2ssvr259" hidden="false" closed="true" simplified="false" border="0.5 0 1" fill="0.5 0 1" mode="9"
 points="3.46687 4.84974,
	3.45908 4.84714,
	3.46687 4.84454,
	3.46168 4.83675,
	3.46947 4.84195,
	3.47207 4.83415,
	3.47467 4.84195,
	3.48246 4.83675,
	3.47726 4.84454,
	3.48506 4.84714,
	3.47726 4.84974,
	3.48246 4.85753,
	3.47467 4.85234,
	3.47207 4.86013,
	3.46947 4.85234,
	3.46168 4.85753,
	"/>
<Contour name="d01ax08b2ssvr260" hidden="false" closed="true" simplified="false" border="0.5 0 1" fill="0.5 0 1" mode="9"
 points="3.55519 4.84974,
	3.5474 4.84714,
	3.55519 4.84454,
	3.55 4.83675,
	3.55779 4.84195,
	3.56039 4.83415,
	3.56298 4.84195,
	3.57078 4.83675,
	3.56558 4.84454,
	3.57337 4.84714,
	3.56558 4.84974,
	3.57078 4.85753,
	3.56298 4.85234,
	3.56039 4.86013,
	3.55779 4.85234,
	3.55 4.85753,
	"/>
<Contour name="d01ax08b2ssvr261" hidden="false" closed="true" simplified="false" border="0.5 0 1" fill="0.5 0 1" mode="9"
 points="3.59156 4.92507,
	3.58376 4.92247,
	3.59156 4.91987,
	3.58636 4.91208,
	3.59415 4.91727,
	3.59675 4.90948,
	3.59935 4.91727,
	3.60714 4.91208,
	3.60195 4.91987,
	3.60974 4.92247,
	3.60195 4.92507,
	3.60714 4.93286,
	3.59935 4.92766,
	3.59675 4.93546,
	3.59415 4.92766,
	3.58636 4.93286,
	"/>
<Contour name="d01ax08b2ssvr262" hidden="false" closed="true" simplified="false" border="0.5 0 1" fill="0.5 0 1" mode="9"
 points="3.6487 4.96143,
	3.64091 4.95883,
	3.6487 4.95624,
	3.64351 4.94844,
	3.6513 4.95364,
	3.6539 4.94585,
	3.65649 4.95364,
	3.66429 4.94844,
	3.65909 4.95624,
	3.66688 4.95883,
	3.65909 4.96143,
	3.66429 4.96922,
	3.65649 4.96403,
	3.6539 4.97182,
	3.6513 4.96403,
	3.64351 4.96922,
	"/>
<Contour name="d01ax08b2ssvr263" hidden="false" closed="true" simplified="false" border="0.5 0 1" fill="0.5 0 1" mode="9"
 points="3.55779 4.96663,
	3.55 4.96403,
	3.55779 4.96143,
	3.55259 4.95364,
	3.56039 4.95883,
	3.56298 4.95104,
	3.56558 4.95883,
	3.57337 4.95364,
	3.56818 4.96143,
	3.57597 4.96403,
	3.56818 4.96663,
	3.57337 4.97442,
	3.56558 4.96922,
	3.56298 4.97702,
	3.56039 4.96922,
	3.55259 4.97442,
	"/>
<Contour name="d01ax08b2ssvr264" hidden="false" closed="true" simplified="false" border="0.5 0 1" fill="0.5 0 1" mode="9"
 points="3.52922 4.99001,
	3.52142 4.98741,
	3.52922 4.98481,
	3.52402 4.97702,
	3.53181 4.98221,
	3.53441 4.97442,
	3.53701 4.98221,
	3.5448 4.97702,
	3.53961 4.98481,
	3.5474 4.98741,
	3.53961 4.99001,
	3.5448 4.9978,
	3.53701 4.9926,
	3.53441 5.0004,
	3.53181 4.9926,
	3.52402 4.9978,
	"/>
<Contour name="d01ax08b2ssvr265" hidden="false" closed="true" simplified="false" border="0.5 0 1" fill="0.5 0 1" mode="9"
 points="3.46168 4.93546,
	3.45389 4.93286,
	3.46168 4.93026,
	3.45648 4.92247,
	3.46428 4.92766,
	3.46687 4.91987,
	3.46947 4.92766,
	3.47726 4.92247,
	3.47207 4.93026,
	3.47986 4.93286,
	3.47207 4.93546,
	3.47726 4.94325,
	3.46947 4.93805,
	3.46687 4.94585,
	3.46428 4.93805,
	3.45648 4.94325,
	"/>
<Contour name="d01ax08b2ssvr266" hidden="false" closed="true" simplified="false" border="0.5 0 1" fill="0.5 0 1" mode="9"
 points="3.42272 4.93546,
	3.41492 4.93286,
	3.42272 4.93026,
	3.41752 4.92247,
	3.42531 4.92766,
	3.42791 4.91987,
	3.43051 4.92766,
	3.4383 4.92247,
	3.43311 4.93026,
	3.4409 4.93286,
	3.43311 4.93546,
	3.4383 4.94325,
	3.43051 4.93805,
	3.42791 4.94585,
	3.42531 4.93805,
	3.41752 4.94325,
	"/>
<Contour name="d01ax08b2ssvr267" hidden="false" closed="true" simplified="false" border="0.5 0 1" fill="0.5 0 1" mode="9"
 points="3.39674 4.97182,
	3.38895 4.96922,
	3.39674 4.96663,
	3.39155 4.95883,
	3.39934 4.96403,
	3.40194 4.95624,
	3.40453 4.96403,
	3.41233 4.95883,
	3.40713 4.96663,
	3.41492 4.96922,
	3.40713 4.97182,
	3.41233 4.97962,
	3.40453 4.97442,
	3.40194 4.98221,
	3.39934 4.97442,
	3.39155 4.97962,
	"/>
<Contour name="d01ax08b2ssvr268" hidden="false" closed="true" simplified="false" border="0.5 0 1" fill="0.5 0 1" mode="9"
 points="3.40973 5.00819,
	3.40194 5.00559,
	3.40973 5.00299,
	3.40453 4.9952,
	3.41233 5.0004,
	3.41492 4.9926,
	3.41752 5.0004,
	3.42531 4.9952,
	3.42012 5.00299,
	3.42791 5.00559,
	3.42012 5.00819,
	3.42531 5.01598,
	3.41752 5.01079,
	3.41492 5.01858,
	3.41233 5.01079,
	3.40453 5.01598,
	"/>
<Contour name="d01ax08b2ssvr269" hidden="false" closed="true" simplified="false" border="0.5 0 1" fill="0.5 0 1" mode="9"
 points="3.46168 4.97962,
	3.45389 4.97702,
	3.46168 4.97442,
	3.45648 4.96663,
	3.46428 4.97182,
	3.46687 4.96403,
	3.46947 4.97182,
	3.47726 4.96663,
	3.47207 4.97442,
	3.47986 4.97702,
	3.47207 4.97962,
	3.47726 4.98741,
	3.46947 4.98221,
	3.46687 4.99001,
	3.46428 4.98221,
	3.45648 4.98741,
	"/>
<Contour name="d01ax08b2ssvr270" hidden="false" closed="true" simplified="false" border="0.5 0 1" fill="0.5 0 1" mode="9"
 points="3.46428 5.02118,
	3.45648 5.01858,
	3.46428 5.01598,
	3.45908 5.00819,
	3.46687 5.01338,
	3.46947 5.00559,
	3.47207 5.01338,
	3.47986 5.00819,
	3.47467 5.01598,
	3.48246 5.01858,
	3.47467 5.02118,
	3.47986 5.02897,
	3.47207 5.02377,
	3.46947 5.03157,
	3.46687 5.02377,
	3.45908 5.02897,
	"/>
<Contour name="d01ax08b2ssvr271" hidden="false" closed="true" simplified="false" border="0.5 0 1" fill="0.5 0 1" mode="9"
 points="3.45648 5.06533,
	3.44869 5.06274,
	3.45648 5.06014,
	3.45129 5.05235,
	3.45908 5.05754,
	3.46168 5.04975,
	3.46428 5.05754,
	3.47207 5.05235,
	3.46687 5.06014,
	3.47467 5.06274,
	3.46687 5.06533,
	3.47207 5.07313,
	3.46428 5.06793,
	3.46168 5.07572,
	3.45908 5.06793,
	3.45129 5.07313,
	"/>
<Contour name="d01ax08b2ssvr272" hidden="false" closed="true" simplified="false" border="0.5 0 1" fill="0.5 0 1" mode="9"
 points="3.48506 5.1017,
	3.47726 5.0991,
	3.48506 5.0965,
	3.47986 5.08871,
	3.48765 5.09391,
	3.49025 5.08611,
	3.49285 5.09391,
	3.50064 5.08871,
	3.49545 5.0965,
	3.50324 5.0991,
	3.49545 5.1017,
	3.50064 5.10949,
	3.49285 5.1043,
	3.49025 5.11209,
	3.48765 5.1043,
	3.47986 5.10949,
	"/>
<Contour name="d01ax08b2ssvr273" hidden="false" closed="true" simplified="false" border="0.5 0 1" fill="0.5 0 1" mode="9"
 points="3.52662 5.12767,
	3.51883 5.12508,
	3.52662 5.12248,
	3.52142 5.11469,
	3.52922 5.11988,
	3.53181 5.11209,
	3.53441 5.11988,
	3.5422 5.11469,
	3.53701 5.12248,
	3.5448 5.12508,
	3.53701 5.12767,
	3.5422 5.13547,
	3.53441 5.13027,
	3.53181 5.13807,
	3.52922 5.13027,
	3.52142 5.13547,
	"/>
<Contour name="d01ax08b2ssvr274" hidden="false" closed="true" simplified="false" border="0.5 0 1" fill="0.5 0 1" mode="9"
 points="3.5422 5.09391,
	3.53441 5.09131,
	3.5422 5.08871,
	3.53701 5.08092,
	3.5448 5.08611,
	3.5474 5.07832,
	3.55 5.08611,
	3.55779 5.08092,
	3.55259 5.08871,
	3.56039 5.09131,
	3.55259 5.09391,
	3.55779 5.1017,
	3.55 5.0965,
	3.5474 5.1043,
	3.5448 5.0965,
	3.53701 5.1017,
	"/>
<Contour name="d01ax08b2ssvr275" hidden="false" closed="true" simplified="false" border="0.5 0 1" fill="0.5 0 1" mode="9"
 points="3.56039 5.04455,
	3.55259 5.04196,
	3.56039 5.03936,
	3.55519 5.03157,
	3.56298 5.03676,
	3.56558 5.02897,
	3.56818 5.03676,
	3.57597 5.03157,
	3.57078 5.03936,
	3.57857 5.04196,
	3.57078 5.04455,
	3.57597 5.05235,
	3.56818 5.04715,
	3.56558 5.05494,
	3.56298 5.04715,
	3.55519 5.05235,
	"/>
<Contour name="d01ax08b2ssvr276" hidden="false" closed="true" simplified="false" border="0.5 0 1" fill="0.5 0 1" mode="9"
 points="3.78118 5.31989,
	3.77338 5.3173,
	3.78118 5.3147,
	3.77598 5.30691,
	3.78377 5.3121,
	3.78637 5.30431,
	3.78897 5.3121,
	3.79676 5.30691,
	3.79157 5.3147,
	3.79936 5.3173,
	3.79157 5.31989,
	3.79676 5.32769,
	3.78897 5.32249,
	3.78637 5.33028,
	3.78377 5.32249,
	3.77598 5.32769,
	"/>
<Contour name="d01ax08b2ssvr277" hidden="false" closed="true" simplified="false" border="0.5 0 1" fill="0.5 0 1" mode="9"
 points="3.82793 5.27054,
	3.82014 5.26794,
	3.82793 5.26534,
	3.82274 5.25755,
	3.83053 5.26275,
	3.83313 5.25495,
	3.83573 5.26275,
	3.84352 5.25755,
	3.83832 5.26534,
	3.84612 5.26794,
	3.83832 5.27054,
	3.84352 5.27833,
	3.83573 5.27314,
	3.83313 5.28093,
	3.83053 5.27314,
	3.82274 5.27833,
	"/>
<Contour name="d01ax08b2ssvr278" hidden="false" closed="true" simplified="false" border="0.5 0 1" fill="0.5 0 1" mode="9"
 points="3.93183 5.25236,
	3.92404 5.24976,
	3.93183 5.24716,
	3.92664 5.23937,
	3.93443 5.24456,
	3.93703 5.23677,
	3.93963 5.24456,
	3.94742 5.23937,
	3.94222 5.24716,
	3.95002 5.24976,
	3.94222 5.25236,
	3.94742 5.26015,
	3.93963 5.25495,
	3.93703 5.26275,
	3.93443 5.25495,
	3.92664 5.26015,
	"/>
<Contour name="d01ax08b2ssvr279" hidden="false" closed="true" simplified="false" border="0.5 0 1" fill="0.5 0 1" mode="9"
 points="3.87729 5.23677,
	3.86949 5.23417,
	3.87729 5.23158,
	3.87209 5.22378,
	3.87988 5.22898,
	3.88248 5.22119,
	3.88508 5.22898,
	3.89287 5.22378,
	3.88768 5.23158,
	3.89547 5.23417,
	3.88768 5.23677,
	3.89287 5.24456,
	3.88508 5.23937,
	3.88248 5.24716,
	3.87988 5.23937,
	3.87209 5.24456,
	"/>
<Contour name="d01ax08b2ssvr280" hidden="false" closed="true" simplified="false" border="0.5 0 1" fill="0.5 0 1" mode="9"
 points="3.91365 5.20041,
	3.90586 5.19781,
	3.91365 5.19521,
	3.90846 5.18742,
	3.91625 5.19261,
	3.91885 5.18482,
	3.92144 5.19261,
	3.92924 5.18742,
	3.92404 5.19521,
	3.93183 5.19781,
	3.92404 5.20041,
	3.92924 5.2082,
	3.92144 5.203,
	3.91885 5.2108,
	3.91625 5.203,
	3.90846 5.2082,
	"/>
<Contour name="d01ax08b2ssvr281" hidden="false" closed="true" simplified="false" border="0.5 0 1" fill="0.5 0 1" mode="9"
 points="3.9656 5.17183,
	3.95781 5.16924,
	3.9656 5.16664,
	3.96041 5.15885,
	3.9682 5.16404,
	3.9708 5.15625,
	3.97339 5.16404,
	3.98119 5.15885,
	3.97599 5.16664,
	3.98378 5.16924,
	3.97599 5.17183,
	3.98119 5.17963,
	3.97339 5.17443,
	3.9708 5.18222,
	3.9682 5.17443,
	3.96041 5.17963,
	"/>
<Contour name="d01ax08b2ssvr282" hidden="false" closed="true" simplified="false" border="0.5 0 1" fill="0.5 0 1" mode="9"
 points="3.98898 5.11988,
	3.98119 5.11728,
	3.98898 5.11469,
	3.98378 5.10689,
	3.99158 5.11209,
	3.99418 5.1043,
	3.99677 5.11209,
	4.00457 5.10689,
	3.99937 5.11469,
	4.00716 5.11728,
	3.99937 5.11988,
	4.00457 5.12767,
	3.99677 5.12248,
	3.99418 5.13027,
	3.99158 5.12248,
	3.98378 5.12767,
	"/>
<Contour name="d01ax08b2ssvr283" hidden="false" closed="true" simplified="false" border="0.5 0 1" fill="0.5 0 1" mode="9"
 points="3.98898 5.05494,
	3.98119 5.05235,
	3.98898 5.04975,
	3.98378 5.04196,
	3.99158 5.04715,
	3.99418 5.03936,
	3.99677 5.04715,
	4.00457 5.04196,
	3.99937 5.04975,
	4.00716 5.05235,
	3.99937 5.05494,
	4.00457 5.06274,
	3.99677 5.05754,
	3.99418 5.06533,
	3.99158 5.05754,
	3.98378 5.06274,
	"/>
<Contour name="d01ax08b2ssvr284" hidden="false" closed="true" simplified="false" border="0.5 0 1" fill="0.5 0 1" mode="9"
 points="3.95521 4.87571,
	3.94742 4.87312,
	3.95521 4.87052,
	3.95002 4.86273,
	3.95781 4.86792,
	3.96041 4.86013,
	3.963 4.86792,
	3.9708 4.86273,
	3.9656 4.87052,
	3.97339 4.87312,
	3.9656 4.87571,
	3.9708 4.88351,
	3.963 4.87831,
	3.96041 4.8861,
	3.95781 4.87831,
	3.95002 4.88351,
	"/>
<Contour name="d01ax08b2ssvr285" hidden="false" closed="true" simplified="false" border="0.5 0 1" fill="0.5 0 1" mode="9"
 points="3.96041 4.94325,
	3.95261 4.94065,
	3.96041 4.93805,
	3.95521 4.93026,
	3.963 4.93546,
	3.9656 4.92766,
	3.9682 4.93546,
	3.97599 4.93026,
	3.9708 4.93805,
	3.97859 4.94065,
	3.9708 4.94325,
	3.97599 4.95104,
	3.9682 4.94585,
	3.9656 4.95364,
	3.963 4.94585,
	3.95521 4.95104,
	"/>
<Contour name="d01ax08b2ssvr286" hidden="false" closed="true" simplified="false" border="0.5 0 1" fill="0.5 0 1" mode="9"
 points="3.92144 4.92507,
	3.91365 4.92247,
	3.92144 4.91987,
	3.91625 4.91208,
	3.92404 4.91727,
	3.92664 4.90948,
	3.92924 4.91727,
	3.93703 4.91208,
	3.93183 4.91987,
	3.93963 4.92247,
	3.93183 4.92507,
	3.93703 4.93286,
	3.92924 4.92766,
	3.92664 4.93546,
	3.92404 4.92766,
	3.91625 4.93286,
	"/>
<Contour name="d01ax08b2ssvr287" hidden="false" closed="true" simplified="false" border="0.5 0 1" fill="0.5 0 1" mode="9"
 points="3.91105 4.97182,
	3.90326 4.96922,
	3.91105 4.96663,
	3.90586 4.95883,
	3.91365 4.96403,
	3.91625 4.95624,
	3.91885 4.96403,
	3.92664 4.95883,
	3.92144 4.96663,
	3.92924 4.96922,
	3.92144 4.97182,
	3.92664 4.97962,
	3.91885 4.97442,
	3.91625 4.98221,
	3.91365 4.97442,
	3.90586 4.97962,
	"/>
<Contour name="d01ax08b2ssvr288" hidden="false" closed="true" simplified="false" border="0.5 0 1" fill="0.5 0 1" mode="9"
 points="3.96041 5.02377,
	3.95261 5.02118,
	3.96041 5.01858,
	3.95521 5.01079,
	3.963 5.01598,
	3.9656 5.00819,
	3.9682 5.01598,
	3.97599 5.01079,
	3.9708 5.01858,
	3.97859 5.02118,
	3.9708 5.02377,
	3.97599 5.03157,
	3.9682 5.02637,
	3.9656 5.03416,
	3.963 5.02637,
	3.95521 5.03157,
	"/>
<Contour name="d01ax08b2ssvr289" hidden="false" closed="true" simplified="false" border="0.5 0 1" fill="0.5 0 1" mode="9"
 points="3.94482 5.07572,
	3.93703 5.07313,
	3.94482 5.07053,
	3.93963 5.06274,
	3.94742 5.06793,
	3.95002 5.06014,
	3.95261 5.06793,
	3.96041 5.06274,
	3.95521 5.07053,
	3.963 5.07313,
	3.95521 5.07572,
	3.96041 5.08352,
	3.95261 5.07832,
	3.95002 5.08611,
	3.94742 5.07832,
	3.93963 5.08352,
	"/>
<Contour name="d01ax08b2ssvr290" hidden="false" closed="true" simplified="false" border="0.5 0 1" fill="0.5 0 1" mode="9"
 points="3.87209 4.94585,
	3.8643 4.94325,
	3.87209 4.94065,
	3.8669 4.93286,
	3.87469 4.93805,
	3.87729 4.93026,
	3.87988 4.93805,
	3.88768 4.93286,
	3.88248 4.94065,
	3.89027 4.94325,
	3.88248 4.94585,
	3.88768 4.95364,
	3.87988 4.94844,
	3.87729 4.95624,
	3.87469 4.94844,
	3.8669 4.95364,
	"/>
<Contour name="d01ax08b2ssvr291" hidden="false" closed="true" simplified="false" border="0.5 0 1" fill="0.5 0 1" mode="9"
 points="3.84612 4.97962,
	3.83832 4.97702,
	3.84612 4.97442,
	3.84092 4.96663,
	3.84871 4.97182,
	3.85131 4.96403,
	3.85391 4.97182,
	3.8617 4.96663,
	3.85651 4.97442,
	3.8643 4.97702,
	3.85651 4.97962,
	3.8617 4.98741,
	3.85391 4.98221,
	3.85131 4.99001,
	3.84871 4.98221,
	3.84092 4.98741,
	"/>
<Contour name="d01ax08b2ssvr292" hidden="false" closed="true" simplified="false" border="0.5 0 1" fill="0.5 0 1" mode="9"
 points="3.78897 4.96922,
	3.78118 4.96663,
	3.78897 4.96403,
	3.78377 4.95624,
	3.79157 4.96143,
	3.79416 4.95364,
	3.79676 4.96143,
	3.80455 4.95624,
	3.79936 4.96403,
	3.80715 4.96663,
	3.79936 4.96922,
	3.80455 4.97702,
	3.79676 4.97182,
	3.79416 4.97962,
	3.79157 4.97182,
	3.78377 4.97702,
	"/>
<Contour name="d01ax08b2ssvr293" hidden="false" closed="true" simplified="false" border="0.5 0 1" fill="0.5 0 1" mode="9"
 points="3.82533 5.04715,
	3.81754 5.04455,
	3.82533 5.04196,
	3.82014 5.03416,
	3.82793 5.03936,
	3.83053 5.03157,
	3.83313 5.03936,
	3.84092 5.03416,
	3.83573 5.04196,
	3.84352 5.04455,
	3.83573 5.04715,
	3.84092 5.05494,
	3.83313 5.04975,
	3.83053 5.05754,
	3.82793 5.04975,
	3.82014 5.05494,
	"/>
<Contour name="d01ax08b2ssvr294" hidden="false" closed="true" simplified="false" border="0.5 0 1" fill="0.5 0 1" mode="9"
 points="3.84612 5.1043,
	3.83832 5.1017,
	3.84612 5.0991,
	3.84092 5.09131,
	3.84871 5.0965,
	3.85131 5.08871,
	3.85391 5.0965,
	3.8617 5.09131,
	3.85651 5.0991,
	3.8643 5.1017,
	3.85651 5.1043,
	3.8617 5.11209,
	3.85391 5.10689,
	3.85131 5.11469,
	3.84871 5.10689,
	3.84092 5.11209,
	"/>
<Contour name="d01ax08b2ssvr295" hidden="false" closed="true" simplified="false" border="0.5 0 1" fill="0.5 0 1" mode="9"
 points="3.72663 5.02377,
	3.71884 5.02118,
	3.72663 5.01858,
	3.72143 5.01079,
	3.72923 5.01598,
	3.73182 5.00819,
	3.73442 5.01598,
	3.74221 5.01079,
	3.73702 5.01858,
	3.74481 5.02118,
	3.73702 5.02377,
	3.74221 5.03157,
	3.73442 5.02637,
	3.73182 5.03416,
	3.72923 5.02637,
	3.72143 5.03157,
	"/>
<Contour name="d01ax08b2ssvr296" hidden="false" closed="true" simplified="false" border="0.5 0 1" fill="0.5 0 1" mode="9"
 points="3.67208 5.03416,
	3.66429 5.03157,
	3.67208 5.02897,
	3.66688 5.02118,
	3.67468 5.02637,
	3.67728 5.01858,
	3.67987 5.02637,
	3.68767 5.02118,
	3.68247 5.02897,
	3.69026 5.03157,
	3.68247 5.03416,
	3.68767 5.04196,
	3.67987 5.03676,
	3.67728 5.04455,
	3.67468 5.03676,
	3.66688 5.04196,
	"/>
<Contour name="d01ax08b2ssvr297" hidden="false" closed="true" simplified="false" border="0.5 0 1" fill="0.5 0 1" mode="9"
 points="3.64091 5.04975,
	3.63312 5.04715,
	3.64091 5.04455,
	3.63571 5.03676,
	3.64351 5.04196,
	3.6461 5.03416,
	3.6487 5.04196,
	3.65649 5.03676,
	3.6513 5.04455,
	3.65909 5.04715,
	3.6513 5.04975,
	3.65649 5.05754,
	3.6487 5.05235,
	3.6461 5.06014,
	3.64351 5.05235,
	3.63571 5.05754,
	"/>
<Contour name="d01ax08b2ssvr298" hidden="false" closed="true" simplified="false" border="0.5 0 1" fill="0.5 0 1" mode="9"
 points="3.60454 5.02637,
	3.59675 5.02377,
	3.60454 5.02118,
	3.59935 5.01338,
	3.60714 5.01858,
	3.60974 5.01079,
	3.61234 5.01858,
	3.62013 5.01338,
	3.61493 5.02118,
	3.62273 5.02377,
	3.61493 5.02637,
	3.62013 5.03416,
	3.61234 5.02897,
	3.60974 5.03676,
	3.60714 5.02897,
	3.59935 5.03416,
	"/>
<Contour name="d01ax08b2ssvr299" hidden="false" closed="true" simplified="false" border="0.5 0 1" fill="0.5 0 1" mode="9"
 points="3.62273 5.08092,
	3.61493 5.07832,
	3.62273 5.07572,
	3.61753 5.06793,
	3.62532 5.07313,
	3.62792 5.06533,
	3.63052 5.07313,
	3.63831 5.06793,
	3.63312 5.07572,
	3.64091 5.07832,
	3.63312 5.08092,
	3.63831 5.08871,
	3.63052 5.08352,
	3.62792 5.09131,
	3.62532 5.08352,
	3.61753 5.08871,
	"/>
<Contour name="d01ax08b2ssvr300" hidden="false" closed="true" simplified="false" border="0.5 0 1" fill="0.5 0 1" mode="9"
 points="3.59415 5.12767,
	3.58636 5.12508,
	3.59415 5.12248,
	3.58896 5.11469,
	3.59675 5.11988,
	3.59935 5.11209,
	3.60195 5.11988,
	3.60974 5.11469,
	3.60454 5.12248,
	3.61234 5.12508,
	3.60454 5.12767,
	3.60974 5.13547,
	3.60195 5.13027,
	3.59935 5.13807,
	3.59675 5.13027,
	3.58896 5.13547,
	"/>
<Contour name="d01ax08b2ssvr301" hidden="false" closed="true" simplified="false" border="0.5 0 1" fill="0.5 0 1" mode="9"
 points="3.60714 5.16924,
	3.59935 5.16664,
	3.60714 5.16404,
	3.60195 5.15625,
	3.60974 5.16144,
	3.61234 5.15365,
	3.61493 5.16144,
	3.62273 5.15625,
	3.61753 5.16404,
	3.62532 5.16664,
	3.61753 5.16924,
	3.62273 5.17703,
	3.61493 5.17183,
	3.61234 5.17963,
	3.60974 5.17183,
	3.60195 5.17703,
	"/>
<Contour name="d01ax08b2ssvr302" hidden="false" closed="true" simplified="false" border="0.5 0 1" fill="0.5 0 1" mode="9"
 points="3.6487 5.13807,
	3.64091 5.13547,
	3.6487 5.13287,
	3.64351 5.12508,
	3.6513 5.13027,
	3.6539 5.12248,
	3.65649 5.13027,
	3.66429 5.12508,
	3.65909 5.13287,
	3.66688 5.13547,
	3.65909 5.13807,
	3.66429 5.14586,
	3.65649 5.14066,
	3.6539 5.14846,
	3.6513 5.14066,
	3.64351 5.14586,
	"/>
<Contour name="d01ax08b2ssvr303" hidden="false" closed="true" simplified="false" border="0.5 0 1" fill="0.5 0 1" mode="9"
 points="3.67728 5.0991,
	3.66948 5.0965,
	3.67728 5.09391,
	3.67208 5.08611,
	3.67987 5.09131,
	3.68247 5.08352,
	3.68507 5.09131,
	3.69286 5.08611,
	3.68767 5.09391,
	3.69546 5.0965,
	3.68767 5.0991,
	3.69286 5.10689,
	3.68507 5.1017,
	3.68247 5.10949,
	3.67987 5.1017,
	3.67208 5.10689,
	"/>
<Contour name="d01ax08b2ssvr304" hidden="false" closed="true" simplified="false" border="0.5 0 1" fill="0.5 0 1" mode="9"
 points="3.64091 5.19521,
	3.63312 5.19261,
	3.64091 5.19002,
	3.63571 5.18222,
	3.64351 5.18742,
	3.6461 5.17963,
	3.6487 5.18742,
	3.65649 5.18222,
	3.6513 5.19002,
	3.65909 5.19261,
	3.6513 5.19521,
	3.65649 5.203,
	3.6487 5.19781,
	3.6461 5.2056,
	3.64351 5.19781,
	3.63571 5.203,
	"/>
<Contour name="d01ax08b2ssvr305" hidden="false" closed="true" simplified="false" border="0.5 0 1" fill="0.5 0 1" mode="9"
 points="3.69286 5.16404,
	3.68507 5.16144,
	3.69286 5.15885,
	3.68767 5.15105,
	3.69546 5.15625,
	3.69806 5.14846,
	3.70065 5.15625,
	3.70845 5.15105,
	3.70325 5.15885,
	3.71104 5.16144,
	3.70325 5.16404,
	3.70845 5.17183,
	3.70065 5.16664,
	3.69806 5.17443,
	3.69546 5.16664,
	3.68767 5.17183,
	"/>
<Contour name="d01ax08b2ssvr306" hidden="false" closed="true" simplified="false" border="0.5 0 1" fill="0.5 0 1" mode="9"
 points="3.72663 5.0991,
	3.71884 5.0965,
	3.72663 5.09391,
	3.72143 5.08611,
	3.72923 5.09131,
	3.73182 5.08352,
	3.73442 5.09131,
	3.74221 5.08611,
	3.73702 5.09391,
	3.74481 5.0965,
	3.73702 5.0991,
	3.74221 5.10689,
	3.73442 5.1017,
	3.73182 5.10949,
	3.72923 5.1017,
	3.72143 5.10689,
	"/>
<Contour name="d01ax08b2ssvr307" hidden="false" closed="true" simplified="false" border="0.5 0 1" fill="0.5 0 1" mode="9"
 points="3.83313 5.15105,
	3.82533 5.14846,
	3.83313 5.14586,
	3.82793 5.13807,
	3.83573 5.14326,
	3.83832 5.13547,
	3.84092 5.14326,
	3.84871 5.13807,
	3.84352 5.14586,
	3.85131 5.14846,
	3.84352 5.15105,
	3.84871 5.15885,
	3.84092 5.15365,
	3.83832 5.16144,
	3.83573 5.15365,
	3.82793 5.15885,
	"/>
<Contour name="d01ax08b2ssvr308" hidden="false" closed="true" simplified="false" border="0.5 0 1" fill="0.5 0 1" mode="9"
 points="3.81235 5.203,
	3.80455 5.20041,
	3.81235 5.19781,
	3.80715 5.19002,
	3.81494 5.19521,
	3.81754 5.18742,
	3.82014 5.19521,
	3.82793 5.19002,
	3.82274 5.19781,
	3.83053 5.20041,
	3.82274 5.203,
	3.82793 5.2108,
	3.82014 5.2056,
	3.81754 5.21339,
	3.81494 5.2056,
	3.80715 5.2108,
	"/>
<Contour name="d01ax08b2ssvr309" hidden="false" closed="true" simplified="false" border="0.5 0 1" fill="0.5 0 1" mode="9"
 points="3.78118 5.24456,
	3.77338 5.24197,
	3.78118 5.23937,
	3.77598 5.23158,
	3.78377 5.23677,
	3.78637 5.22898,
	3.78897 5.23677,
	3.79676 5.23158,
	3.79157 5.23937,
	3.79936 5.24197,
	3.79157 5.24456,
	3.79676 5.25236,
	3.78897 5.24716,
	3.78637 5.25495,
	3.78377 5.24716,
	3.77598 5.25236,
	"/>
<Contour name="d01ax08b2ssvr310" hidden="false" closed="true" simplified="false" border="0.5 0 1" fill="0.5 0 1" mode="9"
 points="3.73442 5.26015,
	3.72663 5.25755,
	3.73442 5.25495,
	3.72923 5.24716,
	3.73702 5.25236,
	3.73962 5.24456,
	3.74221 5.25236,
	3.75001 5.24716,
	3.74481 5.25495,
	3.7526 5.25755,
	3.74481 5.26015,
	3.75001 5.26794,
	3.74221 5.26275,
	3.73962 5.27054,
	3.73702 5.26275,
	3.72923 5.26794,
	"/>
<Contour name="d01ax08b2ssvr311" hidden="false" closed="true" simplified="false" border="0.5 0 1" fill="0.5 0 1" mode="9"
 points="3.67208 5.26534,
	3.66429 5.26275,
	3.67208 5.26015,
	3.66688 5.25236,
	3.67468 5.25755,
	3.67728 5.24976,
	3.67987 5.25755,
	3.68767 5.25236,
	3.68247 5.26015,
	3.69026 5.26275,
	3.68247 5.26534,
	3.68767 5.27314,
	3.67987 5.26794,
	3.67728 5.27573,
	3.67468 5.26794,
	3.66688 5.27314,
	"/>
<Contour name="d01ax08b2ssvr312" hidden="false" closed="true" simplified="false" border="0.5 0 1" fill="0.5 0 1" mode="9"
 points="3.68247 5.2108,
	3.67468 5.2082,
	3.68247 5.2056,
	3.67728 5.19781,
	3.68507 5.203,
	3.68767 5.19521,
	3.69026 5.203,
	3.69806 5.19781,
	3.69286 5.2056,
	3.70065 5.2082,
	3.69286 5.2108,
	3.69806 5.21859,
	3.69026 5.21339,
	3.68767 5.22119,
	3.68507 5.21339,
	3.67728 5.21859,
	"/>
<Contour name="d01ax08b2ssvr313" hidden="false" closed="true" simplified="false" border="0.5 0 1" fill="0.5 0 1" mode="9"
 points="3.74221 5.2056,
	3.73442 5.203,
	3.74221 5.20041,
	3.73702 5.19261,
	3.74481 5.19781,
	3.74741 5.19002,
	3.75001 5.19781,
	3.7578 5.19261,
	3.7526 5.20041,
	3.7604 5.203,
	3.7526 5.2056,
	3.7578 5.21339,
	3.75001 5.2082,
	3.74741 5.21599,
	3.74481 5.2082,
	3.73702 5.21339,
	"/>
<Contour name="d01ax08b2ssvr314" hidden="false" closed="true" simplified="false" border="0.5 0 1" fill="0.5 0 1" mode="9"
 points="3.75001 5.16144,
	3.74221 5.15885,
	3.75001 5.15625,
	3.74481 5.14846,
	3.7526 5.15365,
	3.7552 5.14586,
	3.7578 5.15365,
	3.76559 5.14846,
	3.7604 5.15625,
	3.76819 5.15885,
	3.7604 5.16144,
	3.76559 5.16924,
	3.7578 5.16404,
	3.7552 5.17183,
	3.7526 5.16404,
	3.74481 5.16924,
	"/>
<Contour name="d01ax08b2ssvr315" hidden="false" closed="true" simplified="false" border="0.5 0 1" fill="0.5 0 1" mode="9"
 points="3.79936 5.13027,
	3.79157 5.12767,
	3.79936 5.12508,
	3.79416 5.11728,
	3.80196 5.12248,
	3.80455 5.11469,
	3.80715 5.12248,
	3.81494 5.11728,
	3.80975 5.12508,
	3.81754 5.12767,
	3.80975 5.13027,
	3.81494 5.13807,
	3.80715 5.13287,
	3.80455 5.14066,
	3.80196 5.13287,
	3.79416 5.13807,
	"/>
<Contour name="d01ax08b2ssvr316" hidden="false" closed="true" simplified="false" border="0.5 0 1" fill="0.5 0 1" mode="9"
 points="3.6461 5.30431,
	3.63831 5.30171,
	3.6461 5.29911,
	3.64091 5.29132,
	3.6487 5.29652,
	3.6513 5.28872,
	3.6539 5.29652,
	3.66169 5.29132,
	3.65649 5.29911,
	3.66429 5.30171,
	3.65649 5.30431,
	3.66169 5.3121,
	3.6539 5.30691,
	3.6513 5.3147,
	3.6487 5.30691,
	3.64091 5.3121,
	"/>
</Transform>

<Transform dim="6"
 xcoef=" 0.0925077492284508 0.998543026644729 -0.0100712961618164 0 0 0"
 ycoef=" 0.224452645116536 -0.00237123459751437 0.975240597849761 0 0 0">
<Contour name="d01ax08b2ssvd31" hidden="false" closed="true" simplified="false" border="1 0.5 0" fill="1 0.5 0" mode="-9"
 points="4.01755 4.86792,
	4.01755 4.86273,
	4.02275 4.85753,
	4.02794 4.85753,
	4.03314 4.86273,
	4.03314 4.86792,
	4.02794 4.87312,
	4.02275 4.87312,
	"/>
<Contour name="d01ax08b2ssvd32" hidden="false" closed="true" simplified="false" border="1 0.5 0" fill="1 0.5 0" mode="-9"
 points="4.04613 4.95364,
	4.04613 4.94844,
	4.05132 4.94325,
	4.05652 4.94325,
	4.06171 4.94844,
	4.06171 4.95364,
	4.05652 4.95883,
	4.05132 4.95883,
	"/>
<Contour name="d01ax08b2ssvd33" hidden="false" closed="true" simplified="false" border="1 0.5 0" fill="1 0.5 0" mode="-9"
 points="4.03833 5.04196,
	4.03833 5.03676,
	4.04353 5.03157,
	4.04872 5.03157,
	4.05392 5.03676,
	4.05392 5.04196,
	4.04872 5.04715,
	4.04353 5.04715,
	"/>
<Contour name="d01ax08b2ssvd34" hidden="false" closed="true" simplified="false" border="1 0.5 0" fill="1 0.5 0" mode="-9"
 points="4.03314 5.14066,
	4.03314 5.13547,
	4.03833 5.13027,
	4.04353 5.13027,
	4.04872 5.13547,
	4.04872 5.14066,
	4.04353 5.14586,
	4.03833 5.14586,
	"/>
<Contour name="d01ax08b2ssvd35" hidden="false" closed="true" simplified="false" border="1 0.5 0" fill="1 0.5 0" mode="-9"
 points="4.02535 5.24716,
	4.02535 5.24197,
	4.03054 5.23677,
	4.03574 5.23677,
	4.04093 5.24197,
	4.04093 5.24716,
	4.03574 5.25236,
	4.03054 5.25236,
	"/>
</Transform>

<Transform dim="6"
 xcoef=" 0.0925077492284508 0.998543026644729 -0.0100712961618164 0 0 0"
 ycoef=" 0.224452645116536 -0.00237123459751437 0.975240597849761 0 0 0">
<Contour name="d01ax08b2c01" hidden="false" closed="true" simplified="true" border="0 1 0" fill="0 1 0" mode="-9"
 points="4.04954 4.82468,
	4.05316 4.81743,
	4.05316 4.81381,
	4.06041 4.80657,
	4.0749 4.80475,
	4.08214 4.80475,
	4.08576 4.80475,
	4.09301 4.81019,
	4.09663 4.81019,
	4.10206 4.81743,
	4.10749 4.84641,
	4.10749 4.85365,
	4.11112 4.8609,
	4.11836 4.91885,
	4.12198 4.94783,
	4.12198 4.96232,
	4.12561 4.97681,
	4.12923 5.03476,
	4.13828 5.09271,
	4.13828 5.12169,
	4.13285 5.15067,
	4.13285 5.15791,
	4.12742 5.1724,
	4.12017 5.23035,
	4.10931 5.25933,
	4.09844 5.27201,
	4.0912 5.27563,
	4.08395 5.28288,
	4.07671 5.28469,
	4.06946 5.28288,
	4.06222 5.26839,
	4.0586 5.2539,
	4.06041 5.23941,
	4.08033 5.18146,
	4.09301 5.15248,
	4.09844 5.09453,
	4.09663 5.06555,
	4.09482 5.05106,
	4.08938 5.03657,
	4.08938 4.97862,
	4.08938 4.94964,
	4.08033 4.89169,
	4.06584 4.86271,
	4.06041 4.85546,
	4.0586 4.84822,
	4.05497 4.84641,
	4.05497 4.84279,
	4.05135 4.83917,
	4.04954 4.82649,
	"/>
<Contour name="d01ax08b2cfa01" hidden="false" closed="false" simplified="false" border="0 1 1" fill="0 1 1" mode="-9"
 points="4.07083 5.28156,
	4.08351 5.23809,
	4.10524 5.17652,
	4.10886 5.11313,
	4.11429 5.05336,
	4.10343 5.03344,
	4.10162 4.9936,
	4.10524 4.95194,
	4.09981 4.90667,
	4.08894 4.87588,
	4.08713 4.85596,
	4.07083 4.82155,
	4.06177 4.81068,
	"/>
</Transform>

<Transform dim="6"
 xcoef=" 0.0925077492284508 0.998543026644729 -0.0100712961618164 0 0 0"
 ycoef=" 0.224452645116536 -0.00237123459751437 0.975240597849761 0 0 0">
<Contour name="d01SER" hidden="false" closed="true" simplified="true" border="0 1 0" fill="0 1 0" mode="-9"
 points="4.64094 4.1835,
	4.64673 4.17771,
	4.69305 4.1835,
	4.71621 4.1835,
	4.72489 4.20666,
	4.7191 4.21824,
	4.70752 4.22693,
	4.68436 4.22403,
	4.64094 4.1864,
	"/>
<Contour name="d01SER" hidden="false" closed="true" simplified="true" border="0 1 0" fill="0 1 0" mode="-9"
 points="4.67568 4.58882,
	4.69015 4.56856,
	4.69884 4.55698,
	4.69884 4.55119,
	4.70752 4.5396,
	4.71042 4.52802,
	4.73069 4.50486,
	4.73937 4.49328,
	4.74516 4.47012,
	4.74806 4.45854,
	4.75674 4.44696,
	4.76832 4.44406,
	4.7799 4.45275,
	4.78569 4.46433,
	4.7828 4.48749,
	4.75964 4.51065,
	4.75095 4.52223,
	4.74227 4.56856,
	4.72779 4.59172,
	4.7191 4.6033,
	4.70752 4.60909,
	4.69594 4.60909,
	4.69015 4.60909,
	4.67857 4.59751,
	4.67568 4.59172,
	"/>
<Contour name="d01SER" hidden="false" closed="true" simplified="true" border="0 1 0" fill="0 1 0" mode="-9"
 points="4.3659 4.62067,
	4.37169 4.61777,
	4.41801 4.62935,
	4.42959 4.63515,
	4.43538 4.64094,
	4.45854 4.64673,
	4.4817 4.65831,
	4.48749 4.65831,
	4.51065 4.67568,
	4.52223 4.68436,
	4.52802 4.69594,
	4.51934 4.70463,
	4.49618 4.71042,
	4.47302 4.71042,
	4.44986 4.70173,
	4.42669 4.68436,
	4.38327 4.6641,
	4.36879 4.64383,
	4.3659 4.62356,
	"/>
<Contour name="d01SER" hidden="false" closed="true" simplified="true" border="0 1 0" fill="0 1 0" mode="-9"
 points="4.63225 4.66699,
	4.65541 4.65252,
	4.66699 4.64673,
	4.67278 4.64383,
	4.68147 4.65252,
	4.67278 4.67568,
	4.65252 4.69305,
	4.64094 4.69305,
	4.63225 4.68436,
	4.63225 4.67278,
	4.63225 4.66989,
	"/>
</Transform>

<Transform dim="6"
 xcoef=" 0.0925077492284508 0.998543026644729 -0.0100712961618164 0 0 0"
 ycoef=" 0.224452645116536 -0.00237123459751437 0.975240597849761 0 0 0">
<Contour name="d01SER" hidden="false" closed="true" simplified="true" border="0 1 0" fill="0 1 0" mode="-9"
 points="4.34563 4.32826,
	4.35721 4.32536,
	4.37748 4.33694,
	4.38906 4.33984,
	4.40643 4.35721,
	4.41222 4.363,
	4.4238 4.3659,
	4.42959 4.3659,
	4.43248 4.37748,
	4.42959 4.38906,
	4.42669 4.39485,
	4.40353 4.38616,
	4.38037 4.3659,
	4.36879 4.36011,
	4.363 4.35431,
	4.35721 4.35431,
	4.34852 4.34273,
	4.34563 4.33115,
	"/>
</Transform>

<Transform dim="6"
 xcoef=" 0.0625077492284513 0.998543026644729 -0.0100712961618164 0 0 0"
 ycoef=" 0.284452645116536 -0.00237123459751437 0.975240597849761 0 0 0">
<Contour name="mito12_KH(added)" hidden="false" closed="false" simplified="true" border="0 1 1" fill="0 1 1" mode="-9"
 points="8.17945 3.21971,
	8.09461 3.47423,
	"/>
</Transform>

<Transform dim="0"
 xcoef=" 0 1 0 0 0 0"
 ycoef=" 0 0 1 0 0 0">
<Contour name="d01ax03" comment="LK bouton trace named after cfa" hidden="false" closed="true" simplified="true" border="0 1 1" fill="0.501961 1 1" mode="-9"
 points="5.07927 5.12309,
	5.08122 5.1153,
	5.08122 5.1114,
	5.08706 5.09583,
	5.09583 5.08025,
	5.10654 5.06467,
	5.11919 5.04909,
	5.14061 5.01794,
	5.14645 5.01015,
	5.15035 5.00236,
	5.16106 4.98678,
	5.17469 4.97121,
	5.19027 4.9605,
	5.19805 4.9566,
	5.20195 4.95368,
	5.20584 4.95271,
	5.20974 4.94979,
	5.22531 4.94394,
	5.22726 4.942,
	5.23505 4.94005,
	5.23895 4.93713,
	5.25452 4.93129,
	5.25647 4.92934,
	5.26036 4.92837,
	5.26815 4.9235,
	5.2701 4.92155,
	5.27399 4.92058,
	5.28178 4.91474,
	5.28568 4.91376,
	5.31683 4.89624,
	5.34799 4.88066,
	5.35188 4.87871,
	5.36746 4.86508,
	5.37525 4.85729,
	5.38693 4.84172,
	5.39764 4.81056,
	5.40154 4.79498,
	5.40251 4.77941,
	5.40543 4.76383,
	5.4103 4.74825,
	5.42003 4.73267,
	5.42782 4.72488,
	5.43853 4.70931,
	5.44924 4.67815,
	5.45119 4.67523,
	5.45898 4.67718,
	5.46579 4.68399,
	5.47358 4.69957,
	5.47845 4.71515,
	5.48429 4.7463,
	5.48624 4.76188,
	5.48721 4.76967,
	5.49403 4.78525,
	5.50863 4.80082,
	5.52324 4.81348,
	5.53103 4.8203,
	5.53492 4.82322,
	5.53687 4.82322,
	5.5505 4.83685,
	5.55731 4.84464,
	5.56608 4.86021,
	5.57192 4.87579,
	5.57484 4.89137,
	5.5836 4.92253,
	5.58652 4.9381,
	5.58749 4.96926,
	5.59042 5.00041,
	5.59236 5.01599,
	5.59236 5.02378,
	5.60015 5.03936,
	5.6206 5.07051,
	5.62352 5.07441,
	5.62546 5.0822,
	5.6167 5.14451,
	5.61281 5.16008,
	5.60989 5.19124,
	5.60794 5.20682,
	5.60794 5.21071,
	5.60502 5.21461,
	5.60405 5.2185,
	5.6021 5.22045,
	5.60112 5.22434,
	5.58165 5.2555,
	5.57873 5.26329,
	5.57289 5.27107,
	5.55731 5.2847,
	5.54174 5.29055,
	5.52616 5.29152,
	5.51058 5.28957,
	5.44827 5.29055,
	5.44048 5.29055,
	5.4249 5.29639,
	5.40933 5.30418,
	5.40154 5.30904,
	5.39764 5.31002,
	5.39375 5.31294,
	5.38596 5.31391,
	5.3548 5.31099,
	5.33923 5.30612,
	5.33144 5.30515,
	5.31586 5.31294,
	5.30028 5.31781,
	5.26913 5.3217,
	5.26523 5.32365,
	5.24965 5.32462,
	5.23408 5.32754,
	5.2185 5.32657,
	5.21461 5.32657,
	5.19903 5.31878,
	5.19124 5.31489,
	5.17956 5.29931,
	5.17371 5.29152,
	5.16982 5.28373,
	5.16787 5.27984,
	5.13964 5.24868,
	5.12503 5.2331,
	5.11725 5.22629,
	5.11335 5.22239,
	5.08317 5.16008,
	5.08025 5.15229,
	5.07927 5.13672,
	5.07927 5.12893,
	5.07927 5.12503,
	5.07927 5.12406,
	"/>
</Transform>

<Transform dim="6"
 xcoef=" 0.107787144245561 0.946340742908056 0.0281946209848647 0 0 0"
 ycoef=" 0.00678521000236373 -0.0575753907811874 1.10733605005805 0 0 0">
<Image mag="0.00220626" contrast="1" brightness="0" red="true" green="true" blue="true"
 src="FPNCT.12.jpg" />
<Contour name="domain1" hidden="false" closed="true" simplified="false" border="1 0 1" fill="1 0 1" mode="11"
 points="0 0,
	4096 0,
	4096 4096,
	0 4096,
	"/>
</Transform>

</Section>