<?xml version="1.0"?>
<!DOCTYPE Section SYSTEM "section.dtd">

<Section index="33" thickness="0.048" alignLocked="true">
<Transform dim="6"
 xcoef=" 0.110007277217632 0.9978609252526 -0.00559610403119931 0 0 0"
 ycoef=" 0.189671756840436 0.000870722519327043 0.965368045057907 0 0 0">
<Contour name="mito3" hidden="true" closed="false" simplified="true" border="1 0.5 0" fill="1 0.5 0" mode="13"
 points="2.37542 5.29816,
	2.3789 5.10165,
	"/>
</Transform>

<Transform dim="6"
 xcoef=" 0.110007277217632 0.9978609252526 -0.00559610403119931 0 0 0"
 ycoef=" 0.189671756840436 0.000870722519327043 0.965368045057907 0 0 0">
<Contour name="D04" hidden="true" closed="true" simplified="true" border="1 0 0" fill="1 0 0" mode="13"
 points="1.48509 3.96394,
	1.49282 3.91173,
	1.51566 3.86197,
	1.55253 3.81697,
	1.60172 3.77885,
	1.66092 3.74938,
	1.72737 3.72994,
	1.79795 3.72145,
	1.86937 3.72429,
	1.93829 3.73834,
	2.00148 3.76294,
	2.05599 3.79693,
	2.09928 3.83874,
	2.12931 3.88639,
	2.14469 3.93768,
	2.14469 3.99019,
	2.12931 4.04148,
	2.09928 4.08913,
	2.05599 4.13094,
	2.00148 4.16493,
	1.93829 4.18953,
	1.86937 4.20358,
	1.79795 4.20642,
	1.72737 4.19793,
	1.66092 4.17849,
	1.60172 4.14902,
	1.55253 4.1109,
	1.51566 4.0659,
	"/>
</Transform>

<Transform dim="6"
 xcoef=" 0.110007277217632 0.9978609252526 -0.00559610403119931 0 0 0"
 ycoef=" 0.189671756840436 0.000870722519327043 0.965368045057907 0 0 0">
<Contour name="D06" hidden="true" closed="true" simplified="true" border="0 0 1" fill="0 0 1" mode="9"
 points="6.07475 7.40182,
	6.08155 7.36243,
	6.10157 7.32534,
	6.13364 7.2927,
	6.1759 7.26639,
	6.22588 7.24795,
	6.2807 7.23846,
	6.33715 7.23846,
	6.39196 7.24795,
	6.44195 7.26639,
	6.48421 7.2927,
	6.51628 7.32534,
	6.53629 7.36243,
	6.5431 7.40182,
	6.53629 7.4412,
	6.51628 7.47829,
	6.48421 7.51094,
	6.44195 7.53724,
	6.39196 7.55568,
	6.33715 7.56517,
	6.2807 7.56517,
	6.22588 7.55568,
	6.1759 7.53724,
	6.13364 7.51094,
	6.10157 7.47829,
	6.08155 7.4412,
	"/>
</Transform>

<Transform dim="6"
 xcoef=" 0.110007277217632 0.9978609252526 -0.00559610403119931 0 0 0"
 ycoef=" 0.189671756840436 0.000870722519327043 0.965368045057907 0 0 0">
<Contour name="D07" hidden="true" closed="true" simplified="true" border="1 0 1" fill="1 0 1" mode="9"
 points="5.58741 6.82271,
	5.59257 6.78334,
	5.60774 6.74635,
	5.63201 6.71398,
	5.6639 6.68817,
	5.7015 6.67049,
	5.74253 6.662,
	5.78451 6.66323,
	5.8249 6.67408,
	5.86128 6.69391,
	5.89143 6.72153,
	5.91354 6.75525,
	5.92627 6.79305,
	5.92886 6.83264,
	5.92114 6.87163,
	5.90358 6.90767,
	5.87725 6.93857,
	5.84374 6.96248,
	5.80506 6.97794,
	5.76356 6.98402,
	5.72174 6.98036,
	5.68212 6.96718,
	5.64711 6.94527,
	5.61882 6.91595,
	5.59895 6.88101,
	"/>
</Transform>

<Transform dim="6"
 xcoef=" 0.110007277217632 0.9978609252526 -0.00559610403119931 0 0 0"
 ycoef=" 0.189671756840436 0.000870722519327043 0.965368045057907 0 0 0">
<Contour name="d02c04" hidden="true" closed="true" simplified="true" border="0 1 0" fill="0 1 0" mode="9"
 points="5.60062 2.7732,
	5.61224 2.74221,
	5.63935 2.71123,
	5.65097 2.69961,
	5.66646 2.69573,
	5.67421 2.69573,
	5.70132 2.72672,
	5.71681 2.7577,
	5.71681 2.76545,
	5.72843 2.78094,
	5.74005 2.81193,
	5.73618 2.84291,
	5.73231 2.85841,
	5.71681 2.87003,
	5.70132 2.87003,
	5.68583 2.86228,
	5.67808 2.86228,
	5.64322 2.80031,
	5.63935 2.78482,
	5.62773 2.76932,
	5.61998 2.76158,
	5.61224 2.7732,
	5.60449 2.77707,
	"/>
<Contour name="d02cfa04" hidden="true" closed="false" simplified="false" border="0 1 1" fill="0 1 1" mode="9"
 points="5.71802 2.86709,
	5.71027 2.8516,
	5.67541 2.77801,
	5.63281 2.71604,
	"/>
</Transform>

<Transform dim="6"
 xcoef=" 0.110007277217632 0.9978609252526 -0.00559610403119931 0 0 0"
 ycoef=" 0.189671756840436 0.000870722519327043 0.965368045057907 0 0 0">
<Contour name="D08" hidden="true" closed="true" simplified="true" border="1 0 0" fill="1 0 0" mode="9"
 points="6.28561 2.82867,
	6.29318 2.78982,
	6.31516 2.75477,
	6.34939 2.72696,
	6.39253 2.7091,
	6.44034 2.70295,
	6.48815 2.7091,
	6.53129 2.72696,
	6.56552 2.75477,
	6.5875 2.78982,
	6.59507 2.82867,
	6.5875 2.86752,
	6.56552 2.90256,
	6.53129 2.93038,
	6.48815 2.94823,
	6.44034 2.95439,
	6.39253 2.94823,
	6.34939 2.93038,
	6.31516 2.90256,
	"/>
</Transform>

<Transform dim="6"
 xcoef=" -0.0799927227823673 0.9978609252526 -0.00559610403119931 0 0 0"
 ycoef=" -0.110328243159565 0.000870722519327043 0.965368045057907 0 0 0">
<Contour name="D13" hidden="true" closed="true" simplified="true" border="0.5 0 1" fill="0.5 0 1" mode="9"
 points="2.44438 1.53344,
	2.45248 1.45517,
	2.47636 1.38083,
	2.51483 1.31414,
	2.56596 1.25845,
	2.62718 1.21654,
	2.69543 1.19053,
	2.76728 1.18171,
	2.83913 1.19053,
	2.90737 1.21654,
	2.9686 1.25845,
	3.01972 1.31414,
	3.05819 1.38083,
	3.08207 1.45517,
	3.09017 1.53344,
	3.08207 1.6117,
	3.05819 1.68604,
	3.01972 1.75273,
	2.9686 1.80842,
	2.90737 1.85033,
	2.83913 1.87634,
	2.76728 1.88516,
	2.69543 1.87634,
	2.62718 1.85033,
	2.56596 1.80842,
	2.51483 1.75273,
	2.47636 1.68604,
	"/>
<Contour name="D12" hidden="true" closed="true" simplified="true" border="1 0.5 0" fill="1 0.5 0" mode="9"
 points="4.35362 5.56034,
	4.36389 5.47587,
	4.39389 5.39824,
	4.44118 5.33375,
	4.50193 5.28761,
	4.57121 5.26357,
	4.64342 5.26357,
	4.71271 5.28761,
	4.77346 5.33375,
	4.82074 5.39824,
	4.85074 5.47587,
	4.86102 5.56034,
	4.85074 5.64482,
	4.82074 5.72244,
	4.77346 5.78694,
	4.71271 5.83308,
	4.64342 5.85712,
	4.57121 5.85712,
	4.50193 5.83308,
	4.44118 5.78694,
	4.39389 5.72244,
	4.36389 5.64482,
	"/>
</Transform>

<Transform dim="6"
 xcoef=" 0.110007277217632 0.9978609252526 -0.00559610403119931 0 0 0"
 ycoef=" 0.189671756840436 0.000870722519327043 0.965368045057907 0 0 0">
<Contour name="d13" hidden="true" closed="true" simplified="true" border="1 1 0" fill="1 1 0" mode="11"
 points="3.54041 -0.100795,
	3.59081 -0.146467,
	3.61601 -0.138593,
	3.62861 -0.135443,
	3.7294 -0.09292,
	3.7546 -0.0834705,
	3.805 -0.0488224,
	3.8176 -0.0409478,
	3.86799 -0.0472475,
	3.89319 -0.0503973,
	4.09478 -0.143317,
	4.10108 -0.146467,
	4.12628 -0.133868,
	4.13888 -0.125993,
	4.14518 -0.122843,
	4.1499 -0.110244,
	4.16093 -0.0598468,
	4.16408 -0.0472475,
	4.14045 0.00314983,
	4.12785 0.0283485,
	4.02706 0.074021,
	3.97666 0.0960699,
	3.95146 0.118119,
	3.92627 0.143317,
	3.90107 0.165366,
	3.87587 0.17954,
	3.86327 0.187415,
	3.83807 0.19529,
	3.81287 0.198439,
	3.80027 0.200014,
	3.74987 0.196864,
	3.72468 0.196864,
	3.71208 0.196864,
	3.63963 0.0960699,
	3.57821 -0.00472475,
	3.56246 -0.0299234,
	3.54671 -0.0803207,
	3.54199 -0.09292,
	3.54041 -0.0992197,
	"/>
</Transform>

<Transform dim="6"
 xcoef=" 0.110007277217632 0.9978609252526 -0.00559610403119931 0 0 0"
 ycoef=" 0.189671756840436 0.000870722519327043 0.965368045057907 0 0 0">
<Contour name="d13p10" hidden="true" closed="true" simplified="false" border="0 1 1" fill="0 1 1" mode="9"
 points="2.56914 2.66328,
	2.58337 2.64906,
	2.52646 2.59215,
	2.54069 2.57793,
	2.59759 2.63483,
	2.61182 2.62061,
	2.61182 2.66328,
	"/>
</Transform>

<Transform dim="6"
 xcoef=" 0.110007277217632 0.9978609252526 -0.00559610403119931 0 0 0"
 ycoef=" 0.189671756840436 0.000870722519327043 0.965368045057907 0 0 0">
<Contour name="d13" hidden="true" closed="true" simplified="true" border="1 1 0" fill="1 1 0" mode="11"
 points="4.03034 2.20943,
	4.0494 2.16251,
	4.07286 2.15079,
	4.08459 2.14639,
	4.10805 2.14639,
	4.11977 2.14639,
	4.16669 2.15812,
	4.17842 2.16251,
	4.22533 2.20796,
	4.24586 2.23142,
	4.25466 2.24315,
	4.25759 2.24608,
	4.25905 2.25781,
	4.25905 2.26368,
	4.25905 2.26661,
	4.23853 2.2886,
	4.1447 2.33405,
	4.12124 2.34578,
	4.09778 2.35164,
	4.09192 2.35311,
	4.06846 2.34285,
	4.03327 2.2974,
	4.03181 2.25048,
	4.03034 2.22702,
	4.03034 2.21529,
	4.03034 2.2109,
	"/>
</Transform>

<Transform dim="6"
 xcoef=" 0.110007277217632 0.9978609252526 -0.00559610403119931 0 0 0"
 ycoef=" 0.189671756840436 0.000870722519327043 0.965368045057907 0 0 0">
<Contour name="d13" hidden="true" closed="true" simplified="true" border="1 1 0" fill="1 1 0" mode="11"
 points="3.86591 3.48392,
	3.88979 3.45562,
	3.90217 3.44148,
	3.90836 3.4344,
	3.93754 3.37781,
	3.94107 3.37074,
	3.94461 3.36808,
	3.95876 3.36278,
	3.96583 3.36012,
	3.96937 3.35836,
	4.02596 3.35482,
	4.05426 3.36278,
	4.0684 3.37427,
	4.07548 3.38046,
	4.07725 3.39461,
	4.07813 3.42291,
	4.07725 3.43705,
	4.07194 3.4512,
	4.07017 3.45828,
	4.04099 3.51487,
	4.02596 3.54316,
	4.01889 3.55731,
	4.01712 3.56085,
	4.00297 3.57057,
	3.98882 3.56527,
	3.97467 3.55377,
	3.94638 3.52725,
	3.91808 3.5131,
	3.90393 3.51045,
	3.88979 3.50956,
	3.88271 3.50956,
	3.87918 3.50956,
	3.87475 3.50337,
	3.86856 3.48922,
	3.8668 3.48569,
	3.86591 3.4848,
	"/>
</Transform>

<Transform dim="6"
 xcoef=" 0.110007277217632 0.9978609252526 -0.00559610403119931 0 0 0"
 ycoef=" 0.189671756840436 0.000870722519327043 0.965368045057907 0 0 0">
<Contour name="d13" hidden="true" closed="true" simplified="true" border="1 1 0" fill="1 1 0" mode="11"
 points="0.595148 0.611342,
	0.597172 0.595148,
	0.659926 0.546564,
	0.724704 0.487859,
	0.789482 0.437251,
	0.821871 0.410935,
	0.886649 0.368425,
	0.888673 0.364376,
	0.852236 0.299598,
	0.817822 0.170042,
	0.809725 0.137653,
	0.785433 0.105264,
	0.777336 0.097167,
	0.773287 0.0890697,
	0.771263 0.0566807,
	0.771263 0.0404862,
	0.803652 0.0222674,
	0.819847 0.0141702,
	0.836041 0.0101216,
	0.844138 0.00809725,
	0.848187 0.00607294,
	0.912965 0.0404862,
	0.931184 0.0728752,
	0.931184 0.202431,
	0.933208 0.218626,
	0.961548 0.251015,
	0.965597 0.259112,
	0.969646 0.263161,
	0.98584 0.261136,
	0.989889 0.259112,
	1.00608 0.267209,
	1.01418 0.271258,
	1.02633 0.301623,
	1.03038 0.317817,
	1.0324 0.325914,
	1.03038 0.334012,
	1.03038 0.33806,
	1.03847 0.340084,
	1.07086 0.336036,
	1.08706 0.334012,
	1.09515 0.331987,
	1.15993 0.374498,
	1.19232 0.394741,
	1.20649 0.406887,
	1.25912 0.471665,
	1.27329 0.485835,
	1.30568 0.504054,
	1.31378 0.508102,
	1.34617 0.512151,
	1.36236 0.5162,
	1.37046 0.5162,
	1.40285 0.532394,
	1.40892 0.536443,
	1.40892 0.665999,
	1.42309 0.680169,
	1.43929 0.682193,
	1.44131 0.680169,
	1.43524 0.67612,
	1.44333 0.674096,
	1.47572 0.678145,
	1.49192 0.686242,
	1.50002 0.690291,
	1.52633 0.72268,
	1.55872 0.787458,
	1.57694 0.852236,
	1.57289 0.884625,
	1.57087 0.900819,
	1.57087 0.908916,
	1.5567 0.925111,
	1.52431 0.939281,
	1.45953 0.959524,
	1.42714 0.969646,
	1.39475 0.983816,
	1.36236 0.989889,
	1.34617 0.987864,
	1.32997 0.975719,
	1.32188 0.97167,
	1.28949 0.975719,
	1.22471 1.00406,
	1.19232 1.01823,
	1.17613 1.02228,
	1.11135 1.02025,
	1.04657 0.991913,
	1.01418 0.989889,
	0.997986 0.987864,
	0.965597 0.97167,
	0.949403 0.965597,
	0.941305 0.961548,
	0.876527 0.963573,
	0.860333 0.953451,
	0.795555 0.898795,
	0.76519 0.866406,
	0.748996 0.852236,
	0.716607 0.842114,
	0.700412 0.836041,
	0.672072 0.771263,
	0.635634 0.706485,
	0.631585 0.690291,
	0.629561 0.682193,
	0.597172 0.657902,
	0.595148 0.625513,
	0.595148 0.617415,
	0.595148 0.613367,
	"/>
</Transform>

<Transform dim="6"
 xcoef=" 0.110007277217632 0.9978609252526 -0.00559610403119931 0 0 0"
 ycoef=" 0.189671756840436 0.000870722519327043 0.965368045057907 0 0 0">
<Contour name="d04p05" hidden="true" closed="true" simplified="false" border="1 1 0" fill="1 1 0" mode="-13"
 points="2.1551 4.64607,
	2.1551 4.59162,
	2.10066 4.59162,
	2.10066 4.63926,
	2.09385 4.64607,
	2.09385 4.58482,
	2.1619 4.58482,
	2.1619 4.65287,
	2.09385 4.65287,
	2.10066 4.64607,
	"/>
</Transform>

<Transform dim="6"
 xcoef=" 0.110007277217632 0.9978609252526 -0.00559610403119931 0 0 0"
 ycoef=" 0.189671756840436 0.000870722519327043 0.965368045057907 0 0 0">
<Contour name="d04" hidden="true" closed="true" simplified="true" border="1 0 0" fill="1 0 0" mode="11"
 points="2.14704 5.01009,
	2.16594 4.93449,
	2.1683 4.92504,
	2.18602 4.88723,
	2.19074 4.87778,
	2.19901 4.8707,
	2.23681 4.84943,
	2.27462 4.83289,
	2.29352 4.82699,
	2.31242 4.82581,
	2.32187 4.82699,
	2.32423 4.82699,
	2.39983 4.89314,
	2.40338 4.90259,
	2.40456 4.94039,
	2.40338 4.97819,
	2.40101 4.99709,
	2.38448 5.03371,
	2.37148 5.05261,
	2.36794 5.05734,
	2.29234 5.0597,
	2.27343 5.0597,
	2.25453 5.06206,
	2.24508 5.06561,
	2.23563 5.06679,
	2.16003 5.03135,
	2.15649 5.03017,
	2.15058 5.0219,
	2.14704 5.01718,
	2.14704 5.01599,
	"/>
</Transform>

<Transform dim="6"
 xcoef=" 0.110007277217632 0.9978609252526 -0.00559610403119931 0 0 0"
 ycoef=" 0.189671756840436 0.000870722519327043 0.965368045057907 0 0 0">
<Contour name="d04p19" hidden="true" closed="true" simplified="false" border="0 1 0" fill="0 1 0" mode="9"
 points="2.31433 3.47628,
	2.31433 3.46284,
	2.32778 3.46284,
	2.32778 3.4494,
	2.34122 3.4494,
	2.34122 3.46284,
	2.35466 3.46284,
	2.35466 3.47628,
	2.34122 3.47628,
	2.34122 3.48972,
	2.32778 3.48972,
	2.32778 3.47628,
	"/>
</Transform>

<Transform dim="6"
 xcoef=" 0.110007277217632 0.9978609252526 -0.00559610403119931 0 0 0"
 ycoef=" 0.189671756840436 0.000870722519327043 0.965368045057907 0 0 0">
<Contour name="d04" hidden="true" closed="true" simplified="true" border="1 0 0" fill="1 0 0" mode="11"
 points="2.5414 3.36624,
	2.54748 3.36219,
	2.54546 3.35408,
	2.54748 3.34598,
	2.59815 3.28112,
	2.62449 3.2487,
	2.63665 3.23249,
	2.64273 3.22438,
	2.65895 3.22235,
	2.69137 3.22438,
	2.69948 3.22438,
	2.70353 3.22438,
	2.71164 3.24059,
	2.71569 3.2568,
	2.70759 3.28923,
	2.70353 3.32166,
	2.63868 3.38448,
	2.63057 3.39259,
	2.61436 3.39867,
	2.61031 3.39867,
	2.6022 3.40475,
	2.59409 3.40475,
	2.58599 3.4088,
	2.55356 3.41083,
	2.54951 3.41083,
	2.5414 3.39462,
	2.5414 3.3784,
	2.5414 3.3703,
	2.5414 3.36827,
	"/>
</Transform>

<Transform dim="6"
 xcoef=" 0.110007277217632 0.9978609252526 -0.00559610403119931 0 0 0"
 ycoef=" 0.189671756840436 0.000870722519327043 0.965368045057907 0 0 0">
<Contour name="d04" hidden="true" closed="true" simplified="true" border="1 0 0" fill="1 0 0" mode="11"
 points="1.52898 4.02718,
	1.54481 3.96389,
	1.55272 3.93224,
	1.58437 3.86894,
	1.60019 3.83729,
	1.67931 3.7107,
	1.69118 3.69488,
	1.75447 3.6395,
	1.7703 3.62565,
	1.83359 3.58807,
	1.96018 3.55246,
	1.99183 3.54257,
	2.02348 3.52675,
	2.08678 3.48126,
	2.1026 3.46939,
	2.10656 3.46543,
	2.16985 3.47137,
	2.2015 3.47334,
	2.21732 3.47137,
	2.24897 3.4595,
	2.28062 3.44367,
	2.31227 3.42389,
	2.32809 3.41203,
	2.36172 3.35071,
	2.38545 3.28741,
	2.39732 3.25577,
	2.3993 3.24785,
	2.41512 3.23599,
	2.42303 3.23005,
	2.45073 3.16676,
	2.46062 3.13511,
	2.46655 3.11928,
	2.4804 3.10544,
	2.54369 3.07577,
	2.57534 3.05599,
	2.59116 3.05401,
	2.62281 3.05599,
	2.63863 3.05797,
	2.64655 3.05995,
	2.6505 3.09159,
	2.65248 3.10742,
	2.65446 3.11533,
	2.58325 3.24192,
	2.54171 3.30522,
	2.51995 3.33686,
	2.51007 3.35269,
	2.49622 3.36653,
	2.43292 3.40609,
	2.40128 3.43576,
	2.38545 3.45159,
	2.3815 3.45554,
	2.37754 3.58213,
	2.37754 3.64543,
	2.37556 3.67708,
	2.37556 3.6929,
	2.39139 3.7562,
	2.40523 3.78784,
	2.40523 3.81949,
	2.40721 3.83532,
	2.42501 3.89861,
	2.42897 3.91444,
	2.43095 3.92235,
	2.49226 3.98564,
	2.51007 4.01729,
	2.51798 4.03311,
	2.51995 4.09641,
	2.51995 4.11223,
	2.50018 4.17553,
	2.48831 4.20718,
	2.48237 4.23883,
	2.49622 4.30212,
	2.4982 4.33377,
	2.4982 4.34168,
	2.47248 4.37333,
	2.46655 4.38124,
	2.46259 4.3852,
	2.4527 4.44849,
	2.44875 4.51179,
	2.44281 4.54344,
	2.43886 4.55926,
	2.4349 4.56717,
	2.40325 4.56519,
	2.37161 4.57311,
	2.30831 4.59486,
	2.27666 4.60475,
	2.21337 4.66211,
	2.17776 4.72541,
	2.17183 4.73134,
	2.14018 4.7353,
	2.13623 4.7353,
	2.12238 4.75112,
	2.11447 4.75904,
	2.08282 4.75508,
	2.07491 4.75508,
	2.07095 4.7531,
	2.06897 4.72145,
	2.05908 4.68981,
	2.05711 4.68189,
	2.02546 4.65618,
	2.00963 4.64233,
	2.00172 4.6364,
	1.99777 4.63244,
	1.96612 4.62651,
	1.95029 4.62453,
	1.94238 4.62058,
	1.91469 4.58893,
	1.90085 4.57311,
	1.8692 4.54739,
	1.8059 4.50388,
	1.79008 4.49003,
	1.74261 4.42673,
	1.73074 4.41091,
	1.7248 4.403,
	1.66151 4.3852,
	1.5725 4.25861,
	1.56657 4.24278,
	1.56459 4.22696,
	1.56261 4.21905,
	1.58832 4.15575,
	1.59624 4.13993,
	1.59821 4.13201,
	1.60019 4.12806,
	1.57646 4.09641,
	1.57052 4.09048,
	1.5547 4.09245,
	1.54679 4.09245,
	1.54283 4.09048,
	1.52898 4.02916,
	"/>
</Transform>

<Transform dim="6"
 xcoef=" 0.110007277217632 0.9978609252526 -0.00559610403119931 0 0 0"
 ycoef=" 0.189671756840436 0.000870722519327043 0.965368045057907 0 0 0">
<Contour name="d13c12b" hidden="true" closed="true" simplified="true" border="1 0.5 0" fill="1 0.5 0" mode="11"
 points="4.09222 2.1316,
	4.11828 2.11043,
	4.12479 2.10718,
	4.1769 2.10555,
	4.18993 2.10718,
	4.21598 2.11858,
	4.22901 2.12672,
	4.25018 2.15277,
	4.25507 2.1658,
	4.25669 2.19186,
	4.25832 2.20488,
	4.25669 2.21791,
	4.23064 2.22442,
	4.22738 2.22605,
	4.17527 2.20325,
	4.12316 2.17394,
	4.11014 2.16743,
	4.10199 2.1544,
	4.09711 2.14137,
	4.09385 2.13486,
	4.09222 2.13323,
	"/>
</Transform>

<Transform dim="6"
 xcoef=" 0.110007277217632 0.9978609252526 -0.00559610403119931 0 0 0"
 ycoef=" 0.189671756840436 0.000870722519327043 0.965368045057907 0 0 0">
<Contour name="d13cfa12b" hidden="true" closed="false" simplified="false" border="1 0.5 0" fill="1 0.5 0" mode="13"
 points="4.2558 2.22177,
	4.19392 2.16641,
	4.09621 2.13872,
	"/>
</Transform>

<Transform dim="6"
 xcoef=" 1.34000727721763 0.9978609252526 -0.00559610403119931 0 0 0"
 ycoef=" 1.28967175684044 0.000870722519327043 0.965368045057907 0 0 0">
<Contour name="d13p11" hidden="true" closed="true" simplified="false" border="1 0.5 0" fill="1 0.5 0" mode="13"
 points="3.76965 2.25635,
	3.76965 2.2506,
	3.7754 2.24484,
	3.78116 2.24484,
	3.78691 2.2506,
	3.78691 2.25635,
	3.78116 2.26211,
	3.7754 2.26211,
	"/>
</Transform>

<Transform dim="6"
 xcoef=" 0.110007277217632 0.9978609252526 -0.00559610403119931 0 0 0"
 ycoef=" 0.189671756840436 0.000870722519327043 0.965368045057907 0 0 0">
<Contour name="d13p13" hidden="true" closed="true" simplified="false" border="1 0 0.5" fill="1 0 0.5" mode="-13"
 points="3.17802 0.896209,
	3.22264 0.896209,
	3.20033 0.937104,
	"/>
</Transform>

<Transform dim="6"
 xcoef=" 0.110007277217632 0.9978609252526 -0.00559610403119931 0 0 0"
 ycoef=" 0.189671756840436 0.000870722519327043 0.965368045057907 0 0 0">
<Contour name="d13" hidden="true" closed="true" simplified="true" border="1 1 0.501961" fill="0.5 0 1" mode="11"
 points="2.08928 2.82247,
	2.09326 2.82048,
	2.15692 2.83242,
	2.22059 2.84237,
	2.22457 2.84336,
	2.23252 2.83839,
	2.29619 2.7797,
	2.31211 2.76577,
	2.32703 2.74986,
	2.33101 2.74588,
	2.39467 2.71802,
	2.4265 2.7041,
	2.44242 2.69713,
	2.45038 2.69415,
	2.48221 2.67326,
	2.51404 2.65038,
	2.52996 2.63844,
	2.53692 2.63048,
	2.53792 2.6265,
	2.53294 2.59467,
	2.52996 2.56284,
	2.51703 2.53101,
	2.48718 2.46734,
	2.48022 2.45143,
	2.47624 2.44347,
	2.46729 2.31614,
	2.4643 2.2843,
	2.45933 2.26839,
	2.44242 2.23656,
	2.42252 2.20472,
	2.40661 2.17289,
	2.40163 2.14106,
	2.40163 2.1331,
	2.41556 2.10127,
	2.42252 2.08535,
	2.4275 2.06943,
	2.42849 2.05352,
	2.41755 1.92619,
	2.41556 1.89436,
	2.40661 1.83069,
	2.40362 1.81477,
	2.40163 1.78294,
	2.40163 1.75111,
	2.39965 1.74315,
	2.36781 1.71729,
	2.36085 1.70933,
	2.35588 1.70137,
	2.34593 1.66954,
	2.34095 1.65362,
	2.33996 1.64964,
	2.33896 1.64765,
	2.35488 1.63771,
	2.36284 1.62975,
	2.37378 1.61383,
	2.37875 1.60587,
	2.38174 1.59791,
	2.38373 1.582,
	2.38074 1.55017,
	2.37975 1.54221,
	2.3519 1.47854,
	2.31907 1.41488,
	2.31409 1.40692,
	2.31211 1.40393,
	2.34991 1.34027,
	2.3698 1.30844,
	2.41755 1.24477,
	2.46729 1.18111,
	2.47923 1.16519,
	2.53891 1.10153,
	2.56876 1.06969,
	2.58368 1.05378,
	2.59064 1.04582,
	2.65431 1.00006,
	2.68614 0.976184,
	2.70205 0.963252,
	2.71001 0.958279,
	2.74185 0.947336,
	2.77368 0.938383,
	2.80551 0.93142,
	2.82143 0.926446,
	2.82342 0.925451,
	2.85525 0.941368,
	2.91891 0.978174,
	2.92289 0.980163,
	2.92488 0.982153,
	2.95672 0.966237,
	2.97263 0.958279,
	2.98059 0.9543,
	2.98457 0.95231,
	3.03232 0.888645,
	3.0363 0.886655,
	3.05221 0.88765,
	3.08405 0.893619,
	3.092 0.894613,
	3.09598 0.895608,
	3.15965 0.884666,
	3.16761 0.883671,
	3.17159 0.881681,
	3.20342 0.852833,
	3.21138 0.849849,
	3.21933 0.848854,
	3.22729 0.852833,
	3.25912 0.874718,
	3.27504 0.884666,
	3.27803 0.888645,
	3.27902 0.904561,
	3.28001 0.912519,
	3.28598 0.928436,
	3.28797 0.932415,
	3.31981 0.95231,
	3.33572 0.963252,
	3.34368 0.968226,
	3.37352 1.00006,
	3.38944 1.00901,
	3.42127 1.02095,
	3.42923 1.02393,
	3.44515 1.02692,
	3.4531 1.02791,
	3.45509 1.02791,
	3.46604 1.04084,
	3.46803 1.04283,
	3.46902 1.04283,
	3.47996 1.05875,
	3.48295 1.06273,
	3.49091 1.0677,
	3.49886 1.07566,
	3.50682 1.08163,
	3.51379 1.08959,
	3.51776 1.09257,
	3.53368 1.09456,
	3.5496 1.09058,
	3.55756 1.0876,
	3.56153 1.0866,
	3.56352 1.08561,
	3.62719 1.11943,
	3.64311 1.13037,
	3.65106 1.13734,
	3.65803 1.15325,
	3.663 1.16917,
	3.66499 1.17713,
	3.6819 1.20896,
	3.69185 1.22488,
	3.70379 1.24079,
	3.70876 1.24875,
	3.71672 1.25671,
	3.78038 1.29153,
	3.84405 1.33927,
	3.85897 1.3532,
	3.86593 1.36912,
	3.86991 1.37708,
	3.83907 1.44074,
	3.82415 1.47257,
	3.81619 1.48849,
	3.81222 1.49645,
	3.85698 1.62378,
	3.86195 1.63969,
	3.86494 1.64765,
	3.86593 1.67949,
	3.86892 1.71132,
	3.86991 1.72723,
	3.86792 1.75907,
	3.86295 1.7909,
	3.85499 1.82273,
	3.85599 1.8864,
	3.85599 1.90231,
	3.85897 1.91823,
	3.86792 1.95006,
	3.86991 2.01373,
	3.86693 2.07739,
	3.86394 2.10923,
	3.86295 2.12514,
	3.84007 2.18881,
	3.81918 2.25247,
	3.79431 2.3798,
	3.79133 2.39572,
	3.78536 2.41163,
	3.76944 2.42059,
	3.70578 2.44745,
	3.68986 2.4554,
	3.62619 2.4952,
	3.61028 2.50713,
	3.60232 2.51211,
	3.5864 2.51708,
	3.55457 2.52205,
	3.53865 2.52504,
	3.5307 2.52603,
	3.49886 2.53897,
	3.4352 2.56881,
	3.30787 2.63645,
	3.27604 2.65137,
	3.26012 2.66132,
	3.19645 2.70907,
	3.16462 2.73195,
	3.14871 2.7419,
	3.14473 2.74488,
	3.14274 2.74588,
	3.1109 2.72598,
	3.09499 2.71603,
	3.08703 2.71106,
	3.08305 2.70907,
	3.05122 2.71205,
	3.04724 2.71305,
	3.01541 2.70211,
	2.98357 2.68719,
	2.97562 2.68321,
	2.91195 2.69713,
	2.88012 2.7041,
	2.87216 2.70609,
	2.80849 2.69216,
	2.79258 2.68719,
	2.77666 2.68022,
	2.74483 2.65933,
	2.73687 2.65535,
	2.72891 2.65336,
	2.66525 2.65137,
	2.64933 2.65237,
	2.64137 2.65336,
	2.60954 2.66431,
	2.60158 2.66729,
	2.58567 2.67823,
	2.56975 2.69216,
	2.56179 2.70012,
	2.54488 2.73195,
	2.53692 2.74787,
	2.53493 2.75185,
	2.53493 2.81551,
	2.53493 2.84734,
	2.51802 2.87918,
	2.50907 2.89509,
	2.49514 2.91101,
	2.4842 2.92692,
	2.44839 2.99059,
	2.41059 3.05426,
	2.40661 3.05823,
	2.39069 3.05525,
	2.38273 3.05426,
	2.37478 3.05127,
	2.34294 3.02839,
	2.32703 3.01446,
	2.31907 3.0075,
	2.30315 3.00452,
	2.28724 3.00352,
	2.27132 2.99258,
	2.26336 2.98661,
	2.24745 2.97965,
	2.23949 2.97567,
	2.22357 2.96274,
	2.20765 2.95378,
	2.19174 2.94682,
	2.18378 2.94384,
	2.16786 2.93289,
	2.15195 2.91797,
	2.13603 2.90802,
	2.12807 2.90106,
	2.10619 2.86923,
	2.10121 2.86127,
	2.09425 2.85331,
	2.09127 2.84933,
	2.09027 2.83342,
	2.08928 2.82546,
	2.08928 2.82347,
	"/>
</Transform>

<Transform dim="6"
 xcoef=" 0.110007277217632 0.9978609252526 -0.00559610403119931 0 0 0"
 ycoef=" 0.189671756840436 0.000870722519327043 0.965368045057907 0 0 0">
<Contour name="d13" hidden="true" closed="true" simplified="true" border="1 1 0" fill="1 1 0" mode="11"
 points="3.41353 3.26296,
	3.42677 3.23648,
	3.45324 3.22655,
	3.46648 3.22324,
	3.47971 3.2249,
	3.48633 3.22655,
	3.51281 3.25137,
	3.5277 3.27785,
	3.53432 3.29108,
	3.58727 3.34403,
	3.61043 3.37051,
	3.64352 3.42346,
	3.66007 3.44993,
	3.71136 3.48799,
	3.81726 3.53266,
	3.92316 3.57072,
	3.94963 3.57899,
	3.99762 3.63029,
	4.02078 3.65676,
	4.03236 3.67,
	4.05884 3.68489,
	4.0638 3.68985,
	4.07538 3.7428,
	4.07704 3.76928,
	4.07538 3.79575,
	4.07538 3.80899,
	4.05057 3.86194,
	4.04395 3.87517,
	4.04064 3.88179,
	4.03733 3.88345,
	4.02409 3.87848,
	4.01747 3.87517,
	3.99927 3.82222,
	3.99762 3.81561,
	3.94632 3.78417,
	3.91985 3.76762,
	3.81395 3.73784,
	3.80733 3.73453,
	3.80568 3.72791,
	3.80071 3.72295,
	3.69482 3.72626,
	3.64187 3.72956,
	3.62863 3.73122,
	3.60216 3.72626,
	3.58892 3.72295,
	3.58561 3.72295,
	3.57237 3.69647,
	3.56741 3.67,
	3.5641 3.61705,
	3.56079 3.59057,
	3.52439 3.48468,
	3.4731 3.43338,
	3.44662 3.40856,
	3.43338 3.39533,
	3.42842 3.38871,
	3.41518 3.28281,
	3.41353 3.26957,
	3.41353 3.26461,
	"/>
</Transform>

<Transform dim="6"
 xcoef=" 0.110007277217632 0.9978609252526 -0.00559610403119931 0 0 0"
 ycoef=" 0.189671756840436 0.000870722519327043 0.965368045057907 0 0 0">
<Contour name="d01" hidden="false" closed="true" simplified="true" border="1 1 0" fill="1 0.5 0" mode="9"
 points="3.97884 2.94017,
	3.98182 2.93868,
	3.98182 2.93272,
	3.99225 2.92228,
	4.00268 2.91632,
	4.02652 2.91334,
	4.03844 2.91036,
	4.06229 2.91185,
	4.07421 2.91632,
	4.08613 2.91781,
	4.09805 2.92377,
	4.10848 2.93272,
	4.11593 2.94315,
	4.12488 2.99083,
	4.12488 3.01468,
	4.12786 3.01766,
	4.12786 3.02064,
	4.13978 3.03107,
	4.14574 3.04299,
	4.15021 3.06683,
	4.15319 3.11452,
	4.15617 3.12048,
	4.15915 3.14432,
	4.16213 3.15028,
	4.16213 3.19797,
	4.16213 3.22181,
	4.16064 3.23374,
	4.15766 3.2397,
	4.15319 3.26354,
	4.14425 3.28738,
	4.13978 3.2993,
	4.1368 3.32315,
	4.1368 3.32911,
	4.12935 3.35295,
	4.12786 3.36487,
	4.1219 3.37679,
	4.11891 3.37978,
	4.11742 3.38574,
	4.11295 3.3917,
	4.10848 3.40362,
	4.10699 3.40958,
	4.10252 3.41554,
	4.09656 3.41852,
	4.0906 3.41852,
	4.08762 3.41554,
	4.08315 3.3917,
	4.08166 3.37978,
	4.07719 3.36785,
	4.07719 3.36189,
	4.07868 3.35891,
	4.0757 3.34699,
	4.06527 3.32315,
	4.0608 3.31123,
	4.05186 3.2993,
	4.0459 3.29334,
	4.03397 3.27099,
	4.02503 3.25907,
	4.01907 3.24715,
	4.01758 3.2233,
	4.01907 3.21138,
	4.02205 3.20542,
	4.02354 3.18158,
	4.0295 3.15774,
	4.03248 3.15177,
	4.0295 3.13985,
	4.03099 3.12942,
	4.0295 3.12346,
	4.02652 3.12048,
	4.02652 3.1175,
	4.02354 3.11452,
	4.02354 3.11154,
	4.02056 3.10856,
	4.02056 3.08472,
	4.02056 3.07875,
	4.01609 3.06683,
	4.01609 3.05491,
	4.01907 3.04299,
	4.01758 3.03107,
	4.01609 3.02511,
	4.01758 3.01915,
	4.0146 3.01319,
	4.01609 3.00723,
	4.01013 2.9953,
	4.01013 2.99232,
	4.00715 2.98934,
	4.00566 2.98338,
	3.99821 2.97146,
	3.98778 2.96103,
	3.98033 2.9506,
	3.97884 2.94464,
	3.97884 2.94166,
	"/>
<Contour name="d01" hidden="false" closed="true" simplified="true" border="1 1 0" fill="1 0.5 0" mode="9"
 points="4.05782 3.57946,
	4.0608 3.56754,
	4.06676 3.55562,
	4.07868 3.5437,
	4.08464 3.54072,
	4.08613 3.53774,
	4.10997 3.53029,
	4.15766 3.52582,
	4.16958 3.52731,
	4.1815 3.53625,
	4.18746 3.53923,
	4.19939 3.53476,
	4.21131 3.52731,
	4.21727 3.52283,
	4.22919 3.52134,
	4.23515 3.51836,
	4.24707 3.51836,
	4.25899 3.52283,
	4.28135 3.53923,
	4.29178 3.54817,
	4.29476 3.54817,
	4.30072 3.55264,
	4.3037 3.55562,
	4.30668 3.55562,
	4.31264 3.56009,
	4.32456 3.56307,
	4.33052 3.56307,
	4.34245 3.56754,
	4.39013 3.56903,
	4.41397 3.56903,
	4.4259 3.56903,
	4.43186 3.57201,
	4.43484 3.57201,
	4.43931 3.57797,
	4.44229 3.58095,
	4.44676 3.6048,
	4.46017 3.62864,
	4.46762 3.63907,
	4.47954 3.64801,
	4.4855 3.65248,
	4.48848 3.65546,
	4.49147 3.65546,
	4.5019 3.6644,
	4.51382 3.66887,
	4.53766 3.66887,
	4.5615 3.67185,
	4.58535 3.68378,
	4.59727 3.68974,
	4.60919 3.70166,
	4.61515 3.71358,
	4.61813 3.71656,
	4.61813 3.71954,
	4.63303 3.74338,
	4.67178 3.7866,
	4.69115 3.80895,
	4.70307 3.8328,
	4.70307 3.83578,
	4.70605 3.83876,
	4.70456 3.88644,
	4.71052 3.91029,
	4.71351 3.91625,
	4.71351 3.92817,
	4.71052 3.94009,
	4.71052 3.94307,
	4.70754 3.94605,
	4.70456 3.95797,
	4.70158 3.96095,
	4.70158 3.96393,
	4.68221 3.98778,
	4.65837 4.00715,
	4.6375 4.02205,
	4.62707 4.0295,
	4.62111 4.03397,
	4.61813 4.03397,
	4.61217 4.03844,
	4.60621 4.03993,
	4.60025 4.0444,
	4.58833 4.04888,
	4.58237 4.05037,
	4.57045 4.05782,
	4.55852 4.06974,
	4.54213 4.09209,
	4.5317 4.10252,
	4.50786 4.11742,
	4.5019 4.12041,
	4.49892 4.12041,
	4.47507 4.1368,
	4.45123 4.15021,
	4.43931 4.15617,
	4.41546 4.15766,
	4.40354 4.15319,
	4.3797 4.14872,
	4.35586 4.1517,
	4.34394 4.15319,
	4.32009 4.16064,
	4.30817 4.16213,
	4.29625 4.16064,
	4.27241 4.1517,
	4.26644 4.15319,
	4.26048 4.1517,
	4.25154 4.14127,
	4.24558 4.1368,
	4.24111 4.12488,
	4.23664 4.10103,
	4.23664 4.09805,
	4.2277 4.08613,
	4.21727 4.07719,
	4.2128 4.07123,
	4.21131 4.06527,
	4.21131 4.06229,
	4.20833 4.05931,
	4.20535 4.04739,
	4.19492 4.02354,
	4.18895 4.01311,
	4.18448 4.00715,
	4.1815 4.00417,
	4.1815 4.00119,
	4.17703 3.99523,
	4.17405 3.99225,
	4.16213 3.99076,
	4.13829 3.98182,
	4.12786 3.97139,
	4.12488 3.95946,
	4.11891 3.94754,
	4.1219 3.94307,
	4.11891 3.93711,
	4.11891 3.92519,
	4.10997 3.90135,
	4.10699 3.8775,
	4.10401 3.86558,
	4.10103 3.85962,
	4.09954 3.83578,
	4.09954 3.82386,
	4.10252 3.81193,
	4.10103 3.78809,
	4.1055 3.77617,
	4.10401 3.75233,
	4.10252 3.7404,
	4.10401 3.72848,
	4.09954 3.70464,
	4.09507 3.69272,
	4.08762 3.6808,
	4.08315 3.66887,
	4.08315 3.65695,
	4.07272 3.63311,
	4.06527 3.62119,
	4.06527 3.61821,
	4.06229 3.61672,
	4.05782 3.59287,
	4.05782 3.58095,
	"/>
</Transform>

<Transform dim="6"
 xcoef=" 0.110007277217632 0.9978609252526 -0.00559610403119931 0 0 0"
 ycoef=" 0.189671756840436 0.000870722519327043 0.965368045057907 0 0 0">
<Contour name="d01" hidden="false" closed="true" simplified="true" border="1 1 0" fill="1 0.5 0" mode="9"
 points="4.13084 2.42456,
	4.13382 2.41264,
	4.14574 2.38879,
	4.17554 2.34111,
	4.19939 2.32173,
	4.22174 2.30683,
	4.23366 2.29938,
	4.24558 2.28895,
	4.25303 2.27852,
	4.2575 2.27256,
	4.25899 2.2666,
	4.26794 2.25616,
	4.27986 2.24871,
	4.3037 2.24126,
	4.31562 2.23977,
	4.32754 2.24275,
	4.33946 2.25318,
	4.34394 2.25914,
	4.34692 2.26212,
	4.34692 2.26511,
	4.35139 2.27107,
	4.35288 2.27703,
	4.36629 2.30087,
	4.38119 2.32173,
	4.39907 2.34558,
	4.41397 2.36942,
	4.41845 2.37538,
	4.41994 2.38134,
	4.42292 2.38432,
	4.42292 2.3873,
	4.4259 2.39028,
	4.42739 2.39624,
	4.44229 2.4186,
	4.44974 2.42903,
	4.4706 2.44542,
	4.49296 2.45883,
	4.50488 2.46181,
	4.52872 2.46181,
	4.57641 2.46926,
	4.60025 2.47075,
	4.64794 2.4633,
	4.67178 2.46628,
	4.67774 2.46777,
	4.70009 2.48715,
	4.71201 2.49758,
	4.71649 2.50354,
	4.71947 2.50652,
	4.72394 2.51844,
	4.72245 2.54228,
	4.72096 2.54824,
	4.72096 2.55122,
	4.70754 2.57507,
	4.70009 2.58699,
	4.68966 2.59593,
	4.6837 2.59891,
	4.68072 2.59891,
	4.65688 2.6153,
	4.64496 2.62424,
	4.62111 2.63617,
	4.59727 2.64064,
	4.57343 2.64809,
	4.56747 2.65107,
	4.5615 2.65107,
	4.55852 2.65405,
	4.5466 2.65703,
	4.52276 2.66746,
	4.5168 2.66895,
	4.4706 2.69726,
	4.45868 2.70322,
	4.44676 2.71217,
	4.43633 2.71813,
	4.41546 2.73452,
	4.36927 2.76283,
	4.34692 2.77773,
	4.33499 2.78519,
	4.32903 2.78966,
	4.31711 2.79264,
	4.30519 2.79115,
	4.28135 2.78071,
	4.26943 2.77028,
	4.25899 2.76283,
	4.25303 2.75985,
	4.25005 2.75687,
	4.24707 2.75687,
	4.23664 2.74942,
	4.23068 2.75091,
	4.22472 2.74942,
	4.2128 2.74197,
	4.20088 2.7375,
	4.18895 2.73601,
	4.17703 2.73154,
	4.15468 2.71068,
	4.15021 2.7062,
	4.14872 2.68236,
	4.14872 2.67044,
	4.13829 2.64809,
	4.13382 2.64213,
	4.13829 2.61828,
	4.13829 2.61232,
	4.14276 2.60636,
	4.14276 2.60338,
	4.14723 2.59742,
	4.15021 2.5855,
	4.1517 2.57954,
	4.14127 2.53185,
	4.14425 2.50801,
	4.14276 2.49609,
	4.13829 2.48416,
	4.13084 2.47224,
	4.13084 2.46032,
	4.13233 2.45436,
	4.13084 2.43052,
	4.13084 2.42605,
	"/>
</Transform>

<Transform dim="6"
 xcoef=" 0.110007277217632 0.9978609252526 -0.00559610403119931 0 0 0"
 ycoef=" 0.189671756840436 0.000870722519327043 0.965368045057907 0 0 0">
<Contour name="d02" hidden="true" closed="true" simplified="true" border="0.5 0 1" fill="0.5 0 1" mode="11"
 points="7.11441 4.68256,
	7.12212 4.65173,
	7.12019 4.63631,
	7.12404 4.60548,
	7.12404 4.59006,
	7.12982 4.57465,
	7.15487 4.54382,
	7.17029 4.5284,
	7.18571 4.51877,
	7.21654 4.51684,
	7.22425 4.51299,
	7.25508 4.51877,
	7.27049 4.52262,
	7.28591 4.53033,
	7.29554 4.56116,
	7.29362 4.57658,
	7.28591 4.59199,
	7.26086 4.62282,
	7.24737 4.63824,
	7.21654 4.66136,
	7.19149 4.69027,
	7.16066 4.71146,
	7.14524 4.71339,
	7.13753 4.71532,
	7.12982 4.71339,
	7.12212 4.70761,
	7.11633 4.69219,
	7.11441 4.68449,
	"/>
</Transform>

<Transform dim="6"
 xcoef=" 0.110007277217632 0.9978609252526 -0.00559610403119931 0 0 0"
 ycoef=" 0.189671756840436 0.000870722519327043 0.965368045057907 0 0 0">
<Contour name="d02" hidden="true" closed="true" simplified="true" border="0.5 0 1" fill="0.5 0 1" mode="11"
 points="4.70568 3.37414,
	4.71725 3.35872,
	4.7211 3.32789,
	4.74422 3.29899,
	4.74615 3.29128,
	4.75578 3.27586,
	4.76542 3.2142,
	4.7712 3.19879,
	4.7712 3.18337,
	4.78084 3.15254,
	4.79625 3.13712,
	4.80396 3.13327,
	4.81938 3.13327,
	4.82708 3.13327,
	4.84057 3.1429,
	4.84635 3.15061,
	4.84828 3.18144,
	4.85213 3.19686,
	4.85213 3.21227,
	4.86177 3.27394,
	4.87526 3.39726,
	4.8714 3.4281,
	4.86562 3.44351,
	4.83479 3.44544,
	4.80396 3.43773,
	4.80011 3.43388,
	4.73844 3.41653,
	4.72303 3.41075,
	4.70954 3.40112,
	4.70568 3.39726,
	4.70568 3.38185,
	4.70568 3.37607,
	"/>
<Contour name="d02" hidden="true" closed="true" simplified="true" border="0.5 0 1" fill="0.5 0 1" mode="11"
 points="5.64027 3.51866,
	5.64798 3.51096,
	5.65376 3.48012,
	5.66147 3.3568,
	5.66339 3.32597,
	5.66339 3.31055,
	5.66147 3.30284,
	5.66532 3.28743,
	5.66532 3.27972,
	5.68266 3.24889,
	5.70386 3.18722,
	5.71735 3.15639,
	5.72506 3.12556,
	5.73084 3.11014,
	5.74047 3.09473,
	5.75589 3.08124,
	5.7636 3.07546,
	5.79443 3.0639,
	5.8214 3.03499,
	5.82911 3.02728,
	5.84453 3.01765,
	5.85416 3.00416,
	5.85994 2.98874,
	5.86187 2.97333,
	5.88307 2.9425,
	5.8927 2.91167,
	5.90234 2.89625,
	5.91005 2.86542,
	5.93124 2.83459,
	5.94666 2.82495,
	5.96207 2.81917,
	5.97749 2.81724,
	6.00832 2.83266,
	6.02374 2.84808,
	6.02759 2.85578,
	6.0353 2.86349,
	6.06613 2.87505,
	6.07384 2.87698,
	6.10274 2.90588,
	6.13358 2.92515,
	6.16248 2.95021,
	6.19331 2.9714,
	6.25497 3.00609,
	6.28581 3.01958,
	6.31664 3.0215,
	6.32435 3.02343,
	6.3282 3.02343,
	6.35903 3.05426,
	6.4207 3.08895,
	6.45153 3.09087,
	6.46694 3.09473,
	6.48236 3.10822,
	6.49392 3.12363,
	6.52475 3.15254,
	6.53053 3.16025,
	6.53824 3.19108,
	6.53631 3.20649,
	6.53824 3.21227,
	6.5999 3.26238,
	6.60761 3.26623,
	6.61532 3.27394,
	6.61725 3.28935,
	6.61532 3.30477,
	6.60954 3.32019,
	6.60569 3.32789,
	6.61917 3.35872,
	6.62495 3.37414,
	6.62688 3.40497,
	6.63652 3.41846,
	6.64422 3.42232,
	6.67313 3.45122,
	6.67698 3.45893,
	6.67313 3.48976,
	6.68662 3.55142,
	6.6924 3.58225,
	6.69818 3.59767,
	6.71167 3.60923,
	6.71745 3.61694,
	6.72708 3.64777,
	6.74057 3.66319,
	6.77141 3.67668,
	6.80224 3.68438,
	6.83307 3.70365,
	6.8639 3.73256,
	6.87161 3.74797,
	6.87354 3.75568,
	6.86775 3.7711,
	6.85427 3.78459,
	6.82343 3.79808,
	6.7926 3.81542,
	6.76755 3.84432,
	6.73865 3.86937,
	6.72323 3.87901,
	6.71552 3.88286,
	6.68469 3.90984,
	6.65386 3.92718,
	6.63844 3.93682,
	6.62303 3.95031,
	6.56136 3.98307,
	6.53053 3.99848,
	6.52282 4.00234,
	6.50548 4.03124,
	6.49777 4.04666,
	6.48621 4.06207,
	6.4785 4.06785,
	6.4708 4.06978,
	6.43996 4.06015,
	6.40913 4.04473,
	6.40143 4.04088,
	6.33976 4.04858,
	6.30893 4.05244,
	6.2781 4.05051,
	6.26268 4.04858,
	6.24727 4.05822,
	6.23185 4.07171,
	6.21644 4.07942,
	6.20102 4.08134,
	6.19331 4.08134,
	6.16248 4.06978,
	6.13165 4.06593,
	6.11623 4.06015,
	6.10082 4.04858,
	6.06998 4.01968,
	6.05457 4.00812,
	6.02374 3.99463,
	6.00832 3.98499,
	5.99098 3.95416,
	5.97942 3.93875,
	5.97171 3.93682,
	5.91005 3.9426,
	5.89463 3.94453,
	5.87921 3.9426,
	5.84838 3.92911,
	5.83297 3.92526,
	5.7713 3.92333,
	5.75589 3.91755,
	5.74818 3.91562,
	5.73469 3.90021,
	5.72506 3.88479,
	5.71927 3.86937,
	5.7212 3.83854,
	5.7212 3.83083,
	5.7212 3.82698,
	5.69037 3.80193,
	5.67688 3.78651,
	5.67303 3.78266,
	5.66917 3.76724,
	5.67495 3.75183,
	5.67688 3.74412,
	5.67881 3.74027,
	5.66532 3.72485,
	5.66147 3.70944,
	5.66147 3.6786,
	5.66532 3.66319,
	5.65183 3.60152,
	5.6422 3.53986,
	5.64027 3.52445,
	5.64027 3.52059,
	"/>
<Contour name="d02" hidden="true" closed="true" simplified="true" border="0.5 0 1" fill="0.5 0 1" mode="11"
 points="5.60173 2.63996,
	5.60944 2.63418,
	5.61329 2.63033,
	5.64412 2.62262,
	5.67495 2.61876,
	5.70579 2.62262,
	5.71349 2.62455,
	5.7424 2.64574,
	5.75011 2.65152,
	5.78094 2.6496,
	5.78865 2.6496,
	5.79635 2.64574,
	5.82719 2.64189,
	5.85802 2.63225,
	5.87343 2.63033,
	5.88885 2.63418,
	5.89656 2.63803,
	5.90812 2.65152,
	5.9139 2.66694,
	5.92353 2.7286,
	5.92932 2.75943,
	5.92739 2.79027,
	5.92546 2.80568,
	5.92546 2.80954,
	5.92161 2.81339,
	5.91583 2.82881,
	5.90619 2.84229,
	5.90426 2.85,
	5.88307 2.87891,
	5.87921 2.88661,
	5.87536 2.91745,
	5.87151 2.93286,
	5.85031 2.95984,
	5.84646 2.97526,
	5.84646 2.97911,
	5.80213 3.04077,
	5.78865 3.05426,
	5.77323 3.06004,
	5.75781 3.05812,
	5.75011 3.05041,
	5.74625 3.0427,
	5.74625 3.02728,
	5.75011 3.01187,
	5.75203 3.00416,
	5.74818 2.98874,
	5.74047 2.97333,
	5.74433 2.9425,
	5.74433 2.91167,
	5.74433 2.90781,
	5.74047 2.90396,
	5.72891 2.87313,
	5.72313 2.84229,
	5.71927 2.82688,
	5.70193 2.79605,
	5.69808 2.78063,
	5.69422 2.77678,
	5.69422 2.77292,
	5.69037 2.76907,
	5.69037 2.76522,
	5.67881 2.7498,
	5.65376 2.72668,
	5.64027 2.71704,
	5.621 2.68814,
	5.61522 2.68043,
	5.60366 2.6496,
	5.60173 2.64189,
	"/>
<Contour name="d02" hidden="true" closed="true" simplified="true" border="0.5 0 1" fill="0.5 0 1" mode="11"
 points="6.53053 2.46075,
	6.53439 2.42992,
	6.54017 2.41451,
	6.54402 2.38367,
	6.55751 2.37018,
	6.58834 2.36055,
	6.60376 2.3567,
	6.61917 2.34899,
	6.65001 2.32586,
	6.66349 2.31623,
	6.67891 2.30274,
	6.69047 2.28925,
	6.70589 2.27576,
	6.7213 2.26613,
	6.72901 2.26035,
	6.73672 2.25842,
	6.73865 2.25457,
	6.76948 2.243,
	6.77141 2.23915,
	6.78682 2.2353,
	6.80224 2.22759,
	6.80994 2.22566,
	6.835 2.19868,
	6.85041 2.19098,
	6.85812 2.18712,
	6.86197 2.18327,
	6.8928 2.17749,
	6.92364 2.17941,
	6.93134 2.18134,
	6.9352 2.18519,
	6.96603 2.19483,
	6.98145 2.19868,
	7.01228 2.19868,
	7.04311 2.19483,
	7.05853 2.18905,
	7.07394 2.18712,
	7.08165 2.18712,
	7.09706 2.18134,
	7.11248 2.17941,
	7.12019 2.17556,
	7.1356 2.17749,
	7.15102 2.18327,
	7.18185 2.20254,
	7.18185 2.20639,
	7.19149 2.21988,
	7.19727 2.2353,
	7.20112 2.243,
	7.19919 2.27384,
	7.19534 2.27769,
	7.19341 2.2854,
	7.18763 2.29311,
	7.18378 2.30852,
	7.17992 2.31623,
	7.178 2.33164,
	7.16644 2.34513,
	7.15295 2.35477,
	7.12212 2.3567,
	7.09128 2.35284,
	7.06045 2.34321,
	6.99879 2.32972,
	6.96796 2.31623,
	6.9641 2.31238,
	6.94869 2.30852,
	6.94098 2.30852,
	6.93327 2.30467,
	6.92556 2.30467,
	6.91015 2.31045,
	6.89473 2.32586,
	6.87354 2.35284,
	6.86005 2.36826,
	6.83692 2.38945,
	6.81187 2.41451,
	6.78297 2.43956,
	6.73094 2.48966,
	6.71552 2.49929,
	6.70781 2.50507,
	6.6924 2.51085,
	6.66157 2.51085,
	6.63074 2.50507,
	6.61532 2.49929,
	6.5999 2.49929,
	6.5922 2.49737,
	6.59027 2.49544,
	6.58642 2.50315,
	6.58256 2.507,
	6.56715 2.50507,
	6.55173 2.49929,
	6.54402 2.49544,
	6.54017 2.49544,
	6.53246 2.48773,
	6.53053 2.47231,
	6.53053 2.46461,
	6.53053 2.46268,
	"/>
<Contour name="d02" hidden="true" closed="true" simplified="true" border="0.5 0 1" fill="0.5 0 1" mode="11"
 points="5.80984 2.41065,
	5.81948 2.39524,
	5.88114 2.35862,
	5.88499 2.35477,
	5.88885 2.35477,
	5.89656 2.34899,
	5.91197 2.35091,
	5.92739 2.3567,
	5.9351 2.3644,
	5.95051 2.36633,
	5.97171 2.39524,
	5.97942 2.41065,
	5.99483 2.41451,
	6.00832 2.42607,
	6.02374 2.4569,
	6.01988 2.48773,
	6.01796 2.49544,
	6.01796 2.49929,
	6.01218 2.507,
	5.99869 2.51663,
	5.99098 2.52049,
	5.97556 2.52049,
	5.94473 2.53012,
	5.92932 2.53012,
	5.9139 2.52242,
	5.89848 2.51856,
	5.88307 2.51856,
	5.86765 2.51471,
	5.85416 2.50315,
	5.84646 2.49737,
	5.82911 2.46653,
	5.81755 2.45112,
	5.80984 2.4357,
	5.80984 2.42029,
	5.80984 2.41258,
	"/>
<Contour name="d02" hidden="true" closed="true" simplified="true" border="0.5 0 1" fill="0.5 0 1" mode="11"
 points="5.06988 2.43377,
	5.07566 2.41836,
	5.08144 2.38753,
	5.0853 2.38367,
	5.08723 2.37597,
	5.09879 2.36055,
	5.1142 2.34513,
	5.12769 2.3355,
	5.1354 2.33357,
	5.15082 2.3355,
	5.21248 2.32394,
	5.22789 2.32394,
	5.2356 2.32394,
	5.23946 2.32586,
	5.24524 2.3567,
	5.25102 2.37211,
	5.25102 2.37597,
	5.2568 2.38367,
	5.25873 2.39138,
	5.27029 2.40487,
	5.27414 2.41258,
	5.28763 2.42799,
	5.29727 2.45883,
	5.30112 2.46653,
	5.30112 2.48195,
	5.29149 2.51278,
	5.28763 2.5282,
	5.28378 2.5359,
	5.27992 2.53976,
	5.278 2.54747,
	5.27222 2.55517,
	5.27222 2.55903,
	5.25873 2.57252,
	5.25102 2.5783,
	5.2356 2.58023,
	5.22019 2.57637,
	5.21248 2.57252,
	5.18165 2.56866,
	5.16623 2.56288,
	5.14118 2.53783,
	5.12576 2.52627,
	5.11806 2.52242,
	5.11228 2.51471,
	5.1142 2.49929,
	5.1142 2.49544,
	5.10071 2.48002,
	5.0853 2.46846,
	5.07759 2.46075,
	5.07374 2.4569,
	5.07374 2.45304,
	5.06988 2.44919,
	5.06988 2.4357,
	"/>
<Contour name="d02" hidden="true" closed="true" simplified="true" border="0.5 0 1" fill="0.5 0 1" mode="11"
 points="5.50731 1.86532,
	5.51309 1.8499,
	5.52272 1.83448,
	5.52272 1.83063,
	5.53428 1.81521,
	5.53621 1.80751,
	5.53043 1.79209,
	5.53043 1.77667,
	5.54392 1.74584,
	5.56897 1.71501,
	5.59787 1.69189,
	5.62871 1.67262,
	5.63256 1.66876,
	5.63641 1.66876,
	5.6499 1.6572,
	5.68073 1.65142,
	5.69615 1.65335,
	5.71157 1.65913,
	5.72698 1.66876,
	5.73084 1.66876,
	5.74433 1.68418,
	5.74818 1.69189,
	5.74625 1.7073,
	5.74625 1.71116,
	5.71735 1.74199,
	5.71157 1.75741,
	5.71349 1.78824,
	5.7212 1.80365,
	5.72313 1.81136,
	5.72891 1.81714,
	5.74047 1.84797,
	5.74625 1.86339,
	5.74625 1.86724,
	5.75011 1.8711,
	5.75589 1.90193,
	5.75781 1.91734,
	5.75781 1.92505,
	5.75203 1.94047,
	5.7424 1.95588,
	5.72698 1.96745,
	5.69808 1.98286,
	5.66725 1.9925,
	5.63641 2.00984,
	5.60558 2.01755,
	5.59017 2.0214,
	5.57475 2.0214,
	5.56704 2.01947,
	5.55355 2.00791,
	5.54777 1.9925,
	5.54392 1.98864,
	5.53814 1.95781,
	5.53814 1.9501,
	5.53428 1.9424,
	5.52658 1.93469,
	5.52465 1.92698,
	5.5208 1.92313,
	5.50923 1.89229,
	5.50731 1.87688,
	5.50731 1.86917,
	5.50731 1.86724,
	"/>
</Transform>

<Transform dim="6"
 xcoef=" 0.110007277217632 0.9978609252526 -0.00559610403119931 0 0 0"
 ycoef=" 0.189671756840436 0.000870722519327043 0.965368045057907 0 0 0">
<Contour name="d13" hidden="true" closed="true" simplified="true" border="1 1 0" fill="1 1 0" mode="11"
 points="0 0.398419,
	0.00321306 0.385567,
	0.0160653 0.375928,
	0.0417698 0.372715,
	0.054622 0.372715,
	0.0803265 0.38878,
	0.106031 0.411272,
	0.141375 0.459468,
	0.163866 0.475533,
	0.186357 0.498024,
	0.192784 0.510877,
	0.189571 0.536581,
	0.183144 0.549433,
	0.176718 0.555859,
	0.163866 0.559072,
	0.138162 0.575138,
	0.0867526 0.575138,
	0.0610481 0.552646,
	0.0449828 0.526942,
	0.0449828 0.520516,
	0.0353437 0.507663,
	0.0289175 0.481959,
	0.0224914 0.475533,
	0.0224914 0.462681,
	0.00963918 0.436976,
	0.00963918 0.43055,
	0.00321306 0.424124,
	0 0.401632,
	"/>
</Transform>

<Transform dim="6"
 xcoef=" 0.110007277217632 0.9978609252526 -0.00559610403119931 0 0 0"
 ycoef=" 0.189671756840436 0.000870722519327043 0.965368045057907 0 0 0">
<Contour name="d13" hidden="true" closed="true" simplified="true" border="1 1 0" fill="1 1 0" mode="11"
 points="0.941427 1.11172,
	0.963918 1.08923,
	1.01533 1.09565,
	1.04103 1.10529,
	1.06674 1.12457,
	1.08601 1.14385,
	1.08923 1.16955,
	1.0828 1.18241,
	1.0828 1.19526,
	1.0571 1.24667,
	1.04746 1.27237,
	1.04103 1.2788,
	1.03139 1.3045,
	1.02175 1.31735,
	1.02175 1.32378,
	0.996049 1.33985,
	0.970344 1.34949,
	0.957492 1.34627,
	0.947853 1.33663,
	0.951066 1.28522,
	0.954279 1.25952,
	0.957492 1.24667,
	0.947853 1.19526,
	0.941427 1.16955,
	0.941427 1.11814,
	0.941427 1.11493,
	"/>
</Transform>

<Transform dim="6"
 xcoef=" 0.110007277217632 0.9978609252526 -0.00559610403119931 0 0 0"
 ycoef=" 0.189671756840436 0.000870722519327043 0.965368045057907 0 0 0">
<Contour name="d13brc01" hidden="true" closed="true" simplified="true" border="0 1 0" fill="0 1 0" mode="-9"
 points="0.458264 -0.11081,
	0.46202 -0.125835,
	0.463898 -0.133347,
	0.469533 -0.14086,
	0.471411 -0.17091,
	0.471411 -0.174666,
	0.477045 -0.182179,
	0.480801 -0.185935,
	0.510851 -0.191569,
	0.525877 -0.191569,
	0.529633 -0.191569,
	0.54278 -0.178422,
	0.550292 -0.17091,
	0.540902 -0.155885,
	0.537145 -0.148372,
	0.537145 -0.144616,
	0.520242 -0.116444,
	0.514608 -0.086394,
	0.516486 -0.0563439,
	0.516486 -0.0413189,
	0.520242 -0.0262938,
	0.516486 -0.0112688,
	0.510851 -0.00563439,
	0.503339 -0.00375626,
	0.495826 -0.00563439,
	0.48268 -0.0169032,
	0.469533 -0.0319282,
	0.469533 -0.0356845,
	0.460142 -0.0507095,
	0.458264 -0.108932,
	"/>
<Contour name="d13brcfa01" hidden="true" closed="false" simplified="false" border="0 1 1" fill="0 1 1" mode="-9"
 points="0.515935 -0.0120523,
	0.506544 -0.0327118,
	0.495275 -0.0571275,
	0.489641 -0.0928119,
	0.491519 -0.122862,
	0.512178 -0.158546,
	0.536594 -0.182962,
	"/>
<Contour name="d13" hidden="true" closed="true" simplified="true" border="1 1 0" fill="1 1 0" mode="11"
 points="0.484558 -0.11081,
	0.49207 -0.114566,
	0.505217 -0.144616,
	0.527755 -0.174666,
	0.546536 -0.204716,
	0.561561 -0.219741,
	0.569074 -0.227254,
	0.584099 -0.212229,
	0.589733 -0.197204,
	0.591611 -0.189691,
	0.604758 -0.178422,
	0.619783 -0.172788,
	0.649833 -0.172788,
	0.679883 -0.154007,
	0.683639 -0.138982,
	0.672371 -0.108932,
	0.664858 -0.0939065,
	0.653589 -0.0788815,
	0.625417 -0.0488314,
	0.606636 -0.0187813,
	0.597245 0.0112688,
	0.591611 0.0262938,
	0.58222 0.0413189,
	0.569074 0.0563439,
	0.561561 0.0619783,
	0.546536 0.0676127,
	0.539023 0.0694908,
	0.523998 0.0638564,
	0.516486 0.058222,
	0.508973 0.043197,
	0.505217 0.0356845,
	0.508973 0.0206594,
	0.508973 -0.00939065,
	0.505217 -0.0244157,
	0.490192 -0.0544658,
	0.486436 -0.0619783,
	0.484558 -0.0920284,
	0.484558 -0.107053,
	0.484558 -0.108932,
	"/>
</Transform>

<Transform dim="6"
 xcoef=" 0.110007277217632 0.9978609252526 -0.00559610403119931 0 0 0"
 ycoef=" 0.189671756840436 0.000870722519327043 0.965368045057907 0 0 0">
<Contour name="d13brc03b" hidden="true" closed="true" simplified="true" border="0 1 0" fill="0 1 0" mode="-9"
 points="0.924185 1.11865,
	0.929961 1.10325,
	0.943438 1.09362,
	0.95114 1.08977,
	0.958841 1.08977,
	0.966543 1.09362,
	0.970394 1.09554,
	0.962692 1.10325,
	0.964618 1.16486,
	0.972319 1.19566,
	0.972319 1.20337,
	0.97617 1.21107,
	0.974245 1.24187,
	0.972319 1.24957,
	0.964618 1.25535,
	0.956916 1.25535,
	0.945364 1.24187,
	0.937662 1.22647,
	0.928035 1.16486,
	0.924185 1.14945,
	0.924185 1.12057,
	"/>
<Contour name="d13brcfa03b" hidden="true" closed="false" simplified="false" border="0 1 1" fill="0 1 1" mode="-9"
 points="0.954618 1.25369,
	0.956543 1.22288,
	0.943066 1.19015,
	0.94114 1.13432,
	0.960394 1.08426,
	"/>
</Transform>

<Transform dim="6"
 xcoef=" 0.110007277217632 0.9978609252526 -0.00559610403119931 0 0 0"
 ycoef=" 0.189671756840436 0.000870722519327043 0.965368045057907 0 0 0">
<Contour name="d13SER" hidden="true" closed="true" simplified="true" border="0 1 0" fill="0 1 0" mode="-9"
 points="2.60391 2.59449,
	2.61648 2.58507,
	2.6416 2.58192,
	2.66673 2.59449,
	2.67301 2.59763,
	2.67301 2.61019,
	2.66359 2.62276,
	2.63846 2.62276,
	2.61333 2.61019,
	2.60391 2.59763,
	"/>
<Contour name="d13SER" hidden="true" closed="true" simplified="true" border="0 1 0" fill="0 1 0" mode="-9"
 points="2.98083 2.63846,
	2.9934 2.6259,
	3.00596 2.62904,
	3.01225 2.62904,
	3.01539 2.65417,
	3.01539 2.66045,
	3.00282 2.66359,
	2.99026 2.66045,
	2.98083 2.65103,
	2.98083 2.6416,
	"/>
<Contour name="d13SER" hidden="true" closed="true" simplified="true" border="0 1 0" fill="0 1 0" mode="-9"
 points="3.62789 2.40917,
	3.63731 2.3966,
	3.64987 2.39032,
	3.66244 2.39346,
	3.66872 2.3966,
	3.66872 2.42173,
	3.66244 2.4343,
	3.6593 2.44058,
	3.64673 2.44058,
	3.64045 2.44058,
	3.63103 2.42801,
	3.62789 2.41545,
	3.62789 2.41231,
	"/>
<Contour name="d13SER" hidden="true" closed="true" simplified="true" border="0 1 0" fill="0 1 0" mode="-9"
 points="3.77551 2.17045,
	3.79436 2.14846,
	3.81949 2.13904,
	3.82577 2.14218,
	3.82891 2.16731,
	3.82577 2.17987,
	3.81635 2.19244,
	3.81321 2.205,
	3.81321 2.21128,
	3.80692 2.21757,
	3.7818 2.21442,
	3.77551 2.20186,
	3.77551 2.17673,
	3.77551 2.17359,
	"/>
<Contour name="d13SER" hidden="true" closed="true" simplified="true" border="0 1 0" fill="0 1 0" mode="-9"
 points="3.6593 1.96,
	3.675 1.93487,
	3.68757 1.93487,
	3.69385 1.93487,
	3.70013 1.94115,
	3.69699 1.96628,
	3.69699 1.97257,
	3.69071 1.97885,
	3.66558 1.97885,
	3.6593 1.97257,
	3.6593 1.96314,
	"/>
<Contour name="d13SER" hidden="true" closed="true" simplified="true" border="0 1 0" fill="0 1 0" mode="-9"
 points="3.4991 1.82494,
	3.50853 1.81551,
	3.53366 1.81237,
	3.54622 1.81237,
	3.56821 1.83436,
	3.57135 1.84692,
	3.56192 1.85635,
	3.54936 1.85949,
	3.52423 1.85006,
	3.51167 1.84692,
	3.4991 1.8375,
	3.4991 1.82808,
	"/>
<Contour name="d13SER" hidden="true" closed="true" simplified="true" border="0 1 0" fill="0 1 0" mode="-9"
 points="3.69071 1.59878,
	3.70327 1.58936,
	3.70955 1.58308,
	3.73468 1.58308,
	3.74725 1.58308,
	3.75981 1.58936,
	3.76609 1.59564,
	3.76609 1.60821,
	3.7441 1.62391,
	3.71898 1.62705,
	3.70641 1.62705,
	3.69385 1.62077,
	3.69071 1.60821,
	3.69071 1.60192,
	"/>
<Contour name="d13SER" hidden="true" closed="true" simplified="true" border="0 1 0" fill="0 1 0" mode="-9"
 points="3.63103 1.25327,
	3.64359 1.24385,
	3.66872 1.24071,
	3.675 1.25327,
	3.68128 1.25955,
	3.68128 1.27212,
	3.675 1.28468,
	3.64987 1.28154,
	3.64359 1.28154,
	3.63417 1.27212,
	3.63103 1.25955,
	3.63103 1.25641,
	"/>
<Contour name="d13SER" hidden="true" closed="true" simplified="true" border="0 1 0" fill="0 1 0" mode="-9"
 points="3.21013 0.992565,
	3.22269 0.989424,
	3.23526 0.992565,
	3.24154 0.992565,
	3.2541 1.01769,
	3.26039 1.03026,
	3.28551 1.0491,
	3.31064 1.05853,
	3.33577 1.07737,
	3.34833 1.0868,
	3.3609 1.0868,
	3.36718 1.0868,
	3.37346 1.08051,
	3.37975 1.08051,
	3.38289 1.07423,
	3.40801 1.07423,
	3.42058 1.07737,
	3.42686 1.07737,
	3.44885 1.09936,
	3.44885 1.11192,
	3.43942 1.12449,
	3.4143 1.13391,
	3.38917 1.13391,
	3.3766 1.13077,
	3.37032 1.12449,
	3.32007 1.1025,
	3.29494 1.08994,
	3.28237 1.08051,
	3.26981 1.07737,
	3.26667 1.07109,
	3.24154 1.06481,
	3.22269 1.04596,
	3.21013 1.02083,
	3.21013 0.995706,
	"/>
<Contour name="d13SER" hidden="true" closed="true" simplified="true" border="0 1 0" fill="0 1 0" mode="-9"
 points="3.27295 1.25013,
	3.27923 1.24385,
	3.30436 1.24385,
	3.32949 1.25327,
	3.35462 1.27212,
	3.35776 1.2784,
	3.35462 1.28468,
	3.32949 1.28154,
	3.32321 1.27526,
	3.29808 1.27212,
	3.28551 1.26897,
	3.27295 1.25955,
	3.27295 1.25327,
	"/>
<Contour name="d13SER" hidden="true" closed="true" simplified="true" border="0 1 0" fill="0 1 0" mode="-9"
 points="3.15359 1.225,
	3.16616 1.21558,
	3.1693 1.21244,
	3.19128 1.23128,
	3.19442 1.24385,
	3.19128 1.25641,
	3.17872 1.25955,
	3.15359 1.24385,
	3.15359 1.23128,
	3.15359 1.22814,
	"/>
</Transform>

<Transform dim="6"
 xcoef=" 0.110007277217632 0.9978609252526 -0.00559610403119931 0 0 0"
 ycoef=" 0.189671756840436 0.000870722519327043 0.965368045057907 0 0 0">
<Contour name="d13SER" hidden="true" closed="true" simplified="true" border="0 1 0" fill="0 1 0" mode="-9"
 points="3.1316 0.923462,
	3.15673 0.920321,
	3.18186 0.923462,
	3.20385 0.939167,
	3.21013 0.951731,
	3.21327 0.958013,
	3.20385 0.967436,
	3.17872 0.964295,
	3.16616 0.964295,
	3.14417 0.951731,
	3.13475 0.939167,
	3.1316 0.926603,
	"/>
<Contour name="d13SER" hidden="true" closed="true" simplified="true" border="0 1 0" fill="0 1 0" mode="-9"
 points="3.04051 0.951731,
	3.05308 0.939167,
	3.07821 0.939167,
	3.10333 0.94859,
	3.1159 0.954872,
	3.1316 0.98,
	3.1316 0.992565,
	3.11904 1.00199,
	3.09391 1.00513,
	3.06878 0.995706,
	3.0468 0.976859,
	3.04051 0.964295,
	3.04051 0.954872,
	"/>
<Contour name="d13SER" hidden="true" closed="true" simplified="true" border="0 1 0" fill="0 1 0" mode="-9"
 points="2.78295 0.998847,
	2.80494 0.983141,
	2.8175 0.983141,
	2.82378 0.98,
	2.83635 0.986283,
	2.83949 0.998847,
	2.83635 1.01141,
	2.83635 1.01769,
	2.82378 1.02712,
	2.79866 1.02712,
	2.78609 1.01769,
	2.78295 1.00513,
	2.78295 1.00199,
	"/>
<Contour name="d13SER" hidden="true" closed="true" simplified="true" border="0 1 0" fill="0 1 0" mode="-9"
 points="2.42487 1.32865,
	2.44372 1.30353,
	2.45 1.2941,
	2.46257 1.28468,
	2.46257 1.2784,
	2.47199 1.26897,
	2.48455 1.26583,
	2.49712 1.26897,
	2.5034 1.2941,
	2.50026 1.31923,
	2.48455 1.34436,
	2.45942 1.35692,
	2.4343 1.35378,
	2.42487 1.34436,
	2.42487 1.3318,
	"/>
</Transform>

<Transform dim="6"
 xcoef=" 0.110007277217632 0.9978609252526 -0.00559610403119931 0 0 0"
 ycoef=" 0.189671756840436 0.000870722519327043 0.965368045057907 0 0 0">
<Contour name="d13SER" hidden="true" closed="true" simplified="true" border="0 1 0" fill="0 1 0" mode="-9"
 points="2.62904 1.03026,
	2.6416 1.02083,
	2.64789 1.01455,
	2.65417 1.01455,
	2.66673 1.02712,
	2.66359 1.03968,
	2.65417 1.0491,
	2.6416 1.05224,
	2.62904 1.04282,
	2.62904 1.0334,
	"/>
</Transform>

<Transform dim="6"
 xcoef=" 0.110007277217632 0.9978609252526 -0.00559610403119931 0 0 0"
 ycoef=" 0.189671756840436 0.000870722519327043 0.965368045057907 0 0 0">
<Contour name="d13SER" hidden="true" closed="true" simplified="true" border="0 1 0" fill="0 1 0" mode="-9"
 points="2.61333 2.07308,
	2.61962 2.0668,
	2.64474 2.06051,
	2.66987 2.07622,
	2.68244 2.07622,
	2.70442 2.09192,
	2.71071 2.10135,
	2.71071 2.11391,
	2.71071 2.12019,
	2.70128 2.13276,
	2.68872 2.1359,
	2.66359 2.12962,
	2.6416 2.11705,
	2.62904 2.10763,
	2.61333 2.08564,
	2.61333 2.07622,
	"/>
<Contour name="d13SER" hidden="true" closed="true" simplified="true" border="0 1 0" fill="0 1 0" mode="-9"
 points="2.46257 2.15474,
	2.47513 2.14532,
	2.48769 2.14846,
	2.5034 2.17045,
	2.5034 2.18301,
	2.49712 2.19558,
	2.49398 2.20186,
	2.48141 2.20186,
	2.46571 2.17673,
	2.46257 2.16417,
	2.46257 2.15789,
	"/>
<Contour name="d13SER" hidden="true" closed="true" simplified="true" border="0 1 0" fill="0 1 0" mode="-9"
 points="2.43116 1.84692,
	2.44058 1.83436,
	2.45314 1.82808,
	2.46257 1.84064,
	2.46571 1.84692,
	2.46257 1.85949,
	2.45 1.86891,
	2.43744 1.86891,
	2.43116 1.86263,
	2.43116 1.85006,
	"/>
</Transform>

<Transform dim="6"
 xcoef=" 0.110007277217632 0.9978609252526 -0.00559610403119931 0 0 0"
 ycoef=" 0.189671756840436 0.000870722519327043 0.965368045057907 0 0 0">
<Contour name="d13SER" hidden="true" closed="true" simplified="true" border="0 1 0" fill="0 1 0" mode="-9"
 points="2.77353 2.35891,
	2.78609 2.34949,
	2.81122 2.35263,
	2.8175 2.35263,
	2.82064 2.36519,
	2.82064 2.37148,
	2.80808 2.3809,
	2.78295 2.37776,
	2.77353 2.36519,
	2.77353 2.36205,
	"/>
</Transform>

<Transform dim="6"
 xcoef=" 0.110007277217632 0.9978609252526 -0.00559610403119931 0 0 0"
 ycoef=" 0.189671756840436 0.000870722519327043 0.965368045057907 0 0 0">
<Contour name="d13SER" hidden="true" closed="true" simplified="true" border="0 1 0" fill="0 1 0" mode="-9"
 points="2.91173 2.06994,
	2.92744 2.05423,
	2.93372 2.05423,
	2.94 2.04795,
	2.95257 2.05109,
	2.95885 2.06365,
	2.93686 2.08564,
	2.9243 2.08878,
	2.91801 2.08878,
	2.91173 2.0825,
	2.91173 2.07308,
	"/>
<Contour name="d13SER" hidden="true" closed="true" simplified="true" border="0 1 0" fill="0 1 0" mode="-9"
 points="3.14417 2.1893,
	3.15045 2.17673,
	3.17244 2.15789,
	3.185 2.1516,
	3.19442 2.15474,
	3.19128 2.17987,
	3.18814 2.19244,
	3.16616 2.20814,
	3.15359 2.21128,
	3.14417 2.20186,
	3.14417 2.19244,
	"/>
</Transform>

<Transform dim="6"
 xcoef=" 0.110007277217632 0.9978609252526 -0.00559610403119931 0 0 0"
 ycoef=" 0.189671756840436 0.000870722519327043 0.965368045057907 0 0 0">
<Contour name="d13SER" hidden="true" closed="true" simplified="true" border="0 1 0" fill="0 1 0" mode="-9"
 points="2.90859 1.52968,
	2.92116 1.51712,
	2.94628 1.51083,
	2.95885 1.50455,
	2.97141 1.50455,
	2.98083 1.51398,
	2.98398 1.52654,
	2.96199 1.54539,
	2.94942 1.55481,
	2.9243 1.55795,
	2.91173 1.55481,
	2.90859 1.53282,
	"/>
</Transform>

<Transform dim="6"
 xcoef=" 0.110007277217632 0.9978609252526 -0.00559610403119931 0 0 0"
 ycoef=" 0.189671756840436 0.000870722519327043 0.965368045057907 0 0 0">
<Contour name="d13SER" hidden="true" closed="true" simplified="true" border="0 1 0" fill="0 1 0" mode="-9"
 points="2.48769 1.90032,
	2.49712 1.88776,
	2.5034 1.88462,
	2.51596 1.89404,
	2.5191 1.9066,
	2.51596 1.91917,
	2.51596 1.92545,
	2.50968 1.93173,
	2.49712 1.93173,
	2.48769 1.91917,
	2.48769 1.9066,
	2.48769 1.90346,
	"/>
</Transform>

<Transform dim="6"
 xcoef=" 0.110007277217632 0.9978609252526 -0.00559610403119931 0 0 0"
 ycoef=" 0.189671756840436 0.000870722519327043 0.965368045057907 0 0 0">
<Contour name="d13brrs13" hidden="true" closed="true" simplified="false" border="0.5 0 1" fill="0.5 0 1" mode="-9"
 points="1.46706 0.802515,
	1.45764 0.799374,
	1.46706 0.796233,
	1.46078 0.78681,
	1.4702 0.793092,
	1.47334 0.783669,
	1.47648 0.793092,
	1.4859 0.78681,
	1.47962 0.796233,
	1.48905 0.799374,
	1.47962 0.802515,
	1.4859 0.811938,
	1.47648 0.805656,
	1.47334 0.815079,
	1.4702 0.805656,
	1.46078 0.811938,
	"/>
<Contour name="d13brrs14" hidden="true" closed="true" simplified="false" border="0.5 0 1" fill="0.5 0 1" mode="-9"
 points="1.42937 0.824502,
	1.41994 0.821361,
	1.42937 0.81822,
	1.42308 0.808797,
	1.43251 0.815079,
	1.43565 0.805656,
	1.43879 0.815079,
	1.44821 0.808797,
	1.44193 0.81822,
	1.45135 0.821361,
	1.44193 0.824502,
	1.44821 0.833925,
	1.43879 0.827643,
	1.43565 0.837066,
	1.43251 0.827643,
	1.42308 0.833925,
	"/>
<Contour name="d13brrs15" hidden="true" closed="true" simplified="false" border="0.5 0 1" fill="0.5 0 1" mode="-9"
 points="1.41994 0.862194,
	1.41052 0.859053,
	1.41994 0.855912,
	1.41366 0.846489,
	1.42308 0.852771,
	1.42623 0.843348,
	1.42937 0.852771,
	1.43879 0.846489,
	1.43251 0.855912,
	1.44193 0.859053,
	1.43251 0.862194,
	1.43879 0.871617,
	1.42937 0.865335,
	1.42623 0.874758,
	1.42308 0.865335,
	1.41366 0.871617,
	"/>
<Contour name="d13brrs16" hidden="true" closed="true" simplified="false" border="0.5 0 1" fill="0.5 0 1" mode="-9"
 points="1.46078 0.84963,
	1.45135 0.846489,
	1.46078 0.843348,
	1.45449 0.833925,
	1.46392 0.840207,
	1.46706 0.830784,
	1.4702 0.840207,
	1.47962 0.833925,
	1.47334 0.843348,
	1.48276 0.846489,
	1.47334 0.84963,
	1.47962 0.859053,
	1.4702 0.852771,
	1.46706 0.862194,
	1.46392 0.852771,
	1.45449 0.859053,
	"/>
<Contour name="d13brrs17" hidden="true" closed="true" simplified="false" border="0.5 0 1" fill="0.5 0 1" mode="-9"
 points="1.50475 0.874758,
	1.49533 0.871617,
	1.50475 0.868476,
	1.49847 0.859053,
	1.50789 0.865335,
	1.51103 0.855912,
	1.51417 0.865335,
	1.5236 0.859053,
	1.51732 0.868476,
	1.52674 0.871617,
	1.51732 0.874758,
	1.5236 0.884182,
	1.51417 0.8779,
	1.51103 0.887323,
	1.50789 0.8779,
	1.49847 0.884182,
	"/>
<Contour name="d13brrs18" hidden="true" closed="true" simplified="false" border="0.5 0 1" fill="0.5 0 1" mode="-9"
 points="1.46706 0.893605,
	1.45764 0.890464,
	1.46706 0.887323,
	1.46078 0.8779,
	1.4702 0.884182,
	1.47334 0.874758,
	1.47648 0.884182,
	1.4859 0.8779,
	1.47962 0.887323,
	1.48905 0.890464,
	1.47962 0.893605,
	1.4859 0.903028,
	1.47648 0.896746,
	1.47334 0.906169,
	1.4702 0.896746,
	1.46078 0.903028,
	"/>
</Transform>

<Transform dim="6"
 xcoef=" 0.110007277217632 0.9978609252526 -0.00559610403119931 0 0 0"
 ycoef=" 0.189671756840436 0.000870722519327043 0.965368045057907 0 0 0">
<Contour name="d13SER" hidden="true" closed="true" simplified="true" border="0 1 0" fill="0 1 0" mode="-9"
 points="0.79468 0.873206,
	0.800962 0.866923,
	0.851218 0.870065,
	0.863782 0.873206,
	0.876347 0.882629,
	0.879488 0.895193,
	0.863782 0.91718,
	0.813526 0.898334,
	0.800962 0.888911,
	0.79468 0.882629,
	0.79468 0.876347,
	"/>
<Contour name="d13SER" hidden="true" closed="true" simplified="true" border="0 1 0" fill="0 1 0" mode="-9"
 points="0.694167 0.691026,
	0.70359 0.678462,
	0.728718 0.675321,
	0.741282 0.678462,
	0.76327 0.700449,
	0.766411 0.713013,
	0.76327 0.725577,
	0.753847 0.738141,
	0.728718 0.741282,
	0.70359 0.725577,
	0.694167 0.700449,
	0.694167 0.694167,
	"/>
<Contour name="d13SER" hidden="true" closed="true" simplified="true" border="0 1 0" fill="0 1 0" mode="-9"
 points="1.31923 0.8575,
	1.32551 0.844936,
	1.35064 0.835513,
	1.35692 0.829231,
	1.36949 0.82609,
	1.37577 0.82609,
	1.37891 0.851218,
	1.37577 0.863782,
	1.35692 0.88577,
	1.3318 0.888911,
	1.31923 0.876347,
	1.31923 0.863782,
	1.31923 0.860641,
	"/>
<Contour name="d13SER" hidden="true" closed="true" simplified="true" border="0 1 0" fill="0 1 0" mode="-9"
 points="1.25955 0.574808,
	1.27212 0.565385,
	1.29724 0.555962,
	1.32237 0.552821,
	1.33494 0.552821,
	1.36006 0.565385,
	1.37263 0.577949,
	1.37577 0.584231,
	1.36949 0.609359,
	1.36949 0.621923,
	1.3475 0.64077,
	1.32237 0.64077,
	1.30981 0.64077,
	1.28468 0.631346,
	1.27212 0.625064,
	1.25955 0.6125,
	1.25955 0.587372,
	1.25955 0.577949,
	"/>
<Contour name="d13SER" hidden="true" closed="true" simplified="true" border="0 1 0" fill="0 1 0" mode="-9"
 points="1.17789 0.499423,
	1.18417 0.486859,
	1.2093 0.477436,
	1.23442 0.480577,
	1.24699 0.483718,
	1.27212 0.499423,
	1.27526 0.511987,
	1.26897 0.537116,
	1.22814 0.577949,
	1.21558 0.58109,
	1.20301 0.568526,
	1.18731 0.543398,
	1.17789 0.518269,
	1.17789 0.505705,
	1.17789 0.502564,
	"/>
</Transform>

<Transform dim="6"
 xcoef=" 0.110007277217632 0.9978609252526 -0.00559610403119931 0 0 0"
 ycoef=" 0.189671756840436 0.000870722519327043 0.965368045057907 0 0 0">
<Contour name="d13SER" hidden="true" closed="true" simplified="true" border="0 1 0" fill="0 1 0" mode="-9"
 points="0.79468 0.455449,
	0.816667 0.433462,
	0.829231 0.433462,
	0.851218 0.455449,
	0.854359 0.480577,
	0.851218 0.493141,
	0.838654 0.499423,
	0.813526 0.499423,
	0.79468 0.474295,
	0.79468 0.461731,
	0.79468 0.45859,
	"/>
</Transform>

<Transform dim="6"
 xcoef=" 0.110007277217632 0.9978609252526 -0.00559610403119931 0 0 0"
 ycoef=" 0.189671756840436 0.000870722519327043 0.965368045057907 0 0 0">
<Contour name="d01SER" hidden="false" closed="true" simplified="true" border="0 1 0" fill="0 1 0" mode="-9"
 points="4.16323 3.62763,
	4.1835 3.60736,
	4.20666 3.59289,
	4.21824 3.58999,
	4.22403 3.58999,
	4.22982 3.5842,
	4.25298 3.57841,
	4.26457 3.57262,
	4.31089 3.57552,
	4.32247 3.57552,
	4.34563 3.5842,
	4.35721 3.5871,
	4.363 3.59289,
	4.37458 3.59578,
	4.38327 3.60447,
	4.37748 3.61605,
	4.35431 3.62184,
	4.33115 3.61895,
	4.30799 3.61026,
	4.26167 3.60736,
	4.23851 3.61605,
	4.21824 3.63053,
	4.20666 3.64211,
	4.19508 3.6479,
	4.17192 3.645,
	4.16323 3.63632,
	4.16323 3.63053,
	"/>
</Transform>

<Transform dim="6"
 xcoef=" 0.110007277217632 0.9978609252526 -0.00559610403119931 0 0 0"
 ycoef=" 0.189671756840436 0.000870722519327043 0.965368045057907 0 0 0">
<Contour name="d01SER" hidden="false" closed="true" simplified="true" border="0 1 0" fill="0 1 0" mode="-9"
 points="4.11691 3.84766,
	4.1227 3.83608,
	4.1227 3.8245,
	4.13139 3.81582,
	4.13718 3.81582,
	4.16034 3.83029,
	4.17192 3.85345,
	4.18061 3.86503,
	4.1835 3.87661,
	4.16613 3.89688,
	4.14297 3.89399,
	4.1227 3.87951,
	4.11691 3.86793,
	4.11691 3.85635,
	4.11691 3.85056,
	"/>
<Contour name="d01SER" hidden="false" closed="true" simplified="true" border="0 1 0" fill="0 1 0" mode="-9"
 points="4.42669 4.08217,
	4.43827 4.07348,
	4.44406 4.07348,
	4.46433 4.05611,
	4.50776 4.03295,
	4.51934 4.03585,
	4.52513 4.04164,
	4.51934 4.0648,
	4.51355 4.07638,
	4.46723 4.10533,
	4.44406 4.10244,
	4.43827 4.10244,
	4.42669 4.09086,
	4.42669 4.08507,
	"/>
<Contour name="d01SER" hidden="false" closed="true" simplified="true" border="0 1 0" fill="0 1 0" mode="-9"
 points="4.65252 3.92873,
	4.67568 3.91425,
	4.68726 3.91425,
	4.69884 3.90846,
	4.70173 3.91425,
	4.69305 3.92583,
	4.67568 3.94031,
	4.6641 3.94031,
	4.65252 3.93452,
	4.65252 3.93162,
	"/>
</Transform>

<Transform dim="6"
 xcoef=" 0.110007277217632 0.9978609252526 -0.00559610403119931 0 0 0"
 ycoef=" 0.189671756840436 0.000870722519327043 0.965368045057907 0 0 0">
<Contour name="d01SER" hidden="false" closed="true" simplified="true" border="0 1 0" fill="0 1 0" mode="-9"
 points="4.20956 3.96636,
	4.21824 3.95768,
	4.2414 3.96057,
	4.25298 3.96636,
	4.25588 3.96926,
	4.24719 3.98084,
	4.2414 3.98663,
	4.21824 3.98373,
	4.20956 3.97215,
	4.20956 3.96926,
	"/>
</Transform>

<Transform dim="0"
 xcoef=" 0 1 0 0 0 0"
 ycoef=" 0 0 1 0 0 0">
<Contour name="d01ax10" comment="LK bouton trace named after cfa" hidden="true" closed="true" simplified="true" border="0 1 1" fill="0.502 1 1" mode="-11"
 points="3.2491 0.576336,
	3.2527 0.569132,
	3.2545 0.554724,
	3.26711 0.525907,
	3.27971 0.5133,
	3.28692 0.509697,
	3.31573 0.511498,
	3.33014 0.5133,
	3.35896 0.525907,
	3.38778 0.543917,
	3.41299 0.569132,
	3.431 0.596148,
	3.4346 0.597949,
	3.4346 0.601551,
	3.44541 0.615959,
	3.44901 0.621363,
	3.50665 0.666389,
	3.55888 0.713216,
	3.58409 0.742033,
	3.6021 0.767248,
	3.6021 0.77085,
	3.6057 0.774452,
	3.60751 0.803269,
	3.6003 0.832086,
	3.6003 0.860902,
	3.5985 0.875311,
	3.58589 0.904128,
	3.58229 0.911332,
	3.56788 0.923939,
	3.53907 0.922138,
	3.52466 0.916735,
	3.49584 0.911332,
	3.48143 0.909531,
	3.46702 0.904128,
	3.45982 0.902327,
	3.45261 0.896923,
	3.4238 0.884316,
	3.39678 0.868107,
	3.36977 0.844693,
	3.36256 0.841091,
	3.33915 0.814075,
	3.32654 0.785258,
	3.32474 0.77085,
	3.31573 0.756441,
	3.30313 0.742033,
	3.28512 0.715017,
	3.27971 0.6862,
	3.27071 0.657384,
	3.26531 0.642975,
	3.2599 0.635771,
	3.2509 0.606954,
	3.2491 0.578137,
	"/>
</Transform>

<Transform dim="0"
 xcoef=" 0 1 0 0 0 0"
 ycoef=" 0 0 1 0 0 0">
<Contour name="d01ax06" comment="LK bouton trace named after cfa" hidden="true" closed="true" simplified="true" border="0 1 1" fill="0.502 1 1" mode="-9"
 points="4.258 2.12895,
	4.26163 2.12411,
	4.30163 2.12532,
	4.32102 2.12532,
	4.33071 2.12532,
	4.3501 2.12168,
	4.3598 2.12168,
	4.37919 2.11562,
	4.39858 2.10714,
	4.41676 2.09623,
	4.43252 2.08048,
	4.44585 2.06109,
	4.44827 2.05624,
	4.45069 2.01746,
	4.45191 2.00776,
	4.44948 1.98837,
	4.43615 1.94959,
	4.43494 1.93989,
	4.43494 1.93504,
	4.43494 1.93262,
	4.44463 1.92656,
	4.46403 1.92535,
	4.46887 1.92656,
	4.47736 1.93383,
	4.5222 2.0114,
	4.53553 2.03079,
	4.54523 2.05018,
	4.55856 2.06957,
	4.55977 2.07442,
	4.56219 2.07684,
	4.56219 2.07926,
	4.56946 2.08896,
	4.57674 2.10835,
	4.58037 2.11805,
	4.58764 2.12774,
	4.59007 2.13259,
	4.60703 2.15198,
	4.60946 2.15683,
	4.61915 2.16652,
	4.624 2.17137,
	4.64218 2.21015,
	4.64945 2.22954,
	4.67006 2.26833,
	4.67248 2.27317,
	4.67612 2.31196,
	4.67006 2.33135,
	4.65915 2.35074,
	4.65672 2.35559,
	4.64703 2.35801,
	4.64218 2.36043,
	4.63249 2.35922,
	4.61309 2.35195,
	4.5937 2.34831,
	4.58401 2.3471,
	4.57431 2.34831,
	4.56946 2.34831,
	4.55007 2.35559,
	4.47251 2.3568,
	4.43373 2.3568,
	4.41434 2.35316,
	4.39495 2.34468,
	4.37555 2.33135,
	4.35616 2.31438,
	4.33314 2.2756,
	4.33192 2.27075,
	4.32829 2.2659,
	4.32102 2.24651,
	4.31011 2.22712,
	4.28345 2.18834,
	4.2689 2.16895,
	4.26527 2.15925,
	4.26163 2.1544,
	4.258 2.13501,
	4.258 2.13017,
	"/>
</Transform>

<Transform dim="6"
 xcoef=" 0.460873210969588 0.904772124827628 0.0662113114488239 0 0 0"
 ycoef=" 1.20091696460345 -0.0645401134676654 0.952417123519963 0 0 0">
<Image mag="0.00220626" contrast="1" brightness="0" red="true" green="true" blue="true"
 src="FPNCT.33.jpg" />
<Contour name="domain1" hidden="false" closed="true" simplified="false" border="1 0 1" fill="1 0 1" mode="11"
 points="0 0,
	4096 0,
	4096 4096,
	0 4096,
	"/>
</Transform>

<Transform dim="0"
 xcoef=" 0 1 0 0 0 0"
 ycoef=" 0 0 1 0 0 0">
<Contour name="d01ax06" comment="LK bouton trace named after cfa" hidden="true" closed="true" simplified="true" border="0 1 1" fill="0.502 1 1" mode="-9"
 points="5.02152 2.00655,
	5.03 1.98716,
	5.03606 1.97746,
	5.04454 1.96777,
	5.04939 1.96292,
	5.05303 1.95322,
	5.05909 1.94353,
	5.06272 1.93868,
	5.06515 1.93626,
	5.07484 1.9302,
	5.09423 1.92414,
	5.10393 1.9205,
	5.10635 1.9205,
	5.10878 1.91808,
	5.12817 1.91686,
	5.14756 1.91808,
	5.15725 1.91808,
	5.17665 1.92292,
	5.19604 1.92414,
	5.20088 1.92656,
	5.21058 1.93504,
	5.22028 1.93747,
	5.23967 1.93747,
	5.25906 1.93383,
	5.27845 1.92656,
	5.29784 1.91081,
	5.30753 1.90717,
	5.32693 1.90959,
	5.34632 1.90959,
	5.35601 1.90838,
	5.39479 1.8902,
	5.41419 1.88172,
	5.42388 1.88293,
	5.43358 1.88899,
	5.436 1.88899,
	5.44085 1.89384,
	5.47963 1.90959,
	5.49902 1.9205,
	5.5378 1.93504,
	5.55719 1.94595,
	5.57659 1.95443,
	5.58143 1.95565,
	5.58628 1.95928,
	5.59598 1.96292,
	5.61537 1.97383,
	5.63476 1.97989,
	5.64445 1.98837,
	5.65657 2.00776,
	5.659 2.01018,
	5.659 2.01261,
	5.66263 2.01746,
	5.66384 2.0223,
	5.6699 2.032,
	5.67596 2.05139,
	5.67839 2.07078,
	5.6796 2.08048,
	5.68687 2.09987,
	5.69051 2.10956,
	5.69657 2.11926,
	5.69899 2.12411,
	5.71838 2.13986,
	5.72808 2.14713,
	5.73414 2.15683,
	5.73777 2.16168,
	5.7402 2.17137,
	5.73898 2.18107,
	5.73171 2.19076,
	5.72202 2.19197,
	5.71232 2.19076,
	5.70263 2.1847,
	5.68324 2.18107,
	5.64445 2.16652,
	5.62506 2.16652,
	5.60567 2.1641,
	5.58628 2.1641,
	5.56689 2.1544,
	5.55719 2.14835,
	5.54871 2.13865,
	5.54386 2.1338,
	5.50508 2.11441,
	5.48569 2.10835,
	5.4663 2.10472,
	5.44691 2.09623,
	5.42752 2.08411,
	5.40813 2.0829,
	5.38873 2.08411,
	5.37904 2.08532,
	5.35965 2.09502,
	5.34995 2.09987,
	5.31117 2.10229,
	5.27239 2.10956,
	5.23361 2.10472,
	5.21422 2.09866,
	5.19482 2.09017,
	5.18513 2.08532,
	5.14635 2.08169,
	5.13665 2.08169,
	5.13302 2.08048,
	5.12817 2.0829,
	5.10878 2.08411,
	5.08939 2.0829,
	5.06999 2.07805,
	5.0506 2.06593,
	5.04091 2.05987,
	5.03242 2.05018,
	5.02637 2.04048,
	5.02273 2.03079,
	5.02152 2.0114,
	5.02152 2.00776,
	"/>
</Transform>

</Section>