<?xml version="1.0"?>
<!DOCTYPE Section SYSTEM "section.dtd">

<Section index="30" thickness="0.048" alignLocked="true">
<Transform dim="6"
 xcoef=" 0.0925077492284508 0.998543026644729 -0.0100712961618164 0 0 0"
 ycoef=" 0.224452645116536 -0.00237123459751437 0.975240597849761 0 0 0">
<Contour name="D04" hidden="true" closed="true" simplified="true" border="1 0 0" fill="1 0 0" mode="13"
 points="1.48509 3.96394,
	1.49282 3.91173,
	1.51566 3.86197,
	1.55253 3.81697,
	1.60172 3.77885,
	1.66092 3.74938,
	1.72737 3.72994,
	1.79795 3.72145,
	1.86937 3.72429,
	1.93829 3.73834,
	2.00148 3.76294,
	2.05599 3.79693,
	2.09928 3.83874,
	2.12931 3.88639,
	2.14469 3.93768,
	2.14469 3.99019,
	2.12931 4.04148,
	2.09928 4.08913,
	2.05599 4.13094,
	2.00148 4.16493,
	1.93829 4.18953,
	1.86937 4.20358,
	1.79795 4.20642,
	1.72737 4.19793,
	1.66092 4.17849,
	1.60172 4.14902,
	1.55253 4.1109,
	1.51566 4.0659,
	"/>
</Transform>

<Transform dim="6"
 xcoef=" 0.0925077492284508 0.998543026644729 -0.0100712961618164 0 0 0"
 ycoef=" 0.224452645116536 -0.00237123459751437 0.975240597849761 0 0 0">
<Contour name="D06" hidden="true" closed="true" simplified="true" border="0 0 1" fill="0 0 1" mode="9"
 points="6.14437 7.60118,
	6.14902 7.56166,
	6.16282 7.52361,
	6.18525 7.48846,
	6.21547 7.4575,
	6.25235 7.4319,
	6.29453 7.4126,
	6.34042 7.40033,
	6.38832 7.39555,
	6.43645 7.39842,
	6.48302 7.40885,
	6.52627 7.42645,
	6.56462 7.45056,
	6.59662 7.48028,
	6.62108 7.5145,
	6.6371 7.55196,
	6.64407 7.59124,
	6.64174 7.6309,
	6.63019 7.66945,
	6.60986 7.70546,
	6.58149 7.73758,
	6.54615 7.76462,
	6.50516 7.78557,
	6.46004 7.79965,
	6.41247 7.80634,
	6.36423 7.80538,
	6.31711 7.79681,
	6.27287 7.78095,
	6.23316 7.7584,
	6.19945 7.72998,
	6.173 7.69677,
	6.15481 7.66,
	"/>
</Transform>

<Transform dim="6"
 xcoef=" 0.0925077492284508 0.998543026644729 -0.0100712961618164 0 0 0"
 ycoef=" 0.224452645116536 -0.00237123459751437 0.975240597849761 0 0 0">
<Contour name="D07" hidden="true" closed="true" simplified="true" border="1 0 1" fill="1 0 1" mode="9"
 points="5.56209 6.90815,
	5.56949 6.86887,
	5.59112 6.83251,
	5.62538 6.80176,
	5.66974 6.7789,
	5.7209 6.76563,
	5.77506 6.76292,
	5.82822 6.77099,
	5.87643 6.78922,
	5.91611 6.81628,
	5.94432 6.85015,
	5.95897 6.88833,
	5.95897 6.92797,
	5.94432 6.96614,
	5.91611 7.00002,
	5.87643 7.02707,
	5.82822 7.04531,
	5.77506 7.05338,
	5.7209 7.05067,
	5.66974 7.0374,
	5.62538 7.01454,
	5.59112 6.98378,
	5.56949 6.94742,
	"/>
</Transform>

<Transform dim="6"
 xcoef=" 0.0925077492284508 0.998543026644729 -0.0100712961618164 0 0 0"
 ycoef=" 0.224452645116536 -0.00237123459751437 0.975240597849761 0 0 0">
<Contour name="d01c06" hidden="false" closed="true" simplified="true" border="1 0 0" fill="0 1 0" mode="9"
 points="4.21482 2.41927,
	4.24318 2.38147,
	4.28098 2.3673,
	4.29988 2.36257,
	4.30933 2.37202,
	4.30933 2.40982,
	4.31878 2.44762,
	4.3613 2.52322,
	4.39911 2.54685,
	4.43691 2.56103,
	4.47471 2.56575,
	4.62591 2.51377,
	4.63536 2.51377,
	4.64009 2.53268,
	4.63064 2.55158,
	4.63064 2.56103,
	4.59284 2.5941,
	4.51723 2.62718,
	4.47943 2.63663,
	4.40383 2.6319,
	4.32823 2.58938,
	4.25735 2.5185,
	4.229 2.4807,
	4.21482 2.4429,
	4.21482 2.424,
	"/>
<Contour name="d01cfa06" hidden="false" closed="false" simplified="false" border="0 1 1" fill="0 1 1" mode="9"
 points="4.63761 2.52036,
	4.61399 2.52508,
	4.57146 2.56288,
	4.51948 2.59123,
	4.44388 2.59123,
	4.36828 2.56288,
	4.2974 2.51563,
	4.26905 2.4353,
	4.2596 2.37388,
	"/>
</Transform>

<Transform dim="6"
 xcoef=" 0.0925077492284508 0.998543026644729 -0.0100712961618164 0 0 0"
 ycoef=" 0.224452645116536 -0.00237123459751437 0.975240597849761 0 0 0">
<Contour name="d02" hidden="true" closed="true" simplified="true" border="0.5 0 1" fill="0.5 0 1" mode="11"
 points="4.64941 3.47211,
	4.6586 3.43532,
	4.69999 3.36174,
	4.71379 3.34334,
	4.73219 3.26976,
	4.74598 3.23297,
	4.74138 3.19618,
	4.75058 3.15939,
	4.75978 3.15019,
	4.79657 3.15479,
	4.83796 3.22837,
	4.86555 3.30195,
	4.87935 3.33874,
	4.88395 3.37553,
	4.91614 3.44912,
	4.91154 3.48591,
	4.87475 3.5135,
	4.80117 3.5181,
	4.72759 3.5135,
	4.6908 3.5135,
	4.6724 3.5089,
	4.65401 3.4905,
	4.64941 3.47671,
	"/>
</Transform>

<Transform dim="6"
 xcoef=" 0.0925077492284508 0.998543026644729 -0.0100712961618164 0 0 0"
 ycoef=" 0.224452645116536 -0.00237123459751437 0.975240597849761 0 0 0">
<Contour name="d02c03" hidden="true" closed="true" simplified="true" border="0 1 0" fill="0 1 0" mode="9"
 points="4.60521 3.43551,
	4.66331 3.31157,
	4.6788 3.28058,
	4.70591 3.25347,
	4.72141 3.24185,
	4.7369 3.24572,
	4.74464 3.2496,
	4.74077 3.31157,
	4.70591 3.37354,
	4.69429 3.40452,
	4.65169 3.46262,
	4.6362 3.45875,
	4.6207 3.44713,
	4.60521 3.44326,
	4.60521 3.43938,
	"/>
<Contour name="d02cfa03" hidden="true" closed="false" simplified="false" border="0 1 1" fill="0 1 1" mode="9"
 points="4.72648 3.23505,
	4.71874 3.26603,
	4.68388 3.35512,
	4.64127 3.45194,
	"/>
</Transform>

<Transform dim="6"
 xcoef=" 0.0925077492284508 0.998543026644729 -0.0100712961618164 0 0 0"
 ycoef=" 0.224452645116536 -0.00237123459751437 0.975240597849761 0 0 0">
<Contour name="d02c04" hidden="true" closed="true" simplified="true" border="0 1 0" fill="0 1 0" mode="9"
 points="5.59674 2.81193,
	5.62386 2.78482,
	5.63935 2.78094,
	5.67033 2.78869,
	5.69745 2.8158,
	5.70519 2.83129,
	5.70519 2.89326,
	5.70907 2.92425,
	5.72069 2.95524,
	5.72843 2.97073,
	5.72843 3.00171,
	5.72843 3.00946,
	5.69745 3.02108,
	5.68195 3.01721,
	5.66646 3.00559,
	5.61611 2.88165,
	5.60449 2.87003,
	5.59674 2.83904,
	5.59674 2.82355,
	5.59674 2.8158,
	"/>
<Contour name="d02cfa04" hidden="true" closed="false" simplified="false" border="0 1 1" fill="0 1 1" mode="9"
 points="5.69478 3.01428,
	5.68316 2.94843,
	5.65604 2.86322,
	5.62506 2.78576,
	"/>
</Transform>

<Transform dim="6"
 xcoef=" 0.0925077492284508 0.998543026644729 -0.0100712961618164 0 0 0"
 ycoef=" 0.224452645116536 -0.00237123459751437 0.975240597849761 0 0 0">
<Contour name="d02c08" hidden="true" closed="true" simplified="true" border="0 1 0" fill="0 1 0" mode="9"
 points="5.51928 1.70807,
	5.52703 1.67709,
	5.55414 1.64997,
	5.58513 1.63061,
	5.59287 1.62286,
	5.60062 1.62286,
	5.66259 1.58026,
	5.67808 1.57638,
	5.70907 1.55702,
	5.74005 1.5454,
	5.75555 1.54927,
	5.76329 1.55315,
	5.76329 1.58413,
	5.74005 1.61512,
	5.67808 1.67321,
	5.6471 1.69645,
	5.61611 1.71195,
	5.58513 1.73906,
	5.55414 1.73906,
	5.53865 1.73518,
	5.52315 1.72357,
	5.51928 1.71195,
	"/>
<Contour name="d02cfa08" hidden="true" closed="false" simplified="false" border="0 1 1" fill="0 1 1" mode="9"
 points="5.76837 1.56958,
	5.74513 1.5812,
	5.68703 1.61219,
	5.6057 1.67028,
	5.53985 1.73226,
	"/>
</Transform>

<Transform dim="6"
 xcoef=" 0.0925077492284508 0.998543026644729 -0.0100712961618164 0 0 0"
 ycoef=" 0.224452645116536 -0.00237123459751437 0.975240597849761 0 0 0">
<Contour name="D08" hidden="true" closed="true" simplified="true" border="1 0 0" fill="1 0 0" mode="9"
 points="6.44034 2.94471,
	6.45004 2.8969,
	6.4782 2.85377,
	6.52206 2.81953,
	6.57733 2.79756,
	6.63859 2.78998,
	6.69985 2.79756,
	6.75512 2.81953,
	6.79898 2.85377,
	6.82714 2.8969,
	6.83684 2.94471,
	6.82714 2.99253,
	6.79898 3.03566,
	6.75512 3.06989,
	6.69985 3.09187,
	6.63859 3.09945,
	6.57733 3.09187,
	6.52206 3.06989,
	6.4782 3.03566,
	"/>
</Transform>

<Transform dim="6"
 xcoef=" -0.0974922507715484 0.998543026644729 -0.0100712961618164 0 0 0"
 ycoef=" -0.0755473548834642 -0.00237123459751437 0.975240597849761 0 0 0">
<Contour name="D13" hidden="true" closed="true" simplified="true" border="0.5 0 1" fill="0.5 0 1" mode="9"
 points="2.44438 1.53344,
	2.45248 1.45517,
	2.47636 1.38083,
	2.51483 1.31414,
	2.56596 1.25845,
	2.62718 1.21654,
	2.69543 1.19053,
	2.76728 1.18171,
	2.83913 1.19053,
	2.90737 1.21654,
	2.9686 1.25845,
	3.01972 1.31414,
	3.05819 1.38083,
	3.08207 1.45517,
	3.09017 1.53344,
	3.08207 1.6117,
	3.05819 1.68604,
	3.01972 1.75273,
	2.9686 1.80842,
	2.90737 1.85033,
	2.83913 1.87634,
	2.76728 1.88516,
	2.69543 1.87634,
	2.62718 1.85033,
	2.56596 1.80842,
	2.51483 1.75273,
	2.47636 1.68604,
	"/>
<Contour name="D12" hidden="true" closed="true" simplified="true" border="1 0.5 0" fill="1 0.5 0" mode="9"
 points="4.35362 5.56034,
	4.36389 5.47587,
	4.39389 5.39824,
	4.44118 5.33375,
	4.50193 5.28761,
	4.57121 5.26357,
	4.64342 5.26357,
	4.71271 5.28761,
	4.77346 5.33375,
	4.82074 5.39824,
	4.85074 5.47587,
	4.86102 5.56034,
	4.85074 5.64482,
	4.82074 5.72244,
	4.77346 5.78694,
	4.71271 5.83308,
	4.64342 5.85712,
	4.57121 5.85712,
	4.50193 5.83308,
	4.44118 5.78694,
	4.39389 5.72244,
	4.36389 5.64482,
	"/>
</Transform>

<Transform dim="6"
 xcoef=" 0.0925077492284508 0.998543026644729 -0.0100712961618164 0 0 0"
 ycoef=" 0.224452645116536 -0.00237123459751437 0.975240597849761 0 0 0">
<Contour name="d13" hidden="true" closed="true" simplified="true" border="1 1 0" fill="1 1 0" mode="11"
 points="3.97382 3.36365,
	3.982 3.33094,
	3.98609 3.31459,
	3.98813 3.30641,
	4.01879 3.241,
	4.03617 3.20931,
	4.05252 3.20114,
	4.0607 3.19705,
	4.07603 3.20829,
	4.07399 3.241,
	4.07194 3.25735,
	4.07092 3.26553,
	4.05559 3.29823,
	4.04844 3.31459,
	4.04537 3.32276,
	4.04332 3.32685,
	4.0423 3.32889,
	4.04332 3.32992,
	4.04435 3.32889,
	4.04537 3.32992,
	4.03413 3.34627,
	4.02697 3.36262,
	4.02186 3.3708,
	4.01368 3.37898,
	4.0096 3.38204,
	3.99324 3.38102,
	3.98507 3.37387,
	3.982 3.36978,
	3.97382 3.36467,
	"/>
</Transform>

<Transform dim="6"
 xcoef=" 0.0925077492284508 0.998543026644729 -0.0100712961618164 0 0 0"
 ycoef=" 0.224452645116536 -0.00237123459751437 0.975240597849761 0 0 0">
<Contour name="d13" hidden="true" closed="true" simplified="true" border="1 1 0" fill="1 1 0" mode="11"
 points="3.31435 -0.17609,
	3.32695 -0.177665,
	3.37734 -0.141442,
	3.42774 -0.0926193,
	3.45294 -0.0674207,
	3.55373 0.00345056,
	3.56633 0.0129001,
	3.66713 0.0522729,
	3.69233 0.0601475,
	3.79312 0.0680221,
	3.81832 0.069597,
	3.91911 0.0601475,
	3.94431 0.0585726,
	4.04511 0.0207746,
	4.07031 0.00975022,
	4.10338 -0.0406471,
	4.12858 -0.0579712,
	4.17898 -0.0847447,
	4.20417 -0.0973441,
	4.20732 -0.098919,
	4.23252 -0.0926193,
	4.24512 -0.0878946,
	4.24985 -0.0847447,
	4.26245 -0.0343474,
	4.23882 0.0664472,
	4.23095 0.0790465,
	4.20732 0.10267,
	4.18213 0.116844,
	4.13173 0.132594,
	4.08133 0.156217,
	4.03093 0.189291,
	4.00573 0.209765,
	3.99314 0.220789,
	3.98684 0.227089,
	3.96479 0.277486,
	3.95376 0.302685,
	3.93959 0.327883,
	3.93171 0.340483,
	3.92856 0.346782,
	3.92384 0.371981,
	3.92069 0.378281,
	3.89864 0.403479,
	3.88762 0.414504,
	3.86242 0.428678,
	3.81202 0.444427,
	3.79942 0.447577,
	3.69863 0.428678,
	3.64823 0.417653,
	3.62303 0.412929,
	3.61043 0.405054,
	3.58523 0.38458,
	3.57263 0.375131,
	3.56633 0.370406,
	3.55688 0.345207,
	3.53641 0.324733,
	3.53011 0.320009,
	3.52696 0.316859,
	3.52066 0.315284,
	3.50649 0.29166,
	3.46396 0.190866,
	3.45294 0.165667,
	3.42302 0.0648723,
	3.40412 0.014475,
	3.40097 -0.0107237,
	3.39939 -0.023323,
	3.39782 -0.0296227,
	3.35529 -0.08002,
	3.34585 -0.0926193,
	3.33955 -0.098919,
	3.31907 -0.149316,
	3.31435 -0.161916,
	3.31435 -0.174515,
	"/>
</Transform>

<Transform dim="6"
 xcoef=" 0.0925077492284508 0.998543026644729 -0.0100712961618164 0 0 0"
 ycoef=" 0.224452645116536 -0.00237123459751437 0.975240597849761 0 0 0">
<Contour name="d13" hidden="true" closed="true" simplified="true" border="1 1 0" fill="1 1 0" mode="11"
 points="2.96101 2.96428,
	2.9621 2.92936,
	2.96319 2.9119,
	2.96319 2.90753,
	2.96319 2.90535,
	3.03304 2.85842,
	3.05051 2.84641,
	3.05378 2.84423,
	3.06579 2.86169,
	3.07015 2.87042,
	3.06469 2.90535,
	3.06251 2.92281,
	3.06251 2.92499,
	3.05487 2.93372,
	3.03741 2.96865,
	3.03523 2.97302,
	3.01776 2.9872,
	3.00903 2.99375,
	2.99157 2.99484,
	2.9872 2.99594,
	2.96974 2.9883,
	2.96101 2.98284,
	2.96101 2.96538,
	"/>
</Transform>

<Transform dim="6"
 xcoef=" 0.0925077492284508 0.998543026644729 -0.0100712961618164 0 0 0"
 ycoef=" 0.224452645116536 -0.00237123459751437 0.975240597849761 0 0 0">
<Contour name="d13" hidden="true" closed="true" simplified="true" border="1 1 0" fill="1 1 0" mode="11"
 points="2.20834 2.86827,
	2.22998 2.85881,
	2.27325 2.84393,
	2.28407 2.84123,
	2.30571 2.82635,
	2.34898 2.78984,
	2.37062 2.77226,
	2.38144 2.76414,
	2.40307 2.76279,
	2.42471 2.76414,
	2.43283 2.77496,
	2.43147 2.81824,
	2.43147 2.83987,
	2.45446 2.88315,
	2.46663 2.90479,
	2.49503 2.94806,
	2.50315 2.95888,
	2.51396 2.96699,
	2.51937 2.9724,
	2.52478 3.01568,
	2.5356 3.05895,
	2.53966 3.06977,
	2.53425 3.09141,
	2.53154 3.10222,
	2.51396 3.12251,
	2.50315 3.12927,
	2.49774 3.13198,
	2.49503 3.13333,
	2.4734 3.12792,
	2.46258 3.12521,
	2.44094 3.11575,
	2.43553 3.11304,
	2.34898 3.1144,
	2.33816 3.11034,
	2.29489 3.08194,
	2.28948 3.07923,
	2.28542 3.07383,
	2.27731 3.05219,
	2.27055 3.04137,
	2.26784 3.04002,
	2.25702 3.04137,
	2.25161 3.04272,
	2.24215 3.03326,
	2.23809 3.02785,
	2.21645 2.9413,
	2.20834 2.89802,
	2.20834 2.87639,
	2.20834 2.87098,
	2.20834 2.86963,
	"/>
</Transform>

<Transform dim="6"
 xcoef=" 0.0925077492284508 0.998543026644729 -0.0100712961618164 0 0 0"
 ycoef=" 0.224452645116536 -0.00237123459751437 0.975240597849761 0 0 0">
<Contour name="d13" hidden="true" closed="true" simplified="true" border="1 1 0" fill="1 1 0" mode="11"
 points="3.79164 3.52283,
	3.81109 3.46623,
	3.81374 3.45916,
	3.83408 3.43086,
	3.84381 3.41672,
	3.87033 3.38842,
	3.87387 3.38488,
	3.90217 3.39019,
	3.90924 3.39107,
	3.96583 3.38135,
	3.97998 3.38135,
	3.98705 3.38135,
	3.99059 3.38135,
	3.99236 3.38135,
	4.00651 3.39284,
	4.00916 3.39638,
	4.01712 3.42467,
	4.01889 3.45297,
	4.01977 3.46004,
	4.0295 3.48834,
	4.03038 3.49188,
	4.02508 3.52017,
	4.02242 3.53432,
	4.02065 3.54139,
	3.94196 3.65458,
	3.93135 3.66873,
	3.91366 3.69702,
	3.90393 3.71117,
	3.89774 3.71824,
	3.86945 3.71736,
	3.86238 3.71736,
	3.86061 3.71648,
	3.86414 3.71559,
	3.86503 3.71471,
	3.83673 3.6926,
	3.82258 3.68111,
	3.80755 3.62451,
	3.79871 3.56792,
	3.79429 3.53963,
	3.79164 3.52548,
	3.79164 3.52371,
	"/>
</Transform>

<Transform dim="6"
 xcoef=" 0.0925077492284508 0.998543026644729 -0.0100712961618164 0 0 0"
 ycoef=" 0.224452645116536 -0.00237123459751437 0.975240597849761 0 0 0">
<Contour name="d13" hidden="true" closed="true" simplified="true" border="1 1 0" fill="1 1 0" mode="11"
 points="0.515889 0.572224,
	0.552326 0.507446,
	0.582691 0.442668,
	0.598885 0.410279,
	0.637347 0.345501,
	0.669736 0.317161,
	0.685931 0.30299,
	0.700101 0.238212,
	0.702125 0.230115,
	0.681882 0.165337,
	0.675809 0.132948,
	0.677834 0.116754,
	0.694028 0.110681,
	0.726417 0.126875,
	0.758806 0.151167,
	0.772976 0.167361,
	0.813463 0.232139,
	0.841803 0.264528,
	0.884314 0.329306,
	0.904557 0.361695,
	0.908605 0.369793,
	0.973383 0.410279,
	1.03816 0.468984,
	1.05436 0.483154,
	1.11913 0.515543,
	1.13533 0.52364,
	1.19606 0.588418,
	1.21225 0.604613,
	1.22237 0.669391,
	1.2244 0.677488,
	1.24059 0.685585,
	1.26084 0.717974,
	1.26893 0.734169,
	1.27501 0.742266,
	1.33776 0.766558,
	1.33978 0.782752,
	1.32157 0.815141,
	1.30942 0.829312,
	1.24464 0.859676,
	1.22845 0.867774,
	1.16367 0.932552,
	1.1333 0.964941,
	1.10699 0.99733,
	1.09079 1.0115,
	1.0584 1.01757,
	1.02602 1.01555,
	0.961237 1.00543,
	0.928848 1.0034,
	0.912654 1.0034,
	0.896459 1.00745,
	0.880265 1.02162,
	0.878241 1.02365,
	0.870143 1.02769,
	0.862046 1.02769,
	0.8499 1.02567,
	0.817511 1.01352,
	0.752733 0.999354,
	0.736539 0.99733,
	0.720344 0.991257,
	0.687955 0.964941,
	0.623177 0.934576,
	0.560424 0.896114,
	0.54018 0.831336,
	0.52601 0.798947,
	0.521962 0.782752,
	0.515889 0.653196,
	0.515889 0.588418,
	0.515889 0.574248,
	"/>
</Transform>

<Transform dim="6"
 xcoef=" 0.0925077492284508 0.998543026644729 -0.0100712961618164 0 0 0"
 ycoef=" 0.224452645116536 -0.00237123459751437 0.975240597849761 0 0 0">
<Contour name="d13" hidden="true" closed="true" simplified="true" border="1 1 0.501961" fill="0.5 0 1" mode="11"
 points="2.38885 1.48136,
	2.3919 1.43258,
	2.42544 1.33501,
	2.43154 1.32281,
	2.43459 1.31672,
	2.45593 1.29232,
	2.51081 1.19476,
	2.53215 1.17037,
	2.5474 1.14902,
	2.64497 1.06975,
	2.66631 1.04841,
	2.71509 1.02402,
	2.76387 1.00572,
	2.78827 0.993527,
	2.9834 1.03011,
	3.03218 1.03316,
	3.08097 1.02402,
	3.12975 1.03011,
	3.14194 1.03316,
	3.16634 1.02402,
	3.19073 1.00877,
	3.23951 0.993527,
	3.2639 0.990478,
	3.2761 0.987429,
	3.28829 0.993527,
	3.31269 1.01487,
	3.34013 1.06365,
	3.35842 1.08804,
	3.38281 1.10939,
	3.39501 1.12158,
	3.4194 1.13378,
	3.44379 1.13683,
	3.46818 1.14598,
	3.49257 1.16122,
	3.51392 1.18561,
	3.52611 1.19476,
	3.62368 1.2161,
	3.65722 1.26488,
	3.67246 1.28928,
	3.77003 1.38074,
	3.80967 1.42953,
	3.82491 1.45392,
	3.82796 1.5027,
	3.84625 1.55149,
	3.8493 1.57588,
	3.83101 1.62466,
	3.82491 1.63686,
	3.82186 1.68564,
	3.81881 1.71003,
	3.82491 1.75881,
	3.82796 1.78321,
	3.82796 1.7954,
	3.8432 1.81979,
	3.8676 1.84419,
	3.87979 1.85638,
	3.89199 1.86248,
	3.89809 1.88687,
	3.88894 1.91126,
	3.87979 1.96005,
	3.85845 1.96614,
	3.85235 1.97529,
	3.8493 1.99968,
	3.8554 2.04847,
	3.87369 2.09725,
	3.88284 2.12164,
	3.89199 2.17042,
	3.90418 2.19482,
	3.91028 2.21921,
	3.91028 2.2436,
	3.90113 2.25275,
	3.87674 2.25884,
	3.8615 2.28019,
	3.8554 2.32897,
	3.85235 2.35336,
	3.81271 2.45093,
	3.79442 2.49971,
	3.78832 2.51191,
	3.76393 2.52715,
	3.75174 2.52715,
	3.73954 2.52105,
	3.69076 2.51191,
	3.67856 2.51496,
	3.65722 2.5363,
	3.55965 2.59118,
	3.51087 2.61862,
	3.31574 2.6674,
	3.29134 2.6735,
	3.19378 2.71924,
	3.14499 2.74973,
	3.1328 2.75887,
	3.03523 2.77717,
	2.98645 2.78936,
	2.93766 2.77717,
	2.91327 2.77107,
	2.90108 2.76497,
	2.89803 2.76192,
	2.87364 2.77412,
	2.86144 2.78021,
	2.81266 2.77107,
	2.76387 2.74363,
	2.72119 2.69789,
	2.6968 2.67655,
	2.67241 2.66131,
	2.62362 2.64301,
	2.59923 2.63082,
	2.5535 2.59118,
	2.53215 2.56679,
	2.51691 2.5424,
	2.50166 2.49361,
	2.49557 2.46922,
	2.48947 2.45703,
	2.47727 2.45093,
	2.46508 2.42654,
	2.45898 2.41434,
	2.46203 2.38995,
	2.45898 2.36556,
	2.44373 2.34117,
	2.43154 2.32897,
	2.42544 2.32592,
	2.45898 2.27714,
	2.48032 2.25275,
	2.48642 2.24055,
	2.46813 2.14298,
	2.45593 2.0942,
	2.44069 1.99663,
	2.43459 1.97224,
	2.45288 1.92346,
	2.43764 1.87468,
	2.44983 1.85028,
	2.45288 1.84419,
	2.41934 1.7954,
	2.398 1.74662,
	2.38276 1.64905,
	2.398 1.60027,
	2.40715 1.57588,
	2.4102 1.52709,
	2.4102 1.5149,
	2.3919 1.49051,
	2.38885 1.48441,
	"/>
</Transform>

<Transform dim="6"
 xcoef=" 0.0925077492284508 0.998543026644729 -0.0100712961618164 0 0 0"
 ycoef=" 0.224452645116536 -0.00237123459751437 0.975240597849761 0 0 0">
<Contour name="d04p04" hidden="true" closed="true" simplified="false" border="1 0 0" fill="1 0 0" mode="-13"
 points="2.46134 4.51336,
	2.47835 4.48954,
	2.46134 4.46573,
	2.47155 4.46573,
	2.48516 4.48614,
	2.49877 4.46573,
	2.50898 4.46573,
	2.49196 4.48954,
	2.50898 4.51336,
	2.49877 4.51336,
	2.48516 4.49295,
	2.47155 4.51336,
	"/>
</Transform>

<Transform dim="6"
 xcoef=" 0.0925077492284508 0.998543026644729 -0.0100712961618164 0 0 0"
 ycoef=" 0.224452645116536 -0.00237123459751437 0.975240597849761 0 0 0">
<Contour name="d04" hidden="true" closed="true" simplified="true" border="1 0 0" fill="1 0 0" mode="11"
 points="2.30114 5.12914,
	2.32004 5.09133,
	2.33067 5.07243,
	2.36847 5.0429,
	2.38738 5.02754,
	2.3921 5.024,
	2.40155 5.02282,
	2.43935 5.024,
	2.4488 5.02518,
	2.45353 5.02518,
	2.45589 5.02518,
	2.53149 5.09724,
	2.54094 5.10669,
	2.55984 5.12205,
	2.56811 5.12795,
	2.60591 5.10787,
	2.61536 5.10197,
	2.63426 5.08307,
	2.63899 5.07834,
	2.64135 5.07598,
	2.64253 5.08543,
	2.64135 5.10433,
	2.63426 5.14213,
	2.63308 5.14685,
	2.63426 5.15158,
	2.64608 5.17048,
	2.64017 5.18938,
	2.63899 5.19411,
	2.60119 5.21064,
	2.59174 5.21419,
	2.58229 5.21419,
	2.57756 5.21419,
	2.55866 5.19765,
	2.53976 5.18466,
	2.50196 5.17048,
	2.49723 5.1693,
	2.45943 5.17875,
	2.42163 5.18584,
	2.40273 5.18702,
	2.39328 5.1882,
	2.38383 5.18702,
	2.34603 5.17284,
	2.32713 5.16576,
	2.3224 5.16457,
	2.31059 5.14567,
	2.30469 5.13622,
	2.30232 5.1315,
	2.30114 5.13032,
	"/>
</Transform>

<Transform dim="6"
 xcoef=" 0.0925077492284508 0.998543026644729 -0.0100712961618164 0 0 0"
 ycoef=" 0.224452645116536 -0.00237123459751437 0.975240597849761 0 0 0">
<Contour name="d04p19" hidden="true" closed="true" simplified="false" border="0 1 0" fill="0 1 0" mode="9"
 points="2.24881 3.54853,
	2.24881 3.53509,
	2.26225 3.53509,
	2.26225 3.52164,
	2.27569 3.52164,
	2.27569 3.53509,
	2.28913 3.53509,
	2.28913 3.54853,
	2.27569 3.54853,
	2.27569 3.56197,
	2.26225 3.56197,
	2.26225 3.54853,
	"/>
</Transform>

<Transform dim="6"
 xcoef=" 0.0925077492284508 0.998543026644729 -0.0100712961618164 0 0 0"
 ycoef=" 0.224452645116536 -0.00237123459751437 0.975240597849761 0 0 0">
<Contour name="d04" hidden="true" closed="true" simplified="true" border="1 0 0" fill="1 0 0" mode="11"
 points="2.46439 3.31152,
	2.48263 3.24667,
	2.49074 3.21425,
	2.49682 3.20817,
	2.62652 3.19601,
	2.69137 3.21627,
	2.7238 3.22438,
	2.72988 3.23046,
	2.73393 3.24667,
	2.72785 3.26288,
	2.71772 3.2791,
	2.68935 3.31152,
	2.65692 3.33787,
	2.62449 3.36016,
	2.59207 3.3784,
	2.57585 3.38448,
	2.511 3.39462,
	2.49479 3.39462,
	2.49074 3.39259,
	2.4725 3.32774,
	2.46439 3.31355,
	"/>
</Transform>

<Transform dim="6"
 xcoef=" 0.0925077492284508 0.998543026644729 -0.0100712961618164 0 0 0"
 ycoef=" 0.224452645116536 -0.00237123459751437 0.975240597849761 0 0 0">
<Contour name="d04" hidden="true" closed="true" simplified="true" border="1 0 0" fill="1 0 0" mode="11"
 points="1.52176 4.17926,
	1.53413 4.10008,
	1.53908 4.08028,
	1.57372 4.0011,
	1.58114 3.98131,
	1.62815 3.90213,
	1.6529 3.86254,
	1.71971 3.70418,
	1.73703 3.66459,
	1.7494 3.64479,
	1.7692 3.625,
	1.77414 3.62005,
	1.85333 3.625,
	2.01169 3.59283,
	2.09087 3.57056,
	2.13046 3.55819,
	2.15025 3.55076,
	2.22943 3.4988,
	2.23933 3.49138,
	2.24428 3.4889,
	2.32346 3.52354,
	2.33088 3.54334,
	2.33831 3.58293,
	2.34326 3.60273,
	2.34573 3.61262,
	2.34573 3.61757,
	2.36305 3.63737,
	2.37295 3.64726,
	2.3779 3.65221,
	2.3878 3.73139,
	2.40264 3.81058,
	2.41254 3.88976,
	2.41996 3.92935,
	2.44718 4.00853,
	2.46203 4.04812,
	2.46945 4.06791,
	2.47935 4.07534,
	2.51894 4.09018,
	2.53626 4.10255,
	2.54368 4.14214,
	2.54863 4.16194,
	2.52636 4.24112,
	2.50904 4.28071,
	2.50162 4.30051,
	2.49667 4.3104,
	2.53626 4.46877,
	2.54121 4.48856,
	2.57832 4.52073,
	2.61791 4.53805,
	2.6971 4.56527,
	2.77628 4.58011,
	2.79607 4.58259,
	2.80597 4.58506,
	2.84556 4.57022,
	2.92474 4.53063,
	2.96433 4.50836,
	3.00392 4.49351,
	3.02372 4.48609,
	3.03361 4.48114,
	3.07073 4.51825,
	3.07815 4.52815,
	3.08063 4.60733,
	3.08063 4.64692,
	3.07568 4.68651,
	3.05588 4.76569,
	3.05588 4.77064,
	3.03609 4.78301,
	3.02619 4.78796,
	3.02372 4.79044,
	2.98413 4.75827,
	2.94454 4.73353,
	2.93464 4.72858,
	2.91979 4.70878,
	2.91237 4.70383,
	2.89257 4.70136,
	2.87278 4.69394,
	2.83319 4.67167,
	2.7936 4.66424,
	2.7837 4.66177,
	2.74411 4.67661,
	2.73916 4.67909,
	2.69957 4.66672,
	2.54121 4.57764,
	2.50162 4.55784,
	2.49172 4.55289,
	2.41254 4.58011,
	2.33336 4.6197,
	2.29377 4.63702,
	2.25418 4.65929,
	2.21459 4.68651,
	2.19479 4.69888,
	2.1552 4.70631,
	2.13541 4.70878,
	2.05623 4.69888,
	1.97705 4.71621,
	1.95725 4.71126,
	1.94735 4.70878,
	1.93498 4.69146,
	1.92756 4.67167,
	1.88797 4.64197,
	1.86817 4.62713,
	1.80136 4.54795,
	1.78652 4.52815,
	1.74693 4.49104,
	1.72713 4.45144,
	1.67269 4.37226,
	1.61083 4.29308,
	1.54403 4.2139,
	1.52918 4.19411,
	1.52176 4.18421,
	1.52176 4.18174,
	"/>
</Transform>

<Transform dim="6"
 xcoef=" 0.0925077492284508 0.998543026644729 -0.0100712961618164 0 0 0"
 ycoef=" 0.224452645116536 -0.00237123459751437 0.975240597849761 0 0 0">
<Contour name="d04p37" hidden="true" closed="true" simplified="false" border="1 0 1" fill="1 0 1" mode="9"
 points="1.6093 4.12994,
	1.6093 4.12172,
	1.61752 4.11351,
	1.62573 4.11351,
	1.63395 4.12172,
	1.63395 4.12994,
	1.62573 4.13815,
	1.61752 4.13815,
	"/>
</Transform>

<Transform dim="6"
 xcoef=" 0.0925077492284508 0.998543026644729 -0.0100712961618164 0 0 0"
 ycoef=" 0.224452645116536 -0.00237123459751437 0.975240597849761 0 0 0">
<Contour name="d13c06" hidden="true" closed="true" simplified="true" border="0 0 1" fill="0 0 1" mode="11"
 points="3.58246 0.0298146,
	3.60129 0.00627677,
	3.70172 0.0172611,
	3.80215 0.0360914,
	3.85237 0.0455066,
	3.85864 0.0470757,
	3.95907 0.0219687,
	3.98418 0.0156919,
	4.03439 -0.00784596,
	4.0595 -0.0203995,
	4.07205 -0.0266763,
	4.07833 -0.0298146,
	4.08147 -0.0313838,
	4.09402 -0.0266763,
	4.09716 -0.0203995,
	4.1003 0.00470757,
	4.10187 0.00784596,
	4.09873 0.0141227,
	4.07833 0.0392298,
	4.06734 0.0502141,
	4.01713 0.0627677,
	3.99202 0.0690444,
	3.97947 0.0721828,
	3.77861 0.0894439,
	3.75351 0.0910131,
	3.65308 0.0690444,
	3.64052 0.065906,
	3.63425 0.0643369,
	3.58403 0.0313838,
	"/>
</Transform>

<Transform dim="6"
 xcoef=" 0.0925077492284508 0.998543026644729 -0.0100712961618164 0 0 0"
 ycoef=" 0.224452645116536 -0.00237123459751437 0.975240597849761 0 0 0">
<Contour name="d13cfa06" hidden="true" closed="false" simplified="false" border="0 0 1" fill="0 0 1" mode="9"
 points="4.10118 -0.0171813,
	3.97722 0.0487248,
	3.74184 0.0659859,
	3.58649 0.0204793,
	"/>
</Transform>

<Transform dim="6"
 xcoef=" 1.32250774922845 0.998543026644729 -0.0100712961618164 0 0 0"
 ycoef=" 1.22445264511654 -0.00237123459751437 0.975240597849761 0 0 0">
<Contour name="d13p11" hidden="true" closed="true" simplified="false" border="1 0.5 0" fill="1 0.5 0" mode="13"
 points="3.76965 2.25635,
	3.76965 2.2506,
	3.7754 2.24484,
	3.78116 2.24484,
	3.78691 2.2506,
	3.78691 2.25635,
	3.78116 2.26211,
	3.7754 2.26211,
	"/>
</Transform>

<Transform dim="6"
 xcoef=" 0.0925077492284508 0.998543026644729 -0.0100712961618164 0 0 0"
 ycoef=" 0.224452645116536 -0.00237123459751437 0.975240597849761 0 0 0">
<Contour name="d13c11" hidden="true" closed="true" simplified="true" border="1 0.5 0" fill="1 0.5 0" mode="11"
 points="2.4069 1.3367,
	2.41631 1.30326,
	2.42154 1.28654,
	2.45602 1.21965,
	2.47379 1.18621,
	2.48215 1.16949,
	2.54799 1.11096,
	2.58144 1.0817,
	2.5898 1.07438,
	2.59398 1.0702,
	2.59502 1.07856,
	2.59293 1.112,
	2.59189 1.11618,
	2.55845 1.14022,
	2.55008 1.14649,
	2.5041 1.21338,
	2.46125 1.28027,
	2.4508 1.29699,
	2.43408 1.33043,
	2.42363 1.34716,
	2.4184 1.35552,
	2.41422 1.35761,
	2.41317 1.35865,
	2.40795 1.34193,
	2.4069 1.33775,
	"/>
</Transform>

<Transform dim="6"
 xcoef=" 0.0925077492284508 0.998543026644729 -0.0100712961618164 0 0 0"
 ycoef=" 0.224452645116536 -0.00237123459751437 0.975240597849761 0 0 0">
<Contour name="d13cfa11" hidden="true" closed="false" simplified="false" border="1 0.5 0" fill="1 0.5 0" mode="13"
 points="2.41441 1.35887,
	2.48444 1.21882,
	2.59104 1.08505,
	"/>
</Transform>

<Transform dim="6"
 xcoef=" 0.0925077492284508 0.998543026644729 -0.0100712961618164 0 0 0"
 ycoef=" 0.224452645116536 -0.00237123459751437 0.975240597849761 0 0 0">
<Contour name="d13" hidden="true" closed="true" simplified="true" border="1 1 0" fill="1 1 0" mode="11"
 points="3.71633 3.75108,
	3.72956 3.74611,
	3.73287 3.74611,
	3.73618 3.73949,
	3.73949 3.73618,
	3.79244 3.73784,
	3.81892 3.73784,
	3.87186 3.75273,
	3.8851 3.75604,
	3.89172 3.75769,
	3.89834 3.76266,
	3.93309 3.81561,
	3.93805 3.82222,
	3.93143 3.8487,
	3.92812 3.86194,
	3.92812 3.86525,
	3.90165 3.88014,
	3.88841 3.88676,
	3.86194 3.8851,
	3.8487 3.88345,
	3.7428 3.80071,
	3.72956 3.79079,
	3.72295 3.78582,
	3.71798 3.77424,
	3.71964 3.76762,
	3.71633 3.75438,
	3.71633 3.75273,
	"/>
</Transform>

<Transform dim="6"
 xcoef=" 0.0925077492284508 0.998543026644729 -0.0100712961618164 0 0 0"
 ycoef=" 0.224452645116536 -0.00237123459751437 0.975240597849761 0 0 0">
<Contour name="d01" hidden="false" closed="true" simplified="true" border="1 1 0" fill="1 0.5 0" mode="9"
 points="4.34429 5.00586,
	4.35447 4.99229,
	4.36125 4.9872,
	4.38839 4.9855,
	4.39518 4.9855,
	4.40196 4.98211,
	4.42911 4.97702,
	4.44268 4.97532,
	4.44607 4.97702,
	4.45964 4.97532,
	4.47321 4.98211,
	4.48339 4.99229,
	4.48848 4.99907,
	4.48678 5.01264,
	4.4783 5.02621,
	4.46642 5.03809,
	4.43928 5.05505,
	4.42571 5.06353,
	4.39857 5.06183,
	4.385 5.06014,
	4.37143 5.05335,
	4.34599 5.0313,
	4.34429 5.01773,
	4.34429 5.01095,
	4.34429 5.00755,
	"/>
</Transform>

<Transform dim="6"
 xcoef=" 0.0925077492284508 0.998543026644729 -0.0100712961618164 0 0 0"
 ycoef=" 0.224452645116536 -0.00237123459751437 0.975240597849761 0 0 0">
<Contour name="d01" hidden="false" closed="true" simplified="true" border="1 1 0" fill="1 0.5 0" mode="9"
 points="4.05931 3.94396,
	4.06779 3.93208,
	4.09323 3.90664,
	4.10171 3.89307,
	4.1068 3.8795,
	4.11189 3.85235,
	4.11529 3.83878,
	4.11529 3.832,
	4.12037 3.81843,
	4.12377 3.79129,
	4.13055 3.76415,
	4.156 3.70986,
	4.17296 3.68612,
	4.18653 3.67594,
	4.21367 3.66237,
	4.24081 3.65388,
	4.25438 3.65049,
	4.30867 3.65558,
	4.32224 3.65728,
	4.33581 3.65558,
	4.34938 3.65728,
	4.37652 3.66746,
	4.39009 3.67594,
	4.40196 3.68951,
	4.41553 3.6946,
	4.42911 3.69629,
	4.45625 3.71326,
	4.48339 3.71665,
	4.49696 3.71665,
	4.50883 3.72174,
	4.5224 3.73022,
	4.53428 3.74209,
	4.54106 3.75566,
	4.54446 3.76245,
	4.5699 3.78111,
	4.58347 3.79129,
	4.59026 3.79807,
	4.60213 3.80655,
	4.60722 3.81164,
	4.61061 3.81164,
	4.63436 3.8303,
	4.64793 3.84387,
	4.6615 3.85405,
	4.66998 3.86762,
	4.69543 3.88798,
	4.71918 3.91342,
	4.73275 3.9253,
	4.73784 3.93887,
	4.73953 3.94565,
	4.74293 3.94905,
	4.74123 3.97619,
	4.74632 3.98976,
	4.74801 3.99654,
	4.74632 4.01011,
	4.73784 4.02368,
	4.72596 4.03556,
	4.70221 4.05422,
	4.68864 4.0644,
	4.67847 4.07457,
	4.65981 4.10171,
	4.63436 4.12377,
	4.61231 4.14582,
	4.60383 4.15939,
	4.57838 4.17805,
	4.56481 4.18483,
	4.53767 4.18823,
	4.51053 4.2001,
	4.49696 4.20689,
	4.46982 4.21198,
	4.41553 4.22894,
	4.38839 4.23742,
	4.36125 4.23912,
	4.35447 4.23912,
	4.34768 4.23572,
	4.2934 4.23742,
	4.27983 4.23403,
	4.27304 4.22724,
	4.26795 4.21367,
	4.25778 4.2018,
	4.23064 4.19332,
	4.21706 4.19162,
	4.18992 4.17975,
	4.16278 4.16109,
	4.13564 4.14921,
	4.12377 4.13903,
	4.11529 4.12546,
	4.1102 4.11189,
	4.1085 4.09832,
	4.1102 4.08475,
	4.11868 4.05761,
	4.12037 4.04404,
	4.12037 4.03725,
	4.11189 4.02538,
	4.1102 4.02199,
	4.10341 4.02029,
	4.07966 3.99824,
	4.0627 3.9711,
	4.05931 3.95753,
	4.05931 3.94565,
	"/>
</Transform>

<Transform dim="6"
 xcoef=" 0.0925077492284508 0.998543026644729 -0.0100712961618164 0 0 0"
 ycoef=" 0.224452645116536 -0.00237123459751437 0.975240597849761 0 0 0">
<Contour name="d01" hidden="false" closed="true" simplified="true" border="1 1 0" fill="1 0.5 0" mode="9"
 points="3.84896 2.91429,
	3.85235 2.9075,
	3.85235 2.90411,
	3.86084 2.89223,
	3.86253 2.88715,
	3.85744 2.87358,
	3.85405 2.86679,
	3.85405 2.85322,
	3.86084 2.83965,
	3.88798 2.8176,
	3.89985 2.80911,
	3.90324 2.80233,
	3.91682 2.79046,
	3.93039 2.78197,
	3.94396 2.77688,
	3.99824 2.77688,
	4.01181 2.77858,
	4.02538 2.78537,
	4.05252 2.78876,
	4.06609 2.78537,
	4.07966 2.78706,
	4.09323 2.79215,
	4.10511 2.80233,
	4.11868 2.8159,
	4.13394 2.84134,
	4.14243 2.86849,
	4.15769 2.89563,
	4.15769 2.9092,
	4.14243 2.93464,
	4.13734 2.94143,
	4.12716 2.94991,
	4.07457 2.98723,
	4.061 2.99571,
	4.05591 3.0008,
	4.00163 3.01776,
	3.97449 3.02794,
	3.94735 3.03303,
	3.93378 3.02794,
	3.93039 3.02794,
	3.90494 3.00419,
	3.8795 2.98723,
	3.85914 2.96178,
	3.85066 2.94821,
	3.84896 2.92107,
	3.84896 2.91598,
	"/>
<Contour name="d01" hidden="false" closed="true" simplified="true" border="1 1 0" fill="1 0.5 0" mode="9"
 points="4.05591 2.4478,
	4.06609 2.39352,
	4.06779 2.36637,
	4.06779 2.35959,
	4.06948 2.3562,
	4.05931 2.32905,
	4.0644 2.27477,
	4.06609 2.26799,
	4.07457 2.25442,
	4.08814 2.24593,
	4.10171 2.24085,
	4.12886 2.23745,
	4.14243 2.23576,
	4.14921 2.23576,
	4.16278 2.24254,
	4.17635 2.24593,
	4.20349 2.24424,
	4.23064 2.24763,
	4.23742 2.25272,
	4.24251 2.26629,
	4.2459 2.29343,
	4.2459 2.307,
	4.2493 2.32057,
	4.2476 2.37486,
	4.2476 2.38164,
	4.25099 2.38843,
	4.25099 2.39521,
	4.25608 2.39691,
	4.25099 2.402,
	4.2493 2.40878,
	4.24251 2.41387,
	4.24421 2.42744,
	4.25438 2.45458,
	4.25947 2.46815,
	4.27474 2.49529,
	4.27474 2.49869,
	4.31376 2.55297,
	4.36804 2.58859,
	4.38161 2.59368,
	4.385 2.59707,
	4.41214 2.60386,
	4.42571 2.60725,
	4.42911 2.61064,
	4.45625 2.61573,
	4.48339 2.61573,
	4.51053 2.61064,
	4.53767 2.59877,
	4.55124 2.59538,
	4.55803 2.59368,
	4.56142 2.59029,
	4.5682 2.58859,
	4.57499 2.5835,
	4.57838 2.5835,
	4.59195 2.57502,
	4.59535 2.57163,
	4.59874 2.57163,
	4.60892 2.55975,
	4.63606 2.5411,
	4.64284 2.5377,
	4.64624 2.53431,
	4.67338 2.52413,
	4.68016 2.52074,
	4.7073 2.52244,
	4.71409 2.52413,
	4.71748 2.52752,
	4.72087 2.52752,
	4.72766 2.53431,
	4.73614 2.56145,
	4.74293 2.57502,
	4.74462 2.60216,
	4.74801 2.61573,
	4.74801 2.64287,
	4.74801 2.64966,
	4.73953 2.66323,
	4.71578 2.68698,
	4.68864 2.70394,
	4.6615 2.71412,
	4.64793 2.71921,
	4.64115 2.7226,
	4.63775 2.7226,
	4.63436 2.72599,
	4.62079 2.72769,
	4.614 2.72939,
	4.61061 2.72939,
	4.60722 2.73278,
	4.55294 2.74805,
	4.5258 2.75653,
	4.49865 2.7684,
	4.49187 2.7701,
	4.48848 2.7701,
	4.48508 2.77349,
	4.4308 2.78197,
	4.42741 2.78537,
	4.31884 2.81081,
	4.30527 2.8142,
	4.2917 2.8142,
	4.27813 2.80742,
	4.26456 2.80572,
	4.21028 2.8176,
	4.18314 2.8142,
	4.16957 2.81081,
	4.15769 2.79894,
	4.13903 2.77349,
	4.13564 2.77349,
	4.12377 2.76162,
	4.1085 2.73448,
	4.1102 2.68019,
	4.1085 2.65305,
	4.1102 2.62591,
	4.11189 2.61234,
	4.1085 2.5852,
	4.10511 2.57163,
	4.09493 2.55975,
	4.08814 2.54618,
	4.07797 2.53261,
	4.07118 2.51904,
	4.07118 2.51565,
	4.06609 2.50887,
	4.05761 2.48342,
	4.05591 2.45628,
	4.05591 2.44949,
	"/>
</Transform>

<Transform dim="6"
 xcoef=" 0.0925077492284508 0.998543026644729 -0.0100712961618164 0 0 0"
 ycoef=" 0.224452645116536 -0.00237123459751437 0.975240597849761 0 0 0">
<Contour name="d02" hidden="true" closed="true" simplified="true" border="0.5 0 1" fill="0.5 0 1" mode="11"
 points="5.07324 2.47838,
	5.08946 2.45479,
	5.09535 2.45037,
	5.11894 2.44595,
	5.13074 2.44595,
	5.13811 2.43415,
	5.1617 2.41499,
	5.1735 2.41056,
	5.17939 2.40761,
	5.20298 2.41646,
	5.21478 2.42383,
	5.22067 2.42825,
	5.24426 2.4312,
	5.26785 2.42678,
	5.27965 2.42973,
	5.28555 2.42973,
	5.29734 2.43563,
	5.30766 2.44447,
	5.31946 2.44742,
	5.34305 2.44152,
	5.35484 2.44447,
	5.36664 2.45037,
	5.37696 2.46217,
	5.37843 2.46806,
	5.38433 2.47249,
	5.39612 2.47543,
	5.40202 2.47691,
	5.40497 2.47691,
	5.41676 2.48723,
	5.42266 2.49165,
	5.43446 2.48575,
	5.45804 2.48281,
	5.46394 2.48281,
	5.48753 2.47249,
	5.49933 2.47396,
	5.52292 2.48133,
	5.54651 2.48428,
	5.5524 2.48428,
	5.5642 2.4887,
	5.57599 2.49018,
	5.58779 2.4946,
	5.61138 2.50934,
	5.63497 2.51377,
	5.64676 2.51524,
	5.67035 2.51377,
	5.67625 2.51377,
	5.68804 2.50934,
	5.71163 2.4887,
	5.71753 2.48428,
	5.72933 2.48133,
	5.73522 2.47986,
	5.75144 2.45774,
	5.79862 2.44152,
	5.81041 2.4371,
	5.82221 2.42973,
	5.8458 2.42236,
	5.86939 2.41941,
	5.88118 2.41793,
	5.89298 2.41941,
	5.90477 2.42383,
	5.91657 2.43268,
	5.92689 2.44447,
	5.93279 2.45627,
	5.94016 2.47986,
	5.94163 2.49165,
	5.95048 2.51524,
	5.95638 2.56242,
	5.95785 2.57422,
	5.95638 2.59781,
	5.9549 2.6096,
	5.95638 2.6155,
	5.95195 2.62729,
	5.9549 2.63909,
	5.95638 2.64498,
	5.97849 2.66563,
	6.00208 2.67889,
	6.04926 2.68037,
	6.07285 2.67889,
	6.08464 2.67447,
	6.10823 2.65825,
	6.13182 2.64498,
	6.15541 2.63761,
	6.16721 2.63172,
	6.17163 2.62729,
	6.17605 2.6037,
	6.18637 2.58011,
	6.20112 2.55652,
	6.21291 2.54915,
	6.2365 2.54031,
	6.26009 2.53441,
	6.28368 2.53146,
	6.33086 2.50787,
	6.35445 2.49902,
	6.37804 2.48723,
	6.40163 2.47986,
	6.42522 2.47838,
	6.44881 2.48281,
	6.4606 2.49313,
	6.47387 2.51672,
	6.48124 2.52851,
	6.48272 2.53441,
	6.4783 2.558,
	6.47387 2.56979,
	6.45323 2.59338,
	6.42964 2.6155,
	6.40605 2.63172,
	6.35887 2.64793,
	6.31169 2.68037,
	6.2881 2.69511,
	6.26451 2.70543,
	6.21734 2.7187,
	6.20554 2.7246,
	6.15836 2.72313,
	6.15246 2.72165,
	6.12887 2.72902,
	6.11708 2.73197,
	6.0699 2.75409,
	6.04631 2.77178,
	6.02272 2.79389,
	6.00945 2.81748,
	6.00503 2.82928,
	6.00355 2.84107,
	6.00503 2.85287,
	6.0124 2.86466,
	6.03599 2.88825,
	6.08169 2.91479,
	6.09349 2.92511,
	6.11708 2.93396,
	6.12887 2.94133,
	6.13625 2.95312,
	6.13919 2.95902,
	6.18637 2.96197,
	6.20996 2.96934,
	6.22176 2.97229,
	6.23355 2.97082,
	6.25714 2.97376,
	6.26009 2.97524,
	6.25862 2.97966,
	6.28221 3.00325,
	6.30432 3.02242,
	6.32791 3.04601,
	6.33971 3.0578,
	6.3633 3.07107,
	6.36919 3.07402,
	6.38246 3.09761,
	6.39278 3.10793,
	6.40458 3.1153,
	6.41637 3.11825,
	6.42817 3.11678,
	6.43996 3.11825,
	6.45176 3.12415,
	6.46355 3.1271,
	6.47535 3.13447,
	6.49451 3.15806,
	6.50041 3.16985,
	6.52105 3.19344,
	6.54464 3.21703,
	6.54759 3.22293,
	6.55938 3.23325,
	6.56676 3.24505,
	6.57413 3.26863,
	6.59624 3.31581,
	6.60951 3.36299,
	6.61836 3.41017,
	6.63015 3.41902,
	6.64195 3.42492,
	6.65227 3.43671,
	6.66406 3.4603,
	6.66111 3.47209,
	6.65964 3.47504,
	6.68028 3.52222,
	6.69208 3.54581,
	6.69945 3.5694,
	6.70387 3.5812,
	6.71567 3.59299,
	6.73926 3.60626,
	6.74958 3.61806,
	6.754 3.62985,
	6.75695 3.65344,
	6.75842 3.66523,
	6.75695 3.67113,
	6.76284 3.69472,
	6.76874 3.70652,
	6.77169 3.71241,
	6.75842 3.75959,
	6.75252 3.78318,
	6.7422 3.80677,
	6.73926 3.81857,
	6.73926 3.82152,
	6.71714 3.84511,
	6.70535 3.85543,
	6.69355 3.86132,
	6.6847 3.87312,
	6.67438 3.89671,
	6.66996 3.9085,
	6.65817 3.9144,
	6.63458 3.93357,
	6.6272 3.94536,
	6.61836 3.96895,
	6.61394 3.98075,
	6.61246 3.98664,
	6.58887 4.01023,
	6.57855 4.02203,
	6.56676 4.03087,
	6.54759 4.05446,
	6.54169 4.06626,
	6.53285 4.07805,
	6.52695 4.08248,
	6.50336 4.0869,
	6.49156 4.0869,
	6.46797 4.081,
	6.44439 4.07068,
	6.43259 4.06184,
	6.409 4.05741,
	6.38541 4.05594,
	6.36182 4.05741,
	6.35592 4.05741,
	6.35298 4.05741,
	6.34708 4.06184,
	6.2999 4.06773,
	6.27631 4.07805,
	6.26451 4.08542,
	6.2483 4.10901,
	6.2424 4.12081,
	6.23945 4.12671,
	6.22766 4.1385,
	6.21586 4.14292,
	6.19227 4.13998,
	6.18637 4.1385,
	6.17458 4.12818,
	6.1731 4.12228,
	6.17458 4.11639,
	6.18195 4.10459,
	6.17458 4.0928,
	6.16278 4.08395,
	6.15689 4.07805,
	6.14952 4.06626,
	6.13772 4.05889,
	6.13182 4.05594,
	6.12593 4.05594,
	6.10234 4.04562,
	6.07875 4.04267,
	6.05516 4.04267,
	6.04336 4.04119,
	6.03304 4.0294,
	6.02125 4.00581,
	6.01387 3.99549,
	5.99029 3.98517,
	5.9667 3.98075,
	5.9549 3.9778,
	5.949 3.966,
	5.94458 3.9601,
	5.94163 3.94831,
	5.92689 3.92472,
	5.90477 3.90703,
	5.89445 3.89523,
	5.87971 3.87312,
	5.86791 3.86427,
	5.86497 3.86132,
	5.84138 3.85837,
	5.81779 3.84805,
	5.79567 3.82446,
	5.77208 3.81414,
	5.76618 3.81267,
	5.76029 3.80677,
	5.74849 3.7994,
	5.72933 3.77581,
	5.71753 3.76697,
	5.70868 3.75664,
	5.70279 3.75075,
	5.69836 3.72716,
	5.69836 3.72126,
	5.68657 3.71241,
	5.6792 3.70209,
	5.67625 3.6962,
	5.67477 3.69472,
	5.68067 3.68293,
	5.68215 3.67113,
	5.68362 3.66523,
	5.6792 3.64165,
	5.67772 3.61806,
	5.6733 3.59447,
	5.67183 3.57088,
	5.67035 3.55908,
	5.66003 3.53549,
	5.65708 3.5237,
	5.66593 3.47652,
	5.6674 3.45293,
	5.67035 3.44113,
	5.66445 3.39395,
	5.67183 3.34678,
	5.67183 3.33498,
	5.68067 3.31139,
	5.68362 3.2878,
	5.68509 3.27601,
	5.68657 3.27011,
	5.68657 3.26716,
	5.70426 3.24357,
	5.719 3.21998,
	5.73965 3.1728,
	5.74997 3.14921,
	5.77503 3.10203,
	5.79862 3.07992,
	5.83843 3.03421,
	5.84432 3.02832,
	5.84727 3.02537,
	5.85465 2.97819,
	5.86791 2.93101,
	5.87086 2.90742,
	5.87234 2.89562,
	5.86644 2.84844,
	5.86497 2.83665,
	5.86497 2.83075,
	5.85317 2.80716,
	5.85022 2.78357,
	5.8458 2.77178,
	5.81779 2.7246,
	5.81041 2.7128,
	5.79862 2.70248,
	5.75144 2.68037,
	5.72785 2.6671,
	5.71606 2.65825,
	5.69247 2.64793,
	5.66888 2.63466,
	5.64529 2.62434,
	5.63349 2.61992,
	5.6217 2.61845,
	5.59811 2.6096,
	5.58631 2.60665,
	5.56272 2.60518,
	5.55683 2.60223,
	5.50965 2.60665,
	5.46247 2.61992,
	5.45657 2.61845,
	5.44478 2.6096,
	5.42119 2.60813,
	5.40939 2.6096,
	5.3976 2.60518,
	5.3917 2.60223,
	5.39022 2.60075,
	5.36664 2.61697,
	5.34305 2.63909,
	5.33125 2.64204,
	5.30766 2.64204,
	5.28407 2.63614,
	5.27228 2.64056,
	5.24869 2.6612,
	5.23689 2.66563,
	5.23099 2.6671,
	5.2251 2.66415,
	5.21478 2.65236,
	5.20003 2.62877,
	5.18971 2.61992,
	5.18087 2.59633,
	5.1676 2.57274,
	5.15875 2.56095,
	5.15433 2.55505,
	5.10715 2.52999,
	5.10125 2.52704,
	5.07914 2.50345,
	5.07324 2.49165,
	5.07324 2.47986,
	"/>
<Contour name="d02" hidden="true" closed="true" simplified="true" border="0.5 0 1" fill="0.5 0 1" mode="11"
 points="5.95785 2.62582,
	5.96375 2.61402,
	5.96817 2.60813,
	5.97112 2.60518,
	5.97849 2.58159,
	5.98881 2.56979,
	6.0124 2.5521,
	6.03599 2.54178,
	6.04778 2.54031,
	6.05958 2.53588,
	6.07137 2.53588,
	6.07727 2.53883,
	6.08907 2.54915,
	6.10086 2.55505,
	6.10528 2.56095,
	6.1274 2.56537,
	6.13919 2.57274,
	6.14067 2.58454,
	6.14657 2.59633,
	6.14952 2.60813,
	6.14509 2.61992,
	6.1333 2.63172,
	6.08612 2.65825,
	6.07432 2.66268,
	6.02714 2.67152,
	6.01535 2.67152,
	6.00355 2.66857,
	5.99766 2.66857,
	5.98586 2.66268,
	5.96227 2.64056,
	5.95785 2.62877,
	5.95785 2.62729,
	"/>
<Contour name="d02" hidden="true" closed="true" simplified="true" border="0.5 0 1" fill="0.5 0 1" mode="11"
 points="5.49195 2.67742,
	5.49343 2.65383,
	5.50228 2.64204,
	5.51407 2.63319,
	5.53766 2.62582,
	5.54945 2.62287,
	5.56125 2.62729,
	5.58484 2.62434,
	5.59663 2.62287,
	5.60843 2.63024,
	5.61433 2.63466,
	5.62612 2.63761,
	5.63792 2.64646,
	5.64234 2.65236,
	5.65413 2.65973,
	5.66593 2.6612,
	5.68952 2.66857,
	5.71311 2.67889,
	5.7249 2.68479,
	5.7308 2.68921,
	5.75439 2.69511,
	5.77798 2.70543,
	5.78977 2.7128,
	5.79567 2.7187,
	5.82663 2.76588,
	5.83695 2.78947,
	5.84432 2.81306,
	5.84875 2.82486,
	5.85317 2.84844,
	5.85022 2.86024,
	5.85022 2.88383,
	5.85022 2.88973,
	5.85465 2.90152,
	5.85022 2.92511,
	5.84875 2.93691,
	5.85022 2.9605,
	5.8399 2.97082,
	5.82958 2.99441,
	5.82368 3.0062,
	5.81926 3.02979,
	5.81189 3.04011,
	5.7883 3.0578,
	5.77208 3.07992,
	5.76176 3.09171,
	5.74997 3.09908,
	5.73817 3.09171,
	5.73375 3.08582,
	5.7308 3.08287,
	5.71458 2.98851,
	5.71163 2.97671,
	5.70426 2.96492,
	5.69099 2.91774,
	5.68509 2.89415,
	5.66003 2.84697,
	5.63792 2.79979,
	5.63349 2.79389,
	5.6217 2.788,
	5.6099 2.77915,
	5.59811 2.77325,
	5.58631 2.76441,
	5.56715 2.74082,
	5.54356 2.72755,
	5.49785 2.69069,
	5.49343 2.68479,
	5.49195 2.67889,
	"/>
</Transform>

<Transform dim="6"
 xcoef=" 0.0925077492284508 0.998543026644729 -0.0100712961618164 0 0 0"
 ycoef=" 0.224452645116536 -0.00237123459751437 0.975240597849761 0 0 0">
<Contour name="d02" hidden="true" closed="true" simplified="true" border="0.5 0 1" fill="0.5 0 1" mode="11"
 points="7.07742 4.65507,
	7.08112 4.63536,
	7.08235 4.62551,
	7.08235 4.62058,
	7.0922 4.60088,
	7.09836 4.59103,
	7.13654 4.55408,
	7.14639 4.54669,
	7.18456 4.50852,
	7.20427 4.49743,
	7.21412 4.49374,
	7.21905 4.49251,
	7.25845 4.50359,
	7.27816 4.51221,
	7.28801 4.5196,
	7.30402 4.5393,
	7.31018 4.54916,
	7.31387 4.55408,
	7.31387 4.56393,
	7.30771 4.58364,
	7.30525 4.58856,
	7.2954 4.59842,
	7.28801 4.60827,
	7.26954 4.64768,
	7.26092 4.66738,
	7.25599 4.67723,
	7.24121 4.69694,
	7.23382 4.70679,
	7.21412 4.72649,
	7.19811 4.7462,
	7.19072 4.75605,
	7.18087 4.76344,
	7.16117 4.76959,
	7.14146 4.76836,
	7.13161 4.7659,
	7.12176 4.75974,
	7.10205 4.7425,
	7.09713 4.73758,
	7.09097 4.72772,
	7.08481 4.70802,
	7.07742 4.66861,
	7.07742 4.65876,
	7.07742 4.6563,
	"/>
</Transform>

<Transform dim="6"
 xcoef=" 0.0925077492284508 0.998543026644729 -0.0100712961618164 0 0 0"
 ycoef=" 0.224452645116536 -0.00237123459751437 0.975240597849761 0 0 0">
<Contour name="d02" hidden="true" closed="true" simplified="true" border="0.5 0 1" fill="0.5 0 1" mode="11"
 points="5.49382 1.81907,
	5.49767 1.81136,
	5.49767 1.80365,
	5.50731 1.78824,
	5.51694 1.75741,
	5.5285 1.74199,
	5.53621 1.73428,
	5.56704 1.72272,
	5.5709 1.71887,
	5.57861 1.71694,
	5.60944 1.69767,
	5.61714 1.68996,
	5.63063 1.68033,
	5.65761 1.65335,
	5.68459 1.63215,
	5.71542 1.6071,
	5.74433 1.58783,
	5.75974 1.58398,
	5.77516 1.58398,
	5.78286 1.58783,
	5.78479 1.60325,
	5.77901 1.66491,
	5.76938 1.69574,
	5.76745 1.72657,
	5.76167 1.75741,
	5.75011 1.78824,
	5.74433 1.80365,
	5.74047 1.81136,
	5.73276 1.81907,
	5.71735 1.82678,
	5.68652 1.8287,
	5.65568 1.83834,
	5.64798 1.84412,
	5.63834 1.85568,
	5.62293 1.86339,
	5.60751 1.86339,
	5.59209 1.85954,
	5.53043 1.85954,
	5.51501 1.85761,
	5.4996 1.84797,
	5.49382 1.83256,
	5.49382 1.82485,
	5.49382 1.821,
	"/>
</Transform>

<Transform dim="6"
 xcoef=" 0.0925077492284508 0.998543026644729 -0.0100712961618164 0 0 0"
 ycoef=" 0.224452645116536 -0.00237123459751437 0.975240597849761 0 0 0">
<Contour name="d02p04dia" hidden="true" closed="false" simplified="true" border="1 0 0" fill="1 0 0" mode="11"
 points="5.52376 2.62457,
	5.76867 3.08944,
	"/>
</Transform>

<Transform dim="6"
 xcoef=" 0.0925077492284508 0.998543026644729 -0.0100712961618164 0 0 0"
 ycoef=" 0.224452645116536 -0.00237123459751437 0.975240597849761 0 0 0">
<Contour name="d01ax02ssvr" hidden="true" closed="true" simplified="false" border="0 1 0.25098" fill="0 0 1" mode="-11"
 points="4.32857 4.71757,
	4.31905 4.70805,
	4.32857 4.69853,
	4.33808 4.70805,
	"/>
<Contour name="d01ax02ssvr" hidden="true" closed="true" simplified="false" border="0 1 0.25098" fill="0 0 1" mode="-11"
 points="4.32857 4.76516,
	4.31905 4.75564,
	4.32857 4.74613,
	4.33808 4.75564,
	"/>
<Contour name="d01ax02ssvr" hidden="true" closed="true" simplified="false" border="0 1 0.25098" fill="0 0 1" mode="-11"
 points="4.3544 4.78828,
	4.34488 4.77876,
	4.3544 4.76924,
	4.36392 4.77876,
	"/>
<Contour name="d01ax02ssvr" hidden="true" closed="true" simplified="false" border="0 1 0.25098" fill="0 0 1" mode="-11"
 points="4.33672 4.81547,
	4.32721 4.80595,
	4.33672 4.79644,
	4.34624 4.80595,
	"/>
<Contour name="d01ax02ssvr" hidden="true" closed="true" simplified="false" border="0 1 0.25098" fill="0 0 1" mode="-11"
 points="4.32449 4.84131,
	4.31497 4.83179,
	4.32449 4.82227,
	4.334 4.83179,
	"/>
<Contour name="d01ax02ssvr" hidden="true" closed="true" simplified="false" border="0 1 0.25098" fill="0 0 1" mode="-11"
 points="4.30681 4.87122,
	4.29729 4.8617,
	4.30681 4.85218,
	4.31633 4.8617,
	"/>
<Contour name="d01ax02ssvr" hidden="true" closed="true" simplified="false" border="0 1 0.25098" fill="0 0 1" mode="-11"
 points="4.29321 4.83315,
	4.28369 4.82363,
	4.29321 4.81411,
	4.30273 4.82363,
	"/>
<Contour name="d01ax02ssvr" hidden="true" closed="true" simplified="false" border="0 1 0.25098" fill="0 0 1" mode="-11"
 points="4.25106 4.76516,
	4.24154 4.75564,
	4.25106 4.74613,
	4.26058 4.75564,
	"/>
<Contour name="d01ax02ssvr" hidden="true" closed="true" simplified="false" border="0 1 0.25098" fill="0 0 1" mode="-11"
 points="4.19803 4.79372,
	4.18851 4.7842,
	4.19803 4.77468,
	4.20755 4.7842,
	"/>
<Contour name="d01ax02ssvr" hidden="true" closed="true" simplified="false" border="0 1 0.25098" fill="0 0 1" mode="-11"
 points="4.12733 4.82499,
	4.11781 4.81547,
	4.12733 4.80595,
	4.13684 4.81547,
	"/>
</Transform>

<Transform dim="6"
 xcoef=" 0.0925077492284508 0.998543026644729 -0.0100712961618164 0 0 0"
 ycoef=" 0.224452645116536 -0.00237123459751437 0.975240597849761 0 0 0">
<Contour name="d01ax06ssvda" hidden="true" closed="true" simplified="false" border="1 0 0" fill="0 0 1" mode="-11"
 points="4.30268 2.40325,
	4.29166 2.39223,
	4.30268 2.38121,
	4.3137 2.39223,
	"/>
<Contour name="d01ax06ssvda" hidden="true" closed="true" simplified="false" border="1 0 0" fill="0 0 1" mode="-11"
 points="4.33889 2.48039,
	4.32787 2.46937,
	4.33889 2.45835,
	4.34991 2.46937,
	"/>
<Contour name="d01ax06ssvda" hidden="true" closed="true" simplified="false" border="1 0 0" fill="0 0 1" mode="-11"
 points="4.44279 2.55596,
	4.43177 2.54494,
	4.44279 2.53392,
	4.45381 2.54494,
	"/>
<Contour name="d01ax06ssvr" hidden="true" closed="true" simplified="false" border="0 1 0.25098" fill="0 0 1" mode="-11"
 points="4.40186 2.48196,
	4.39084 2.47094,
	4.40186 2.45992,
	4.41288 2.47094,
	"/>
<Contour name="d01ax06ssvr" hidden="true" closed="true" simplified="false" border="0 1 0.25098" fill="0 0 1" mode="-11"
 points="4.3625 2.44733,
	4.35148 2.43631,
	4.3625 2.42529,
	4.37352 2.43631,
	"/>
<Contour name="d01ax06ssvr" hidden="true" closed="true" simplified="false" border="0 1 0.25098" fill="0 0 1" mode="-11"
 points="4.39241 2.3938,
	4.38139 2.38278,
	4.39241 2.37176,
	4.40343 2.38278,
	"/>
<Contour name="d01ax06ssvr" hidden="true" closed="true" simplified="false" border="0 1 0.25098" fill="0 0 1" mode="-11"
 points="4.42548 2.3875,
	4.41445 2.37648,
	4.42548 2.36546,
	4.4365 2.37648,
	"/>
<Contour name="d01ax06ssvr" hidden="true" closed="true" simplified="false" border="0 1 0.25098" fill="0 0 1" mode="-11"
 points="4.48373 2.31351,
	4.47271 2.30249,
	4.48373 2.29147,
	4.49475 2.30249,
	"/>
<Contour name="d01ax06ssvr" hidden="true" closed="true" simplified="false" border="0 1 0.25098" fill="0 0 1" mode="-11"
 points="4.54198 2.31193,
	4.53096 2.30091,
	4.54198 2.28989,
	4.553 2.30091,
	"/>
<Contour name="d01ax06ssvr" hidden="true" closed="true" simplified="false" border="0 1 0.25098" fill="0 0 1" mode="-11"
 points="4.52308 2.28674,
	4.51206 2.27572,
	4.52308 2.2647,
	4.53411 2.27572,
	"/>
<Contour name="d01ax06ssvr" hidden="true" closed="true" simplified="false" border="0 1 0.25098" fill="0 0 1" mode="-11"
 points="4.51206 2.23794,
	4.50104 2.22692,
	4.51206 2.2159,
	4.52308 2.22692,
	"/>
<Contour name="d01ax06ssvr" hidden="true" closed="true" simplified="false" border="0 1 0.25098" fill="0 0 1" mode="-11"
 points="4.55457 2.26156,
	4.54355 2.25053,
	4.55457 2.23951,
	4.56559 2.25053,
	"/>
<Contour name="d01ax06ssvr" hidden="true" closed="true" simplified="false" border="0 1 0.25098" fill="0 0 1" mode="-11"
 points="4.59236 2.28674,
	4.58134 2.27572,
	4.59236 2.2647,
	4.60338 2.27572,
	"/>
<Contour name="d01ax06ssvr" hidden="true" closed="true" simplified="false" border="0 1 0.25098" fill="0 0 1" mode="-11"
 points="4.60023 2.3261,
	4.58921 2.31508,
	4.60023 2.30406,
	4.61125 2.31508,
	"/>
<Contour name="d01ax06ssvr" hidden="true" closed="true" simplified="false" border="0 1 0.25098" fill="0 0 1" mode="-11"
 points="4.62542 2.3324,
	4.6144 2.32138,
	4.62542 2.31036,
	4.63644 2.32138,
	"/>
<Contour name="d01ax06ssvr" hidden="true" closed="true" simplified="false" border="0 1 0.25098" fill="0 0 1" mode="-11"
 points="4.63329 2.29304,
	4.62227 2.28202,
	4.63329 2.271,
	4.64431 2.28202,
	"/>
<Contour name="d01ax06ssvr" hidden="true" closed="true" simplified="false" border="0 1 0.25098" fill="0 0 1" mode="-11"
 points="4.66792 2.30564,
	4.6569 2.29462,
	4.66792 2.2836,
	4.67895 2.29462,
	"/>
<Contour name="d01ax06ssvr" hidden="true" closed="true" simplified="false" border="0 1 0.25098" fill="0 0 1" mode="-11"
 points="4.63801 2.36231,
	4.62699 2.35129,
	4.63801 2.34027,
	4.64903 2.35129,
	"/>
<Contour name="d01ax06ssvr" hidden="true" closed="true" simplified="false" border="0 1 0.25098" fill="0 0 1" mode="-11"
 points="4.63959 2.40167,
	4.62857 2.39065,
	4.63959 2.37963,
	4.65061 2.39065,
	"/>
<Contour name="d01ax06ssvr" hidden="true" closed="true" simplified="false" border="0 1 0.25098" fill="0 0 1" mode="-11"
 points="4.46483 2.25998,
	4.45381 2.24896,
	4.46483 2.23794,
	4.47585 2.24896,
	"/>
<Contour name="d01ax06ssvr" hidden="true" closed="true" simplified="false" border="0 1 0.25098" fill="0 0 1" mode="-11"
 points="4.49947 2.09625,
	4.48845 2.08523,
	4.49947 2.07421,
	4.51049 2.08523,
	"/>
<Contour name="d01ax06ssvr" hidden="true" closed="true" simplified="false" border="0 1 0.25098" fill="0 0 1" mode="-11"
 points="4.50419 2.04902,
	4.49317 2.038,
	4.50419 2.02698,
	4.51521 2.038,
	"/>
<Contour name="d01ax06ssvr" hidden="true" closed="true" simplified="false" border="0 1 0.25098" fill="0 0 1" mode="-11"
 points="4.54827 2.05846,
	4.53725 2.04744,
	4.54827 2.03642,
	4.55929 2.04744,
	"/>
<Contour name="d01ax06ssvr" hidden="true" closed="true" simplified="false" border="0 1 0.25098" fill="0 0 1" mode="-11"
 points="4.55457 2.10569,
	4.54355 2.09467,
	4.55457 2.08365,
	4.56559 2.09467,
	"/>
<Contour name="d01ax06ssvr" hidden="true" closed="true" simplified="false" border="0 1 0.25098" fill="0 0 1" mode="-11"
 points="4.56244 2.13403,
	4.55142 2.12301,
	4.56244 2.11199,
	4.57346 2.12301,
	"/>
<Contour name="d01ax06ssvr" hidden="true" closed="true" simplified="false" border="0 1 0.25098" fill="0 0 1" mode="-11"
 points="4.56402 2.19071,
	4.553 2.17969,
	4.56402 2.16867,
	4.57504 2.17969,
	"/>
<Contour name="d01ax06ssvr" hidden="true" closed="true" simplified="false" border="0 1 0.25098" fill="0 0 1" mode="-11"
 points="4.62227 2.24581,
	4.61125 2.23479,
	4.62227 2.22377,
	4.63329 2.23479,
	"/>
<Contour name="d01ax06ssvr" hidden="true" closed="true" simplified="false" border="0 1 0.25098" fill="0 0 1" mode="-11"
 points="4.65533 2.18284,
	4.64431 2.17182,
	4.65533 2.1608,
	4.66635 2.17182,
	"/>
<Contour name="d01ax06ssvr" hidden="true" closed="true" simplified="false" border="0 1 0.25098" fill="0 0 1" mode="-11"
 points="4.67422 2.21275,
	4.6632 2.20173,
	4.67422 2.19071,
	4.68524 2.20173,
	"/>
<Contour name="d01ax06ssvr" hidden="true" closed="true" simplified="false" border="0 1 0.25098" fill="0 0 1" mode="-11"
 points="4.69626 2.17654,
	4.68524 2.16552,
	4.69626 2.1545,
	4.70728 2.16552,
	"/>
<Contour name="d01ax06ssvr" hidden="true" closed="true" simplified="false" border="0 1 0.25098" fill="0 0 1" mode="-11"
 points="4.65848 2.1419,
	4.64746 2.13088,
	4.65848 2.11986,
	4.6695 2.13088,
	"/>
<Contour name="d01ax06ssvr" hidden="true" closed="true" simplified="false" border="0 1 0.25098" fill="0 0 1" mode="-11"
 points="4.70728 2.10255,
	4.69626 2.09153,
	4.70728 2.08051,
	4.7183 2.09153,
	"/>
<Contour name="d01ax06ssvr" hidden="true" closed="true" simplified="false" border="0 1 0.25098" fill="0 0 1" mode="-11"
 points="4.73562 2.12616,
	4.7246 2.11514,
	4.73562 2.10412,
	4.74664 2.11514,
	"/>
<Contour name="d01ax06ssvr" hidden="true" closed="true" simplified="false" border="0 1 0.25098" fill="0 0 1" mode="-11"
 points="4.77341 2.02383,
	4.76239 2.01281,
	4.77341 2.00179,
	4.78443 2.01281,
	"/>
<Contour name="d01ax06ssvr" hidden="true" closed="true" simplified="false" border="0 1 0.25098" fill="0 0 1" mode="-11"
 points="4.80017 2.06634,
	4.78915 2.05532,
	4.80017 2.0443,
	4.81119 2.05532,
	"/>
<Contour name="d01ax06ssvr" hidden="true" closed="true" simplified="false" border="0 1 0.25098" fill="0 0 1" mode="-11"
 points="4.80489 2.10727,
	4.79387 2.09625,
	4.80489 2.08523,
	4.81591 2.09625,
	"/>
<Contour name="d01ax06ssvr" hidden="true" closed="true" simplified="false" border="0 1 0.25098" fill="0 0 1" mode="-11"
 points="4.78758 2.16867,
	4.77655 2.15765,
	4.78758 2.14663,
	4.7986 2.15765,
	"/>
<Contour name="d01ax06ssvr" hidden="true" closed="true" simplified="false" border="0 1 0.25098" fill="0 0 1" mode="-11"
 points="4.83795 2.2033,
	4.82693 2.19228,
	4.83795 2.18126,
	4.84897 2.19228,
	"/>
<Contour name="d01ax06ssvr" hidden="true" closed="true" simplified="false" border="0 1 0.25098" fill="0 0 1" mode="-11"
 points="4.84583 2.2647,
	4.83481 2.25368,
	4.84583 2.24266,
	4.85685 2.25368,
	"/>
<Contour name="d01ax06ssvr" hidden="true" closed="true" simplified="false" border="0 1 0.25098" fill="0 0 1" mode="-11"
 points="4.81119 2.28989,
	4.80017 2.27887,
	4.81119 2.26785,
	4.82221 2.27887,
	"/>
<Contour name="d01ax06ssvr" hidden="true" closed="true" simplified="false" border="0 1 0.25098" fill="0 0 1" mode="-11"
 points="4.76396 2.33712,
	4.75294 2.3261,
	4.76396 2.31508,
	4.77498 2.3261,
	"/>
</Transform>

<Transform dim="6"
 xcoef=" 0.0925077492284508 0.998543026644729 -0.0100712961618164 0 0 0"
 ycoef=" 0.224452645116536 -0.00237123459751437 0.975240597849761 0 0 0">
<Contour name="d13" hidden="true" closed="true" simplified="true" border="1 1 0" fill="1 1 0" mode="11"
 points="0.0449828 0.50445,
	0.0610481 0.488385,
	0.0674743 0.488385,
	0.0739004 0.481959,
	0.0996049 0.481959,
	0.125309 0.488385,
	0.138162 0.491598,
	0.151014 0.501237,
	0.19921 0.520516,
	0.205636 0.517303,
	0.228127 0.536581,
	0.260258 0.58799,
	0.266684 0.600842,
	0.263471 0.626547,
	0.247406 0.649038,
	0.19921 0.674743,
	0.173505 0.677956,
	0.147801 0.67153,
	0.122096 0.658677,
	0.0996049 0.636186,
	0.0674743 0.584777,
	0.051409 0.559072,
	0.0449828 0.54622,
	0.0449828 0.520516,
	0.0449828 0.507663,
	"/>
<Contour name="d13" hidden="true" closed="true" simplified="true" border="1 1 0" fill="1 1 0" mode="11"
 points="0.163866 0.0642612,
	0.176718 0.0385567,
	0.202423 0.0160653,
	0.253832 0,
	0.298815 -0.0385567,
	0.321306 -0.0610481,
	0.334158 -0.0674743,
	0.35665 -0.0899657,
	0.372715 -0.11567,
	0.382354 -0.167079,
	0.385567 -0.192784,
	0.382354 -0.218488,
	0.366289 -0.269897,
	0.363076 -0.295602,
	0.366289 -0.308454,
	0.375928 -0.318093,
	0.427337 -0.327732,
	0.440189 -0.330945,
	0.453041 -0.327732,
	0.501237 -0.282749,
	0.533368 -0.23134,
	0.559072 -0.212062,
	0.571925 -0.202423,
	0.581564 -0.176718,
	0.591203 -0.163866,
	0.610481 -0.112457,
	0.616908 -0.0996049,
	0.616908 -0.0867526,
	0.623334 -0.0739004,
	0.623334 -0.0610481,
	0.62976 -0.0481959,
	0.626547 -0.0224914,
	0.616908 0.00321306,
	0.565499 0.0385567,
	0.517303 0.0803265,
	0.491598 0.0996049,
	0.478746 0.102818,
	0.465894 0.112457,
	0.453041 0.11567,
	0.427337 0.131735,
	0.401632 0.141375,
	0.375928 0.144588,
	0.324519 0.134949,
	0.311667 0.128522,
	0.298815 0.128522,
	0.27311 0.118883,
	0.260258 0.109244,
	0.208849 0.106031,
	0.183144 0.102818,
	0.170292 0.0931787,
	0.163866 0.0803265,
	0.163866 0.0674743,
	"/>
</Transform>

<Transform dim="6"
 xcoef=" 0.0925077492284508 0.998543026644729 -0.0100712961618164 0 0 0"
 ycoef=" 0.224452645116536 -0.00237123459751437 0.975240597849761 0 0 0">
<Contour name="d13" hidden="true" closed="true" simplified="true" border="1 1 0" fill="1 1 0" mode="11"
 points="1.48765 0.925361,
	1.49729 0.899657,
	1.5005 0.886805,
	1.51335 0.873952,
	1.58725 0.774347,
	1.61296 0.751856,
	1.63866 0.735791,
	1.65151 0.726152,
	1.66115 0.700447,
	1.66115 0.687595,
	1.674 0.66189,
	1.674 0.655464,
	1.70935 0.604055,
	1.71577 0.591203,
	1.74148 0.568712,
	1.76718 0.559072,
	1.78004 0.559072,
	1.79289 0.552646,
	1.79931 0.54622,
	1.90213 0.51409,
	1.90856 0.51409,
	1.91498 0.507663,
	1.92141 0.507663,
	1.9182 0.501237,
	1.92462 0.498024,
	1.95033 0.517303,
	1.95354 0.530155,
	1.94711 0.555859,
	1.93748 0.568712,
	1.93426 0.620121,
	1.92462 0.645825,
	1.90856 0.668316,
	1.89571 0.677956,
	1.89249 0.684382,
	1.87964 0.687595,
	1.86357 0.713299,
	1.84751 0.761495,
	1.83466 0.774347,
	1.81859 0.825756,
	1.81538 0.851461,
	1.80574 0.877165,
	1.76397 0.922148,
	1.73184 0.967131,
	1.70613 0.983196,
	1.69971 0.983196,
	1.674 1.00569,
	1.60653 1.10529,
	1.59368 1.11814,
	1.58725 1.131,
	1.56155 1.15028,
	1.54869 1.1567,
	1.53584 1.15349,
	1.51978 1.131,
	1.51335 1.11814,
	1.51335 1.09244,
	1.53263 1.04103,
	1.52299 1.01533,
	1.51978 1.00247,
	1.49086 0.951066,
	1.48765 0.928574,
	"/>
<Contour name="d13" hidden="true" closed="true" simplified="true" border="1 1 0" fill="1 1 0" mode="11"
 points="0.870739 1.15028,
	0.893231 1.09887,
	0.906083 1.08923,
	0.931787 1.08601,
	0.957492 1.10529,
	0.983196 1.11172,
	1.03461 1.10851,
	1.06031 1.11172,
	1.07316 1.11493,
	1.07959 1.11493,
	1.09244 1.12457,
	1.12778 1.16955,
	1.13742 1.19526,
	1.14385 1.20168,
	1.14385 1.22739,
	1.14385 1.24024,
	1.131 1.26595,
	1.11172 1.29165,
	1.09887 1.30129,
	1.04746 1.31735,
	1.02175 1.32378,
	0.970344 1.32057,
	0.94464 1.31414,
	0.931787 1.31093,
	0.906083 1.28844,
	0.886805 1.26273,
	0.870739 1.21132,
	0.870739 1.15991,
	0.870739 1.15349,
	"/>
</Transform>

<Transform dim="6"
 xcoef=" 0.0925077492284508 0.998543026644729 -0.0100712961618164 0 0 0"
 ycoef=" 0.224452645116536 -0.00237123459751437 0.975240597849761 0 0 0">
<Contour name="d13brp03" hidden="true" closed="true" simplified="false" border="1 0 0.5" fill="1 0 0.5" mode="-9"
 points="1.22598 0.771422,
	1.273 0.771422,
	1.24949 0.814518,
	"/>
</Transform>

<Transform dim="6"
 xcoef=" 0.0925077492284508 0.998543026644729 -0.0100712961618164 0 0 0"
 ycoef=" 0.224452645116536 -0.00237123459751437 0.975240597849761 0 0 0">
<Contour name="d13brc01" hidden="true" closed="true" simplified="true" border="0 1 0" fill="0 1 0" mode="-9"
 points="0.279841 -0.0413189,
	0.285476 -0.0563439,
	0.309892 -0.0826377,
	0.32116 -0.0939065,
	0.336185 -0.107053,
	0.354967 -0.137104,
	0.360601 -0.152129,
	0.360601 -0.155885,
	0.366235 -0.161519,
	0.368114 -0.169032,
	0.368114 -0.172788,
	0.375626 -0.178422,
	0.383139 -0.180301,
	0.390651 -0.178422,
	0.400042 -0.165275,
	0.407554 -0.157763,
	0.407554 -0.142738,
	0.400042 -0.112688,
	0.400042 -0.108932,
	0.383139 -0.0788815,
	0.37187 -0.0638564,
	0.343698 -0.0413189,
	0.330551 -0.0319282,
	0.326795 -0.0319282,
	0.323038 -0.028172,
	0.319282 -0.028172,
	0.317404 -0.0244157,
	0.302379 -0.0206594,
	0.294866 -0.0187813,
	0.287354 -0.0206594,
	0.28172 -0.0262938,
	0.279841 -0.0394407,
	"/>
<Contour name="d13brcfa01" hidden="true" closed="false" simplified="false" border="0 1 1" fill="0 1 1" mode="-9"
 points="0.281168 -0.0233211,
	0.296193 -0.0345899,
	0.318731 -0.0533712,
	0.341268 -0.0740306,
	0.356293 -0.0890557,
	0.363806 -0.111593,
	0.375075 -0.139765,
	0.382587 -0.164181,
	0.386344 -0.179206,
	"/>
</Transform>

<Transform dim="6"
 xcoef=" 0.0925077492284508 0.998543026644729 -0.0100712961618164 0 0 0"
 ycoef=" 0.224452645116536 -0.00237123459751437 0.975240597849761 0 0 0">
<Contour name="d13SER" hidden="true" closed="true" simplified="true" border="0 1 0" fill="0 1 0" mode="-9"
 points="3.09391 1.07109,
	3.10019 1.06795,
	3.12218 1.08994,
	3.1316 1.11506,
	3.14103 1.12135,
	3.15359 1.12135,
	3.16616 1.13077,
	3.17872 1.1559,
	3.18186 1.18103,
	3.18814 1.19359,
	3.18814 1.21872,
	3.185 1.23128,
	3.17244 1.24071,
	3.15987 1.24071,
	3.14731 1.23442,
	3.14103 1.23128,
	3.13789 1.21872,
	3.12218 1.19359,
	3.11276 1.18103,
	3.10962 1.1559,
	3.1159 1.14333,
	3.1159 1.11821,
	3.11276 1.10564,
	3.09705 1.08051,
	3.09391 1.07423,
	"/>
<Contour name="d13SER" hidden="true" closed="true" simplified="true" border="0 1 0" fill="0 1 0" mode="-9"
 points="3.31064 1.13705,
	3.31692 1.13077,
	3.34205 1.13077,
	3.39231 1.14333,
	3.4143 1.16532,
	3.41116 1.17789,
	3.38603 1.18417,
	3.3609 1.18417,
	3.33577 1.17789,
	3.32321 1.1716,
	3.31378 1.15904,
	3.31064 1.14647,
	3.31064 1.14019,
	"/>
</Transform>

<Transform dim="6"
 xcoef=" 0.0925077492284508 0.998543026644729 -0.0100712961618164 0 0 0"
 ycoef=" 0.224452645116536 -0.00237123459751437 0.975240597849761 0 0 0">
<Contour name="d13SER" hidden="true" closed="true" simplified="true" border="0 1 0" fill="0 1 0" mode="-9"
 points="3.61218 1.31295,
	3.62475 1.30039,
	3.63731 1.30039,
	3.66244 1.30981,
	3.675 1.31923,
	3.67814 1.32551,
	3.66558 1.33808,
	3.6593 1.34436,
	3.63417 1.34436,
	3.6216 1.34122,
	3.61218 1.32865,
	3.61218 1.31609,
	"/>
</Transform>

<Transform dim="6"
 xcoef=" 0.0925077492284508 0.998543026644729 -0.0100712961618164 0 0 0"
 ycoef=" 0.224452645116536 -0.00237123459751437 0.975240597849761 0 0 0">
<Contour name="d13SER" hidden="true" closed="true" simplified="true" border="0 1 0" fill="0 1 0" mode="-9"
 points="3.79122 1.57365,
	3.80692 1.54853,
	3.81949 1.54224,
	3.83205 1.54224,
	3.84148 1.55167,
	3.83834 1.5768,
	3.82891 1.58936,
	3.81635 1.59564,
	3.80378 1.59564,
	3.79122 1.58936,
	3.79122 1.5768,
	"/>
<Contour name="d13SER" hidden="true" closed="true" simplified="true" border="0 1 0" fill="0 1 0" mode="-9"
 points="3.50539 1.85635,
	3.51167 1.85006,
	3.5368 1.84692,
	3.54936 1.84378,
	3.55564 1.84378,
	3.57763 1.86263,
	3.58077 1.88776,
	3.57449 1.90032,
	3.56821 1.90346,
	3.54308 1.89404,
	3.51795 1.87833,
	3.50853 1.86577,
	3.50539 1.85949,
	"/>
<Contour name="d13SER" hidden="true" closed="true" simplified="true" border="0 1 0" fill="0 1 0" mode="-9"
 points="3.66558 1.92859,
	3.675 1.91917,
	3.68757 1.91917,
	3.70955 1.93487,
	3.71269 1.96,
	3.70955 1.98513,
	3.70641 1.99769,
	3.69385 2.00712,
	3.68757 2.00712,
	3.67814 1.99455,
	3.67186 1.96942,
	3.66558 1.95686,
	3.66558 1.93173,
	"/>
<Contour name="d13SER" hidden="true" closed="true" simplified="true" border="0 1 0" fill="0 1 0" mode="-9"
 points="3.77237 2.23955,
	3.77551 2.22699,
	3.77551 2.22071,
	3.78808 2.21128,
	3.80064 2.20814,
	3.82577 2.22385,
	3.83205 2.23641,
	3.83519 2.24269,
	3.81007 2.25212,
	3.78494 2.25212,
	3.77866 2.25212,
	3.77237 2.24583,
	3.77237 2.24269,
	"/>
<Contour name="d13SER" hidden="true" closed="true" simplified="true" border="0 1 0" fill="0 1 0" mode="-9"
 points="3.59334 2.51282,
	3.59648 2.48769,
	3.59648 2.47513,
	3.60904 2.46257,
	3.63417 2.46571,
	3.64359 2.47827,
	3.64987 2.48141,
	3.63417 2.53167,
	3.6216 2.54109,
	3.60904 2.54423,
	3.59648 2.53795,
	3.59334 2.51596,
	"/>
<Contour name="d13SER" hidden="true" closed="true" simplified="true" border="0 1 0" fill="0 1 0" mode="-9"
 points="2.94314 2.72955,
	2.95571 2.72013,
	2.96827 2.71699,
	3.01853 2.72641,
	3.03109 2.73269,
	3.02795 2.74526,
	3.01539 2.75468,
	2.99026 2.76096,
	2.96513 2.76096,
	2.95257 2.75154,
	2.94628 2.73898,
	2.94314 2.73269,
	"/>
<Contour name="d13SER" hidden="true" closed="true" simplified="true" border="0 1 0" fill="0 1 0" mode="-9"
 points="2.61962 2.6259,
	2.6259 2.61962,
	2.65103 2.61962,
	2.66359 2.62276,
	2.68558 2.6416,
	2.68244 2.65417,
	2.67616 2.66045,
	2.65103 2.65103,
	2.63846 2.64474,
	2.63218 2.64474,
	2.61962 2.63218,
	2.61962 2.62904,
	"/>
<Contour name="d13SER" hidden="true" closed="true" simplified="true" border="0 1 0" fill="0 1 0" mode="-9"
 points="2.75154 2.35891,
	2.75782 2.35577,
	2.78295 2.36833,
	2.78923 2.37148,
	2.79866 2.3966,
	2.79866 2.40917,
	2.79866 2.41545,
	2.78609 2.42801,
	2.77353 2.42801,
	2.76096 2.41859,
	2.75468 2.40603,
	2.75154 2.3809,
	2.75154 2.36833,
	2.75154 2.36205,
	"/>
<Contour name="d13SER" hidden="true" closed="true" simplified="true" border="0 1 0" fill="0 1 0" mode="-9"
 points="3.16616 2.21128,
	3.18814 2.1893,
	3.21327 2.17987,
	3.21955 2.17987,
	3.22269 2.19244,
	3.20699 2.21757,
	3.20699 2.22385,
	3.19442 2.23327,
	3.1693 2.23641,
	3.16616 2.21442,
	"/>
<Contour name="d13SER" hidden="true" closed="true" simplified="true" border="0 1 0" fill="0 1 0" mode="-9"
 points="2.45942 1.36949,
	2.47199 1.35692,
	2.49712 1.35378,
	2.5191 1.36321,
	2.50026 1.38833,
	2.48769 1.39776,
	2.47513 1.39776,
	2.46885 1.39776,
	2.45942 1.38519,
	2.45942 1.37263,
	"/>
<Contour name="d13SER" hidden="true" closed="true" simplified="true" border="0 1 0" fill="0 1 0" mode="-9"
 points="2.82378 1.04282,
	2.84891 1.02712,
	2.86462 1.0491,
	2.86148 1.06167,
	2.84891 1.07109,
	2.83635 1.06795,
	2.82692 1.05853,
	2.82378 1.04596,
	"/>
<Contour name="d13SER" hidden="true" closed="true" simplified="true" border="0 1 0" fill="0 1 0" mode="-9"
 points="2.68558 1.07423,
	2.70757 1.05539,
	2.73269 1.06481,
	2.74526 1.0868,
	2.73269 1.09936,
	2.72641 1.10564,
	2.70128 1.1025,
	2.68872 1.09308,
	2.68558 1.08051,
	2.68558 1.07737,
	"/>
<Contour name="d13SER" hidden="true" closed="true" simplified="true" border="0 1 0" fill="0 1 0" mode="-9"
 points="2.89917 2.09821,
	2.90859 2.08878,
	2.92116 2.09192,
	2.92744 2.09192,
	2.94 2.10449,
	2.94 2.11077,
	2.93372 2.11705,
	2.90859 2.11391,
	2.89917 2.10449,
	2.89917 2.10135,
	"/>
</Transform>

<Transform dim="6"
 xcoef=" 0.0925077492284508 0.998543026644729 -0.0100712961618164 0 0 0"
 ycoef=" 0.224452645116536 -0.00237123459751437 0.975240597849761 0 0 0">
<Contour name="d13SER" hidden="true" closed="true" simplified="true" border="0 1 0" fill="0 1 0" mode="-9"
 points="2.6793 2.18615,
	2.68872 2.17673,
	2.70128 2.17359,
	2.71385 2.18615,
	2.71699 2.19872,
	2.71699 2.205,
	2.71071 2.21128,
	2.68558 2.21128,
	2.6793 2.205,
	2.6793 2.19244,
	2.6793 2.1893,
	"/>
</Transform>

<Transform dim="6"
 xcoef=" 0.0925077492284508 0.998543026644729 -0.0100712961618164 0 0 0"
 ycoef=" 0.224452645116536 -0.00237123459751437 0.975240597849761 0 0 0">
<Contour name="d13SER" hidden="true" closed="true" simplified="true" border="0 1 0" fill="0 1 0" mode="-9"
 points="3.01853 1.58622,
	3.03109 1.5768,
	3.08135 1.57994,
	3.09391 1.58622,
	3.09705 1.59878,
	3.08449 1.60821,
	3.03423 1.60506,
	3.02167 1.60192,
	3.01853 1.58936,
	"/>
</Transform>

<Transform dim="6"
 xcoef=" 0.0925077492284508 0.998543026644729 -0.0100712961618164 0 0 0"
 ycoef=" 0.224452645116536 -0.00237123459751437 0.975240597849761 0 0 0">
<Contour name="d13SER" hidden="true" closed="true" simplified="true" border="0 1 0" fill="0 1 0" mode="-9"
 points="0.533975 0.694167,
	0.546539 0.669039,
	0.559103 0.659616,
	0.584231 0.669039,
	0.596795 0.678462,
	0.593654 0.70359,
	0.593654 0.716154,
	0.58109 0.725577,
	0.555962 0.722436,
	0.543398 0.716154,
	0.533975 0.70359,
	0.533975 0.697308,
	"/>
<Contour name="d13SER" hidden="true" closed="true" simplified="true" border="0 1 0" fill="0 1 0" mode="-9"
 points="0.599936 0.424039,
	0.609359 0.411475,
	0.621923 0.405193,
	0.647052 0.408334,
	0.67218 0.424039,
	0.684744 0.436603,
	0.684744 0.449167,
	0.675321 0.45859,
	0.650193 0.461731,
	0.625064 0.45859,
	0.6125 0.452308,
	0.603077 0.439744,
	0.599936 0.42718,
	"/>
<Contour name="d13SER" hidden="true" closed="true" simplified="true" border="0 1 0" fill="0 1 0" mode="-9"
 points="1.14019 0.603077,
	1.14962 0.593654,
	1.1716 0.609359,
	1.18103 0.621923,
	1.18417 0.634487,
	1.19045 0.64077,
	1.18731 0.665898,
	1.18417 0.678462,
	1.17789 0.684744,
	1.16532 0.684744,
	1.14962 0.659616,
	1.14019 0.609359,
	1.14019 0.606218,
	"/>
<Contour name="d13SER" hidden="true" closed="true" simplified="true" border="0 1 0" fill="0 1 0" mode="-9"
 points="0.603077 0.882629,
	0.615641 0.873206,
	0.665898 0.863782,
	0.691026 0.863782,
	0.697308 0.870065,
	0.709872 0.873206,
	0.731859 0.895193,
	0.735 0.907757,
	0.728718 0.920321,
	0.716154 0.929744,
	0.691026 0.932885,
	0.64077 0.920321,
	0.615641 0.910898,
	0.603077 0.898334,
	0.603077 0.88577,
	"/>
<Contour name="d13SER" hidden="true" closed="true" simplified="true" border="0 1 0" fill="0 1 0" mode="-9"
 points="1.15276 0.854359,
	1.16532 0.844936,
	1.1716 0.838654,
	1.19673 0.835513,
	1.22186 0.82609,
	1.22814 0.829231,
	1.19359 0.876347,
	1.18103 0.882629,
	1.1559 0.882629,
	1.15276 0.8575,
	"/>
</Transform>

<Transform dim="6"
 xcoef=" 0.0925077492284508 0.998543026644729 -0.0100712961618164 0 0 0"
 ycoef=" 0.224452645116536 -0.00237123459751437 0.975240597849761 0 0 0">
<Contour name="d01SER" hidden="false" closed="true" simplified="true" border="0 1 0" fill="0 1 0" mode="-9"
 points="4.38616 3.72896,
	4.39485 3.71738,
	4.41801 3.72028,
	4.43827 3.73765,
	4.42959 3.74923,
	4.40643 3.75212,
	4.39485 3.74633,
	4.38616 3.73475,
	4.38616 3.73186,
	"/>
<Contour name="d01SER" hidden="false" closed="true" simplified="true" border="0 1 0" fill="0 1 0" mode="-9"
 points="4.65252 4.04164,
	4.6641 4.03295,
	4.66989 4.03006,
	4.67857 4.03874,
	4.68147 4.04453,
	4.67278 4.05611,
	4.6612 4.05901,
	4.65252 4.04743,
	4.65252 4.04453,
	"/>
<Contour name="d01SER" hidden="false" closed="true" simplified="true" border="0 1 0" fill="0 1 0" mode="-9"
 points="4.37169 4.19798,
	4.39195 4.17771,
	4.40353 4.16902,
	4.40932 4.16323,
	4.41511 4.16323,
	4.42669 4.15455,
	4.47302 4.14586,
	4.47881 4.14297,
	4.4817 4.14586,
	4.46723 4.16902,
	4.44696 4.19219,
	4.4238 4.20377,
	4.37748 4.20666,
	4.37169 4.20087,
	"/>
</Transform>

<Transform dim="6"
 xcoef=" 0.0925077492284508 0.998543026644729 -0.0100712961618164 0 0 0"
 ycoef=" 0.224452645116536 -0.00237123459751437 0.975240597849761 0 0 0">
<Contour name="d01SER" hidden="false" closed="true" simplified="true" border="0 1 0" fill="0 1 0" mode="-9"
 points="4.14007 3.97794,
	4.15165 3.96926,
	4.17482 3.97505,
	4.1835 3.97794,
	4.16034 3.99821,
	4.14876 3.99821,
	4.14007 3.98663,
	4.14007 3.98084,
	"/>
</Transform>

<Transform dim="0"
 xcoef=" 0 1 0 0 0 0"
 ycoef=" 0 0 1 0 0 0">
<Contour name="d01ax06" comment="LK bouton trace named after cfa" hidden="true" closed="true" simplified="true" border="0 1 1" fill="0.502 1 1" mode="-9"
 points="4.20362 2.11281,
	4.20571 2.10443,
	4.20571 2.09604,
	4.212 2.07928,
	4.22772 2.06251,
	4.24344 2.04888,
	4.24763 2.04783,
	4.2644 2.03316,
	4.27174 2.02583,
	4.30213 1.95875,
	4.3168 1.92522,
	4.32414 1.90845,
	4.32623 1.90006,
	4.33043 1.89168,
	4.34091 1.85814,
	4.34615 1.84137,
	4.34929 1.82461,
	4.35034 1.80784,
	4.34929 1.79107,
	4.34929 1.78688,
	4.34405 1.77011,
	4.33671 1.75334,
	4.33252 1.74496,
	4.33147 1.71142,
	4.33252 1.69465,
	4.33776 1.67788,
	4.34615 1.67055,
	4.34824 1.66845,
	4.35243 1.6674,
	4.35663 1.66426,
	4.35872 1.66426,
	4.36082 1.66216,
	4.3692 1.66007,
	4.37759 1.66111,
	4.37968 1.66111,
	4.38388 1.66426,
	4.38597 1.66426,
	4.38807 1.66635,
	4.39226 1.6674,
	4.40064 1.67264,
	4.41741 1.67369,
	4.45095 1.66845,
	4.46772 1.66845,
	4.48449 1.67159,
	4.50125 1.67683,
	4.51802 1.68417,
	4.55156 1.70828,
	4.56833 1.72085,
	4.57671 1.72504,
	4.5851 1.73133,
	4.58929 1.73448,
	4.59348 1.73552,
	4.61025 1.75124,
	4.61863 1.75753,
	4.62702 1.76172,
	4.6354 1.76382,
	4.64378 1.76906,
	4.65007 1.77745,
	4.66684 1.78793,
	4.68361 1.79421,
	4.70038 1.79421,
	4.70876 1.79526,
	4.71295 1.79631,
	4.72134 1.79107,
	4.73811 1.78583,
	4.75488 1.78688,
	4.77164 1.79212,
	4.78003 1.79526,
	4.7968 1.80679,
	4.80518 1.81413,
	4.81356 1.81622,
	4.8471 1.81937,
	4.88064 1.82775,
	4.91417 1.82775,
	4.93094 1.82775,
	4.96448 1.83718,
	4.97286 1.84242,
	4.98125 1.84452,
	4.99802 1.85605,
	5.0064 1.85919,
	5.03994 1.86129,
	5.10701 1.85919,
	5.14055 1.8529,
	5.15732 1.85081,
	5.19085 1.85081,
	5.22439 1.84661,
	5.25793 1.84661,
	5.27469 1.84766,
	5.29146 1.85081,
	5.325 1.86233,
	5.33338 1.86548,
	5.35015 1.86443,
	5.36692 1.86548,
	5.37111 1.86548,
	5.37321 1.86548,
	5.3774 1.86862,
	5.38159 1.88539,
	5.38474 1.91893,
	5.38683 1.92731,
	5.38788 1.9315,
	5.39417 1.93989,
	5.41094 1.95142,
	5.41513 1.95351,
	5.42142 1.9619,
	5.4298 1.96923,
	5.43295 1.97762,
	5.43399 1.98181,
	5.4319 1.99019,
	5.41513 2.00591,
	5.40674 2.01115,
	5.38998 2.01639,
	5.35644 2.03316,
	5.33967 2.0405,
	5.33129 2.04155,
	5.3271 2.04469,
	5.31033 2.04993,
	5.30194 2.05517,
	5.26841 2.06356,
	5.26002 2.0667,
	5.24325 2.07613,
	5.23487 2.08032,
	5.23277 2.08032,
	5.23068 2.08242,
	5.19714 2.08766,
	5.1636 2.095,
	5.14684 2.095,
	5.13007 2.0929,
	5.12168 2.09395,
	5.10491 2.09919,
	5.09653 2.10128,
	5.09234 2.10128,
	5.08815 2.10338,
	5.07138 2.10338,
	5.06299 2.10443,
	5.05461 2.10757,
	5.03784 2.10967,
	5.02107 2.10862,
	5.0043 2.10338,
	4.99592 2.09919,
	4.99173 2.09814,
	4.97496 2.10128,
	4.96658 2.10338,
	4.94981 2.11176,
	4.94142 2.11596,
	4.92465 2.1191,
	4.90789 2.11805,
	4.8995 2.11491,
	4.89531 2.11176,
	4.87854 2.10862,
	4.87016 2.10967,
	4.86177 2.11281,
	4.85339 2.11805,
	4.84501 2.12539,
	4.81147 2.14425,
	4.80728 2.1474,
	4.80308 2.14844,
	4.79889 2.15159,
	4.7947 2.15264,
	4.77793 2.16521,
	4.77164 2.1736,
	4.76745 2.17779,
	4.75802 2.19456,
	4.75383 2.20294,
	4.72763 2.23648,
	4.69619 2.27002,
	4.69095 2.2784,
	4.6878 2.28678,
	4.69095 2.29517,
	4.70247 2.31194,
	4.70667 2.32032,
	4.70876 2.32451,
	4.70876 2.3329,
	4.70771 2.33709,
	4.70457 2.34023,
	4.67103 2.33814,
	4.65427 2.33918,
	4.6375 2.34547,
	4.62073 2.35386,
	4.55366 2.38111,
	4.52012 2.39683,
	4.48658 2.41464,
	4.46981 2.42303,
	4.45304 2.42827,
	4.43628 2.43141,
	4.41951 2.43246,
	4.38597 2.43036,
	4.35243 2.42512,
	4.3189 2.41569,
	4.31051 2.4115,
	4.29375 2.39578,
	4.27698 2.3832,
	4.26335 2.36748,
	4.25706 2.3591,
	4.24763 2.34233,
	4.24239 2.33394,
	4.22877 2.30041,
	4.21934 2.26687,
	4.21619 2.2501,
	4.21619 2.21657,
	4.21305 2.18303,
	4.2099 2.16626,
	4.20886 2.14949,
	4.20571 2.13272,
	4.20362 2.12434,
	4.20362 2.11596,
	4.20362 2.11386,
	"/>
</Transform>

<Transform dim="6"
 xcoef=" 0.421574058065001 0.902029326899451 0.0760117680853488 0 0 0"
 ycoef=" 1.14537849210336 -0.0777166051313816 0.987175434404002 0 0 0">
<Image mag="0.00220626" contrast="1" brightness="0" red="true" green="true" blue="true"
 src="FPNCT.30.jpg" />
<Contour name="domain1" hidden="false" closed="true" simplified="false" border="1 0 1" fill="1 0 1" mode="11"
 points="0 0,
	4096 0,
	4096 4096,
	0 4096,
	"/>
</Transform>

<Transform dim="0"
 xcoef=" 0 1 0 0 0 0"
 ycoef=" 0 0 1 0 0 0">
<Contour name="d01ax06" comment="LK bouton trace named after cfa" hidden="true" closed="true" simplified="true" border="0 1 1" fill="0.502 1 1" mode="-9"
 points="3.06817 0.691201,
	3.07174 0.681683,
	3.07293 0.676925,
	3.08839 0.65908,
	3.09196 0.654321,
	3.09553 0.651942,
	3.10386 0.643614,
	3.1229 0.643614,
	3.14193 0.645993,
	3.15145 0.648373,
	3.16929 0.65908,
	3.18833 0.674545,
	3.20736 0.682873,
	3.22521 0.698339,
	3.24305 0.711425,
	3.25138 0.718563,
	3.25733 0.728081,
	3.2609 0.732839,
	3.26209 0.737598,
	3.26923 0.744736,
	3.27874 0.753064,
	3.29778 0.761392,
	3.30016 0.761392,
	3.30492 0.764961,
	3.32395 0.773288,
	3.33347 0.779237,
	3.34299 0.787565,
	3.34893 0.795892,
	3.3525 0.800651,
	3.35369 0.80541,
	3.35726 0.810168,
	3.35726 0.812548,
	3.36321 0.822065,
	3.38105 0.833962,
	3.40009 0.83991,
	3.40961 0.844669,
	3.41199 0.844669,
	3.41437 0.847048,
	3.41675 0.847048,
	3.41912 0.849428,
	3.4215 0.849428,
	3.43578 0.864893,
	3.45244 0.883928,
	3.4798 0.920808,
	3.49288 0.937463,
	3.50597 0.956498,
	3.51668 0.974343,
	3.52382 0.983861,
	3.5262 0.988619,
	3.5262 0.998137,
	3.5262 1.0029,
	3.52263 1.00765,
	3.50359 1.00646,
	3.46552 0.995758,
	3.44649 0.98743,
	3.43935 0.980292,
	3.43935 0.977912,
	3.43102 0.970774,
	3.41793 0.95174,
	3.40842 0.943412,
	3.38938 0.939843,
	3.37035 0.939843,
	3.35131 0.937463,
	3.33228 0.931515,
	3.32276 0.927946,
	3.31324 0.921998,
	3.29778 0.905342,
	3.28945 0.898204,
	3.28231 0.888687,
	3.27755 0.879169,
	3.27636 0.874411,
	3.27279 0.869652,
	3.26447 0.850617,
	3.2609 0.8411,
	3.24662 0.823255,
	3.2371 0.816117,
	3.22759 0.811358,
	3.20855 0.80541,
	3.18952 0.801841,
	3.18 0.799461,
	3.17524 0.797082,
	3.15621 0.793513,
	3.13717 0.787565,
	3.11814 0.779237,
	3.10862 0.775668,
	3.0991 0.775668,
	3.09434 0.774478,
	3.08483 0.76853,
	3.08126 0.763771,
	3.07412 0.744736,
	3.07055 0.706667,
	3.06817 0.697149,
	3.06817 0.692391,
	"/>
</Transform>

</Section>