<?xml version="1.0"?>
<!DOCTYPE Section SYSTEM "section.dtd">

<Section index="13" thickness="0.048" alignLocked="true">
<Transform dim="6"
 xcoef=" 0.0287651401001138 0.953932351998159 0.0345527691864866 0 0 0"
 ycoef=" 0.0877314971474405 -0.0753214542061133 1.09533792960883 0 0 0">
<Image mag="0.00220626" contrast="1" brightness="0" red="true" green="true" blue="true"
 src="FPNCT.13.jpg" />
<Contour name="domain1" hidden="false" closed="true" simplified="false" border="1 0 1" fill="1 0 1" mode="11"
 points="0 0,
	4096 0,
	4096 4096,
	0 4096,
	"/>
</Transform>

<Transform dim="0"
 xcoef=" 0 1 0 0 0 0"
 ycoef=" 0 0 1 0 0 0">
<Contour name="D04" hidden="true" closed="true" simplified="true" border="1 0 0" fill="1 0 0" mode="13"
 points="1.70683 4.14619,
	1.71403 4.09267,
	1.73639 4.0417,
	1.77285 3.99565,
	1.82172 3.95668,
	1.8807 3.92661,
	1.94705 3.90684,
	2.01764 3.8983,
	2.0892 3.90139,
	2.15837 3.91596,
	2.2219 3.94134,
	2.27685 3.97633,
	2.32063 4.01931,
	2.3512 4.06824,
	2.36713 4.12087,
	2.36768 4.17472,
	2.3528 4.22727,
	2.32322 4.27606,
	2.2803 4.31883,
	2.22606 4.35355,
	2.16303 4.37862,
	2.09416 4.39286,
	2.02266 4.3956,
	1.95189 4.38672,
	1.88514 4.36662,
	1.82554 4.33626,
	1.77589 4.29705,
	1.7385 4.25082,
	"/>
<Contour name="D06" hidden="true" closed="true" simplified="true" border="0 0 1" fill="0 0 1" mode="9"
 points="6.73501 7.78482,
	6.73931 7.73667,
	6.75294 7.69136,
	6.7751 7.6515,
	6.80452 7.61941,
	6.83947 7.59696,
	6.87793 7.58545,
	6.91766 7.58554,
	6.95635 7.59725,
	6.99175 7.61987,
	7.02182 7.6521,
	7.04479 7.69207,
	7.05933 7.73745,
	7.06461 7.78562,
	7.0603 7.83375,
	7.04667 7.87907,
	7.02451 7.91892,
	6.99509 7.95102,
	6.96015 7.97347,
	6.92169 7.98498,
	6.88196 7.98489,
	6.84326 7.97319,
	6.80786 7.95056,
	6.7778 7.91832,
	6.75483 7.87836,
	6.74028 7.83297,
	"/>
<Contour name="D07" hidden="true" closed="true" simplified="true" border="1 0 1" fill="1 0 1" mode="9"
 points="5.30162 7.06421,
	5.30647 7.0205,
	5.32156 6.97992,
	5.34583 6.94536,
	5.37752 6.91927,
	5.41442 6.9035,
	5.45388 6.89918,
	5.49311 6.90662,
	5.52931 6.92527,
	5.55993 6.95383,
	5.58277 6.99026,
	5.59622 7.03196,
	5.5993 7.07599,
	5.59184 7.1192,
	5.57432 7.15853,
	5.54802 7.19118,
	5.51479 7.21484,
	5.477 7.22782,
	5.43733 7.2292,
	5.3986 7.21887,
	5.36357 7.19759,
	5.33471 7.16685,
	5.31409 7.12884,
	"/>
<Contour name="D08" hidden="true" closed="true" simplified="true" border="1 0 0" fill="1 0 0" mode="9"
 points="7.17395 4.12575,
	7.18026 4.07061,
	7.19971 4.02089,
	7.23038 3.98148,
	7.26927 3.95623,
	7.31257 3.9476,
	7.35607 3.95644,
	7.39547 3.98188,
	7.42693 4.02145,
	7.44739 4.07126,
	7.45481 4.12643,
	7.4485 4.18157,
	7.42905 4.23129,
	7.39838 4.2707,
	7.35949 4.29595,
	7.31617 4.30458,
	7.27269 4.29574,
	7.23329 4.2703,
	7.20182 4.23074,
	"/>
<Contour name="mito JB12" hidden="true" closed="false" simplified="true" border="1 0.5 0" fill="1 0.5 0" mode="9"
 points="8.38114 7.18606,
	8.30471 6.98622,
	"/>
<Contour name="D13" hidden="true" closed="true" simplified="true" border="0.5 0 1" fill="0.5 0 1" mode="9"
 points="2.73419 1.82055,
	2.74149 1.74031,
	2.76464 1.66414,
	2.80248 1.59584,
	2.85311 1.53886,
	2.91398 1.49604,
	2.98207 1.46953,
	3.05393 1.46066,
	3.12598 1.46988,
	3.19459 1.49672,
	3.25634 1.53984,
	3.30812 1.59707,
	3.34733 1.66555,
	3.37202 1.74184,
	3.38094 1.82212,
	3.37364 1.90235,
	3.35049 1.97852,
	3.31265 2.04681,
	3.26203 2.10379,
	3.20115 2.14662,
	3.13307 2.17312,
	3.06121 2.18199,
	2.98916 2.17277,
	2.92054 2.14593,
	2.8588 2.10281,
	2.80701 2.04558,
	2.7678 1.9771,
	"/>
<Contour name="D12" hidden="true" closed="true" simplified="true" border="1 0.5 0" fill="1 0.5 0" mode="9"
 points="5.07932 6.03741,
	5.08873 5.95082,
	5.11797 5.87129,
	5.16466 5.80528,
	5.22503 5.75811,
	5.29416 5.73363,
	5.36648 5.73381,
	5.43612 5.75863,
	5.49744 5.80609,
	5.54545 5.87233,
	5.5763 5.95201,
	5.58747 6.03865,
	5.57805 6.12525,
	5.54881 6.20477,
	5.50212 6.2708,
	5.44176 6.31796,
	5.37262 6.34244,
	5.3003 6.34227,
	5.23067 6.31745,
	5.16935 6.26999,
	5.12132 6.20373,
	5.09048 6.12407,
	"/>
<Contour name="d13" hidden="true" closed="true" simplified="true" border="1 1 0.501961" fill="0.5 0 1" mode="11"
 points="2.24224 1.33935,
	2.29839 1.29784,
	2.32464 1.27075,
	2.32814 1.26714,
	2.32962 1.23818,
	2.32954 1.23094,
	2.32951 1.22732,
	2.34357 1.22011,
	2.34885 1.21651,
	2.37732 1.23467,
	2.39152 1.24014,
	2.40568 1.24199,
	2.46222 1.2385,
	2.47635 1.23673,
	2.48342 1.23675,
	2.53973 1.21154,
	2.65245 1.16836,
	2.68064 1.15757,
	2.73694 1.13056,
	2.76512 1.11977,
	2.79333 1.1126,
	2.80038 1.1108,
	2.82845 1.08914,
	2.84248 1.07832,
	2.84951 1.07291,
	2.85629 1.04396,
	2.87367 1.01503,
	2.88413 1.00058,
	2.89826 0.998799,
	2.9018 0.998808,
	2.9242 0.940938,
	2.93291 0.928286,
	2.96125 0.933789,
	2.96834 0.935611,
	3.02472 0.915845,
	3.03176 0.912233,
	3.03522 0.905002,
	3.03872 0.901391,
	3.06701 0.90146,
	3.08117 0.903309,
	3.08822 0.901511,
	3.09355 0.903339,
	3.08829 0.908751,
	3.11671 0.921493,
	3.13091 0.926963,
	3.24482 1.00146,
	3.2734 1.03049,
	3.28591 1.045,
	3.29306 1.05226,
	3.29664 1.05589,
	3.32498 1.06139,
	3.33916 1.06505,
	3.36768 1.08865,
	3.37481 1.0941,
	3.39279 1.1231,
	3.44778 1.14134,
	3.46575 1.17034,
	3.47474 1.18485,
	3.48726 1.19936,
	3.49263 1.20661,
	3.4962 1.21024,
	3.52455 1.21575,
	3.53164 1.21757,
	3.56019 1.24298,
	3.57446 1.25569,
	3.63136 1.28842,
	3.65974 1.29753,
	3.68809 1.30304,
	3.71655 1.3212,
	3.72904 1.3321,
	3.72933 1.36106,
	3.72941 1.3683,
	3.72944 1.37192,
	3.75449 1.40095,
	3.75986 1.4082,
	3.77283 1.46616,
	3.78019 1.49514,
	3.79551 1.61104,
	3.79933 1.64001,
	3.82467 1.698,
	3.83557 1.72699,
	3.84279 1.74149,
	3.85015 1.77047,
	3.85383 1.78496,
	3.85567 1.7922,
	3.86103 1.79765,
	3.88943 1.80858,
	3.89134 1.82306,
	3.88839 1.88099,
	3.87985 1.90993,
	3.87815 1.91716,
	3.88183 1.93166,
	3.88187 1.93528,
	3.91016 1.93535,
	3.92267 1.94805,
	3.92804 1.9553,
	3.93569 2.01325,
	3.93754 2.02049,
	3.93238 2.03497,
	3.90426 2.05118,
	3.8902 2.0602,
	3.86574 2.08911,
	3.86426 2.11806,
	3.83538 2.23385,
	3.82329 2.26279,
	3.81637 2.27725,
	3.79544 2.30617,
	3.78498 2.32062,
	3.77289 2.34956,
	3.76435 2.37849,
	3.76096 2.39297,
	3.7471 2.4219,
	3.74364 2.42914,
	3.72954 2.43272,
	3.67293 2.42897,
	3.65879 2.43074,
	3.6306 2.43972,
	3.57437 2.47398,
	3.54625 2.4902,
	3.48985 2.50816,
	3.47574 2.51175,
	3.4476 2.52617,
	3.44056 2.52977,
	3.41253 2.55504,
	3.38434 2.56403,
	3.37022 2.56761,
	3.3141 2.61274,
	3.30887 2.61996,
	3.29856 2.6489,
	3.29687 2.65614,
	3.26881 2.6796,
	3.24059 2.68677,
	3.21233 2.68852,
	3.19816 2.68667,
	3.19109 2.68665,
	3.13479 2.71367,
	3.10664 2.72808,
	3.09261 2.73891,
	3.08562 2.74614,
	3.05747 2.76055,
	3.04518 2.76957,
	3.04168 2.77318,
	3.01342 2.77493,
	2.98511 2.77304,
	2.97804 2.77303,
	2.9745 2.77302,
	2.9527 2.71504,
	2.93119 2.68602,
	2.87756 2.62797,
	2.86505 2.61345,
	2.80815 2.58254,
	2.78313 2.55533,
	2.7262 2.5208,
	2.66935 2.4935,
	2.65514 2.48622,
	2.64263 2.47353,
	2.63364 2.45902,
	2.61361 2.40104,
	2.59004 2.34306,
	2.58645 2.33762,
	2.558 2.32126,
	2.54378 2.31398,
	2.51697 2.28495,
	2.50985 2.27951,
	2.4815 2.274,
	2.46734 2.27217,
	2.4367 2.21416,
	2.4205 2.18516,
	2.41328 2.17065,
	2.40967 2.16341,
	2.40761 2.13443,
	2.40746 2.11995,
	2.40739 2.11272,
	2.40017 2.09822,
	2.38043 2.0692,
	2.37144 2.0547,
	2.34965 1.99672,
	2.34604 1.98947,
	2.32718 1.87356,
	2.3235 1.85908,
	2.32167 1.85183,
	2.35055 1.73604,
	2.36264 1.70712,
	2.37132 1.69265,
	2.38535 1.68002,
	2.38885 1.6764,
	2.36557 1.64738,
	2.36019 1.64013,
	2.35607 1.58219,
	2.35592 1.56771,
	2.32175 1.5097,
	2.30525 1.45173,
	2.29258 1.42274,
	2.27638 1.39373,
	2.24783 1.36832,
	2.24226 1.34115,
	"/>
<Contour name="d13" hidden="true" closed="true" simplified="true" border="1 1 0" fill="1 1 0" mode="11"
 points="3.23351 3.46834,
	3.24187 3.42729,
	3.24668 3.40678,
	3.25399 3.38625,
	3.25765 3.376,
	3.25885 3.37088,
	3.25489 3.35033,
	3.25227 3.34006,
	3.25224 3.33749,
	3.27083 3.317,
	3.28077 3.30676,
	3.28572 3.30165,
	3.36551 3.25949,
	3.3755 3.25566,
	3.41569 3.26346,
	3.45593 3.27768,
	3.4761 3.28927,
	3.48115 3.29314,
	3.49013 3.31369,
	3.494 3.32396,
	3.48731 3.40608,
	3.49314 3.48822,
	3.49607 3.52929,
	3.50149 3.57036,
	3.50034 3.58063,
	3.47862 3.6627,
	3.46754 3.6832,
	3.45397 3.70371,
	3.43788 3.7242,
	3.43291 3.72932,
	3.41297 3.73954,
	3.40298 3.74336,
	3.39799 3.74592,
	3.37793 3.74459,
	3.35788 3.74582,
	3.34784 3.74452,
	3.31484 3.70337,
	3.29835 3.68408,
	3.27815 3.66863,
	3.26519 3.62754,
	3.25873 3.60699,
	3.25486 3.59672,
	3.23961 3.57614,
	3.237 3.56587,
	3.23408 3.5248,
	3.23367 3.48374,
	3.23357 3.47347,
	3.23353 3.46962,
	"/>
<Contour name="d13" hidden="true" closed="true" simplified="true" border="1 1 0" fill="1 1 0" mode="11"
 points="3.45624 2.9611,
	3.46409 2.92758,
	3.46802 2.91082,
	3.471 2.90244,
	3.48722 2.88676,
	3.49532 2.87839,
	3.49938 2.87422,
	3.5014 2.87212,
	3.53417 2.87325,
	3.54237 2.87432,
	3.57528 2.89012,
	3.59174 2.89749,
	3.59996 2.90171,
	3.61463 2.93528,
	3.61673 2.93948,
	3.62149 3.00657,
	3.6226 3.01495,
	3.60656 3.04845,
	3.59751 3.06519,
	3.59248 3.07357,
	3.59048 3.07775,
	3.57416 3.08295,
	3.57007 3.08399,
	3.53724 3.07658,
	3.52084 3.07339,
	3.51673 3.07234,
	3.49081 3.03978,
	3.47431 3.02717,
	3.47119 3.02297,
	3.46266 2.9894,
	3.4584 2.97263,
	3.45627 2.96424,
	3.45625 2.96214,
	"/>
<Contour name="d13p08" hidden="true" closed="true" simplified="false" border="1 0 0" fill="1 0 0" mode="9"
 points="2.99124 2.68774,
	2.97878 2.68771,
	2.97885 2.69408,
	2.98514 2.70048,
	3.0039 2.70691,
	2.9915 2.71326,
	2.9854 2.726,
	2.97281 2.71321,
	2.96645 2.70043,
	2.96632 2.68768,
	2.95386 2.68765,
	2.97242 2.67494,
	"/>
<Contour name="d13" hidden="true" closed="true" simplified="true" border="1 1 0" fill="1 1 0" mode="11"
 points="4.02309 2.30484,
	4.05163 2.28097,
	4.0552 2.27821,
	4.06961 2.28009,
	4.07141 2.2801,
	4.07235 2.28378,
	4.07236 2.28562,
	4.10131 2.30135,
	4.13031 2.32352,
	4.14304 2.33736,
	4.14851 2.34475,
	4.15035 2.34843,
	4.1505 2.36317,
	4.14967 2.37054,
	4.14704 2.3779,
	4.14618 2.38158,
	4.13284 2.39628,
	4.1185 2.40177,
	4.11133 2.4036,
	4.10773 2.40451,
	4.07887 2.39615,
	4.06443 2.39151,
	4.04075 2.36198,
	4.02891 2.34722,
	4.02527 2.34353,
	4.02344 2.33984,
	4.02314 2.31037,
	4.02311 2.30668,
	4.0231 2.30577,
	"/>
<Contour name="d13" hidden="true" closed="true" simplified="true" border="1 1 0" fill="1 1 0" mode="11"
 points="2.93827 3.08832,
	2.94324 3.04396,
	2.94583 3.03287,
	2.96705 2.98856,
	2.97236 2.97748,
	2.97502 2.97194,
	2.99648 2.95257,
	3.00722 2.94289,
	3.0126 2.93874,
	3.05597 2.94163,
	3.06681 2.94304,
	3.11034 2.96117,
	3.14464 3.00562,
	3.16111 3.02785,
	3.18299 3.04871,
	3.19393 3.05844,
	3.2174 3.10287,
	3.22293 3.11397,
	3.22044 3.13615,
	3.19899 3.15691,
	3.18825 3.16658,
	3.16161 3.21089,
	3.15099 3.23305,
	3.14835 3.23859,
	3.12683 3.25379,
	3.10527 3.26484,
	3.0944 3.26065,
	3.08895 3.25786,
	3.07801 3.24674,
	3.03431 3.21197,
	3.01381 3.19251,
	3.00004 3.17029,
	2.99315 3.15917,
	2.94955 3.13273,
	2.94256 3.11052,
	2.93828 3.0897,
	"/>
<Contour name="d04p02" comment="s_ especially those ones seen in the movie Home Alone where the" hidden="true" closed="true" simplified="false" border="0.5 0 1" fill="0.5 0 1" mode="13"
 points="2.75423 4.18232,
	2.74567 4.1794,
	2.75417 4.17651,
	2.74839 4.16777,
	2.75697 4.1736,
	2.75973 4.16488,
	2.76266 4.17361,
	2.77113 4.16782,
	2.76553 4.17653,
	2.77409 4.17947,
	2.76559 4.18235,
	2.77136 4.19109,
	2.76278 4.18525,
	2.76002 4.19397,
	2.75709 4.18524,
	2.74863 4.19103,
	"/>
<Contour name="d04" hidden="true" closed="true" simplified="true" border="1 0 0" fill="1 0 0" mode="11"
 points="1.81568 4.37204,
	1.82398 4.3488,
	1.83794 4.32555,
	1.83498 4.31391,
	1.84339 4.30229,
	1.84617 4.29648,
	1.84327 4.29065,
	1.83188 4.28772,
	1.82617 4.2848,
	1.83742 4.27319,
	1.86823 4.22962,
	1.85678 4.22087,
	1.8537 4.19759,
	1.85075 4.18595,
	1.84784 4.18012,
	1.845 4.18011,
	1.85343 4.1714,
	1.84729 4.12485,
	1.84421 4.10156,
	1.84409 4.08992,
	1.82971 4.07244,
	1.84368 4.04919,
	1.84075 4.04046,
	1.84916 4.02884,
	1.85176 4.00558,
	1.84561 3.95902,
	1.8539 3.93577,
	1.8423 3.91247,
	1.83934 3.90082,
	1.84195 3.87755,
	1.84473 3.87174,
	1.83313 3.84844,
	1.83005 3.82517,
	1.84403 3.80192,
	1.84379 3.77865,
	1.84368 3.76701,
	1.85496 3.75831,
	1.85188 3.73504,
	1.85732 3.71177,
	1.87414 3.68854,
	1.8797 3.67691,
	1.89095 3.6653,
	1.89356 3.64204,
	1.89063 3.63331,
	1.8879 3.64494,
	1.89063 3.63331,
	1.88767 3.62166,
	1.90428 3.57806,
	1.90984 3.56644,
	1.93234 3.54323,
	1.93494 3.51996,
	1.97434 3.48224,
	1.98277 3.47353,
	1.99417 3.47646,
	2.00551 3.47359,
	2.02809 3.45909,
	2.05074 3.45042,
	2.09617 3.44762,
	2.10191 3.45346,
	2.0906 3.45924,
	2.08782 3.46505,
	2.09347 3.46216,
	2.10208 3.47091,
	2.1022 3.48255,
	2.12221 3.49423,
	2.13369 3.50589,
	2.13372 3.5088,
	2.13935 3.503,
	2.15074 3.50593,
	2.15645 3.50886,
	2.1677 3.49725,
	2.15041 3.47394,
	2.12763 3.46806,
	2.11626 3.46803,
	2.11336 3.46221,
	2.11612 3.45349,
	2.11046 3.45638,
	2.10759 3.45347,
	2.13023 3.44479,
	2.13589 3.4419,
	2.1416 3.44482,
	2.14726 3.44193,
	2.15015 3.44775,
	2.17285 3.44489,
	2.19565 3.45077,
	2.28707 3.50045,
	2.30997 3.51796,
	2.33279 3.52674,
	2.33859 3.53839,
	2.38435 3.56759,
	2.3958 3.57635,
	2.40154 3.58218,
	2.39893 3.60545,
	2.39905 3.61708,
	2.40485 3.62874,
	2.42495 3.64915,
	2.43654 3.67245,
	2.44516 3.6812,
	2.43403 3.70445,
	2.44264 3.7132,
	2.43423 3.72481,
	2.43429 3.73063,
	2.45433 3.74523,
	2.47466 3.78891,
	2.48031 3.78602,
	2.48042 3.79765,
	2.4748 3.80346,
	2.46344 3.80343,
	2.44937 3.81794,
	2.45245 3.84122,
	2.46121 3.86452,
	2.50703 3.89953,
	2.50709 3.90536,
	2.51853 3.91411,
	2.52141 3.91703,
	2.52704 3.91122,
	2.53842 3.91416,
	2.54402 3.90545,
	2.55533 3.89965,
	2.56095 3.89385,
	2.57229 3.89096,
	2.61532 3.9318,
	2.63536 3.9464,
	2.65817 3.95518,
	2.66957 3.95812,
	2.68102 3.96687,
	2.69242 3.9698,
	2.71532 3.98732,
	2.72106 3.99315,
	2.72953 3.98735,
	2.72397 3.99898,
	2.74689 4.01939,
	2.76972 4.02818,
	2.79242 4.02532,
	2.80381 4.02826,
	2.82651 4.02541,
	2.83779 4.01671,
	2.86047 4.01094,
	2.88301 3.99354,
	2.88864 3.98774,
	2.90004 3.99067,
	2.9227 3.98491,
	2.94547 3.98788,
	2.95689 3.99372,
	2.96823 3.99084,
	2.97388 3.98795,
	2.99676 4.00254,
	2.99682 4.00837,
	3.00546 4.02002,
	3.0281 4.01135,
	3.03949 4.01429,
	3.04518 4.0143,
	3.02802 4.00262,
	3.05074 4.00268,
	3.06216 4.00853,
	3.05655 4.01433,
	3.0651 4.01726,
	3.06806 4.02891,
	3.09064 4.01441,
	3.11331 4.00865,
	3.12468 4.00868,
	3.14728 3.9971,
	3.1501 3.99419,
	3.15587 4.00293,
	3.20133 4.00304,
	3.22412 4.00892,
	3.23548 4.00895,
	3.24694 4.0177,
	3.25268 4.02353,
	3.27532 4.01486,
	3.28974 4.03526,
	3.29553 4.04691,
	3.28441 4.07016,
	3.28168 4.08178,
	3.25898 4.08464,
	3.25092 4.13116,
	3.24264 4.15442,
	3.23707 4.16604,
	3.21437 4.1689,
	3.20306 4.17469,
	3.19466 4.1863,
	3.19184 4.18921,
	3.19475 4.19503,
	3.18912 4.20084,
	3.16645 4.2066,
	3.16076 4.20658,
	3.16065 4.19495,
	3.13801 4.20362,
	3.11525 4.20066,
	3.10388 4.20063,
	3.09527 4.19188,
	3.09237 4.18605,
	3.10362 4.17444,
	3.09788 4.16862,
	3.09219 4.1686,
	3.07814 4.18311,
	3.07538 4.19183,
	3.06967 4.18891,
	3.05836 4.1947,
	3.06416 4.20635,
	3.05573 4.21506,
	3.05005 4.21504,
	3.03877 4.22374,
	3.03308 4.22373,
	3.02444 4.21207,
	3.01873 4.20915,
	3.0103 4.21786,
	2.9989 4.21492,
	2.98756 4.2178,
	2.98189 4.21779,
	2.98478 4.22361,
	2.97631 4.22941,
	2.98203 4.23233,
	2.95945 4.24682,
	2.94817 4.25552,
	2.9254 4.25255,
	2.91984 4.26418,
	2.91706 4.27,
	2.91135 4.26707,
	2.88882 4.28738,
	2.87757 4.29899,
	2.86623 4.30187,
	2.86343 4.30477,
	2.86638 4.31642,
	2.86082 4.32804,
	2.85803 4.33385,
	2.84966 4.34838,
	2.83282 4.3687,
	2.81023 4.38319,
	2.79043 4.39186,
	2.7762 4.38893,
	2.76489 4.39471,
	2.75349 4.39177,
	2.74779 4.38886,
	2.73648 4.39464,
	2.72505 4.3888,
	2.70525 4.39748,
	2.69391 4.40037,
	2.68551 4.41197,
	2.67417 4.41486,
	2.65161 4.43225,
	2.64594 4.43224,
	2.63466 4.44095,
	2.61201 4.44962,
	2.57261 4.48734,
	2.55862 4.50767,
	2.55305 4.5193,
	2.55024 4.52219,
	2.54737 4.51928,
	2.53908 4.54253,
	2.53914 4.54835,
	2.51655 4.56284,
	2.50522 4.56572,
	2.50241 4.56863,
	2.51384 4.57447,
	2.51963 4.58612,
	2.52253 4.59195,
	2.50004 4.61516,
	2.50015 4.6268,
	2.49175 4.63842,
	2.46907 4.64418,
	2.46348 4.65289,
	2.45776 4.64998,
	2.43513 4.65865,
	2.42382 4.66443,
	2.41816 4.66733,
	2.4153 4.66441,
	2.40689 4.67603,
	2.40405 4.67602,
	2.40695 4.68185,
	2.40414 4.68475,
	2.40123 4.67893,
	2.39556 4.67891,
	2.37584 4.69632,
	2.36723 4.68757,
	2.35035 4.70498,
	2.33899 4.70496,
	2.32217 4.72819,
	2.31939 4.734,
	2.29669 4.73686,
	2.28536 4.73974,
	2.27396 4.7368,
	2.25129 4.74256,
	2.24564 4.74546,
	2.24857 4.75419,
	2.20337 4.78027,
	2.18061 4.7773,
	2.16925 4.77727,
	2.16356 4.77726,
	2.1406 4.75393,
	2.13494 4.75683,
	2.12349 4.74807,
	2.12337 4.73643,
	2.11198 4.73349,
	2.10053 4.72474,
	2.10333 4.72183,
	2.06045 4.69555,
	2.05474 4.69263,
	2.05755 4.68973,
	2.0661 4.69265,
	2.05462 4.681,
	2.04323 4.67806,
	2.02056 4.68382,
	2.00913 4.67798,
	2.0034 4.67214,
	1.99203 4.67211,
	1.97193 4.6517,
	1.96054 4.64877,
	1.94897 4.62837,
	1.94053 4.63708,
	1.93476 4.62834,
	1.93757 4.62543,
	1.94044 4.62835,
	1.93468 4.61961,
	1.92902 4.6225,
	1.93192 4.62833,
	1.88636 4.6195,
	1.87504 4.62237,
	1.86364 4.61944,
	1.85772 4.59615,
	1.85477 4.58451,
	1.84615 4.57576,
	1.84023 4.55247,
	1.83159 4.54081,
	1.82586 4.53498,
	1.83414 4.51172,
	1.82515 4.46516,
	1.82184 4.41861,
	1.81888 4.40696,
	1.8216 4.39533,
	1.82442 4.39243,
	1.81577 4.38077,
	1.81287 4.37495,
	"/>
<Contour name="d04" hidden="true" closed="true" simplified="true" border="1 0 0" fill="1 0 0" mode="11"
 points="1.29093 2.06624,
	1.31702 1.97789,
	1.33856 1.97242,
	1.36014 1.97247,
	1.37091 1.96974,
	1.41367 1.9284,
	1.43503 1.90634,
	1.44291 1.88425,
	1.4582 1.79588,
	1.4816 1.70752,
	1.50545 1.66337,
	1.54826 1.62756,
	1.55627 1.61929,
	1.60304 1.70781,
	1.61406 1.72995,
	1.61686 1.74101,
	1.57007 1.91772,
	1.55703 1.96189,
	1.56287 2.00611,
	1.56579 2.02823,
	1.60716 2.11675,
	1.65933 2.20528,
	1.68676 2.24955,
	1.86038 2.34116,
	1.94699 2.36624,
	1.9903 2.38016,
	2.01198 2.3885,
	2.02282 2.39405,
	2.03406 2.43828,
	2.03968 2.4604,
	2.0425 2.47146,
	2.03215 2.51564,
	2.03226 2.5267,
	2.00842 2.57084,
	1.97918 2.61499,
	1.93639 2.65356,
	1.91486 2.65903,
	1.56845 2.55872,
	1.48187 2.53641,
	1.47099 2.52809,
	1.41883 2.43955,
	1.39949 2.3953,
	1.37431 2.30682,
	1.36869 2.2847,
	1.40288 2.19637,
	1.41345 2.17429,
	1.4238 2.13011,
	1.42627 2.10801,
	1.42886 2.09697,
	1.34223 2.06913,
	1.29908 2.07178,
	1.29096 2.06901,
	"/>
<Contour name="d04p01" hidden="true" closed="true" simplified="false" border="1 0.5 0" fill="1 0.5 0" mode="13"
 points="1.8748 4.5991,
	1.87474 4.59328,
	1.88036 4.58748,
	1.88604 4.58749,
	1.89179 4.59332,
	1.89185 4.59915,
	1.88622 4.60495,
	1.88054 4.60493,
	"/>
<Contour name="d04" hidden="true" closed="true" simplified="true" border="1 0 0" fill="1 0 0" mode="11"
 points="3.9619 3.73962,
	4.00617 3.69393,
	4.19712 3.70356,
	4.2274 3.74943,
	4.23045 3.75554,
	4.21578 3.77993,
	4.20994 3.79213,
	4.16254 3.82255,
	4.13871 3.82554,
	4.04306 3.80394,
	4.01912 3.79472,
	4.00713 3.78858,
	3.98302 3.7641,
	3.96491 3.74269,
	"/>
<Contour name="d04" hidden="true" closed="true" simplified="true" border="1 0 0" fill="1 0 0" mode="11"
 points="0.83143 3.81922,
	0.838979 3.75184,
	0.840865 3.735,
	0.901215 3.60036,
	0.907301 3.59194,
	0.923672 3.58356,
	0.931878 3.58147,
	0.948356 3.58362,
	0.954695 3.60049,
	0.978678 3.73533,
	0.981081 3.76903,
	0.977644 3.83642,
	1.02563 3.90394,
	1.1463 4.03902,
	1.27867 4.11094,
	1.31175 4.12787,
	1.3283 4.13634,
	1.34477 4.13848,
	1.4105 4.13022,
	1.44336 4.12398,
	1.50856 4.06306,
	1.54115 4.03155,
	1.59396 3.96429,
	1.65916 3.90337,
	1.6918 3.87607,
	1.70815 3.86558,
	1.71633 3.86138,
	1.72043 3.85929,
	1.7287 3.86353,
	1.73285 3.86774,
	1.72531 3.93512,
	1.72153 3.9688,
	1.71965 3.98565,
	1.71969 3.98986,
	1.60174 4.12436,
	1.57123 4.15799,
	1.50593 4.21049,
	1.47326 4.23357,
	1.40724 4.21445,
	1.39072 4.20809,
	1.37616 4.19121,
	1.36786 4.18488,
	1.33485 4.17426,
	1.32866 4.17214,
	1.30592 4.16155,
	1.29765 4.15733,
	1.29555 4.15311,
	1.29143 4.1531,
	1.28101 4.13833,
	1.2665 4.12776,
	1.26234 4.12354,
	1.24589 4.1235,
	1.24177 4.12349,
	1.22532 4.12345,
	1.20878 4.11499,
	1.07615 4.01779,
	1.00977 3.96287,
	0.943335 3.90163,
	0.914198 3.86786,
	0.899651 3.85308,
	0.883109 3.84462,
	0.850091 3.83401,
	0.833572 3.82764,
	0.831451 3.82132,
	"/>
<Contour name="d04c03" hidden="true" closed="true" simplified="true" border="1 0 0.5" fill="1 0 1" mode="11"
 points="1.55883 2.10707,
	1.59408 2.06824,
	1.60114 2.06095,
	1.71916 2.21696,
	1.74807 2.25596,
	1.76727 2.27548,
	1.77689 2.28523,
	1.78168 2.29011,
	1.7722 2.29252,
	1.73413 2.28756,
	1.7246 2.2851,
	1.64799 2.22895,
	1.59255 2.15096,
	1.56363 2.11196,
	1.56123 2.10952,
	"/>
<Contour name="d04c03" hidden="true" closed="true" simplified="true" border="1 0 0.5" fill="1 0 1" mode="11"
 points="1.78666 2.31202,
	1.82451 2.29508,
	1.83399 2.29267,
	1.91028 2.31719,
	1.94843 2.32944,
	1.96749 2.33436,
	1.98661 2.34414,
	1.99616 2.34903,
	2.00093 2.35147,
	1.96311 2.37084,
	1.92508 2.37075,
	1.84886 2.35353,
	1.83933 2.35108,
	1.80102 2.32178,
	1.79146 2.3169,
	1.78906 2.31445,
	"/>
<Contour name="d04cfa03" hidden="true" closed="false" simplified="false" border="1 0 0.5" fill="1 0 0.5" mode="-13"
 points="1.77143 2.28573,
	1.68054 2.22711,
	1.57927 2.08331,
	"/>
<Contour name="d04cfa03" hidden="true" closed="false" simplified="false" border="1 0 0.5" fill="1 0 0.5" mode="-13"
 points="1.9837 2.36167,
	1.90512 2.34688,
	1.80257 2.31014,
	"/>
<Contour name="d13c10b" hidden="true" closed="true" simplified="true" border="0 1 1" fill="0 1 1" mode="11"
 points="3.13514 3.01067,
	3.15553 3.00287,
	3.15808 3.00156,
	3.17866 3.01209,
	3.18515 3.02128,
	3.19432 3.04227,
	3.18941 3.06321,
	3.1869 3.06845,
	3.16628 3.05398,
	3.13644 3.01199,
	"/>
<Contour name="d13cfa10b" hidden="true" closed="false" simplified="false" border="0 1 1" fill="0 1 1" mode="9"
 points="3.14699 3.0062,
	3.17545 3.03641,
	3.19224 3.05217,
	"/>
<Contour name="d13dia10b" hidden="true" closed="false" simplified="true" border="0 1 1" fill="0 1 1" mode="11"
 points="3.17947 3.18051,
	2.97649 2.97304,
	"/>
<Contour name="d01" hidden="false" closed="true" simplified="true" border="1 1 0" fill="1 0.5 0" mode="9"
 points="4.17951 4.30603,
	4.18527 4.28986,
	4.20668 4.25754,
	4.236 4.22524,
	4.24966 4.20908,
	4.26515 4.17674,
	4.27668 4.1444,
	4.28047 4.12823,
	4.27437 4.11202,
	4.28014 4.09586,
	4.28986 4.07969,
	4.32131 4.06359,
	4.44735 4.0214,
	4.51044 4.00739,
	4.54194 3.99533,
	4.55767 3.98728,
	4.58923 3.98128,
	4.6209 3.98743,
	4.6527 4.00571,
	4.68455 4.02805,
	4.69249 4.03212,
	4.70451 4.04833,
	4.71257 4.06454,
	4.71472 4.08072,
	4.7148 4.08881,
	4.74279 4.12125,
	4.77111 4.18608,
	4.78313 4.20229,
	4.7912 4.2185,
	4.79745 4.25088,
	4.79366 4.26705,
	4.77423 4.29938,
	4.77242 4.31556,
	4.78295 4.38033,
	4.77916 4.3965,
	4.76944 4.41267,
	4.75824 4.47739,
	4.75659 4.50976,
	4.74902 4.54211,
	4.74522 4.55829,
	4.73353 4.57444,
	4.71782 4.58452,
	4.70415 4.60067,
	4.69444 4.61684,
	4.68884 4.6492,
	4.69097 4.66538,
	4.67729 4.67952,
	4.66157 4.68959,
	4.64575 4.68753,
	4.63781 4.68346,
	4.62197 4.68141,
	4.60618 4.68339,
	4.57469 4.69545,
	4.54309 4.69739,
	4.52729 4.69736,
	4.49573 4.70335,
	4.47994 4.70534,
	4.4482 4.69312,
	4.41666 4.70114,
	4.41274 4.70315,
	4.39684 4.69502,
	4.38089 4.68082,
	4.37489 4.67271,
	4.36665 4.64032,
	4.35661 4.62411,
	4.34864 4.61802,
	4.33279 4.61394,
	4.31886 4.60379,
	4.30881 4.58757,
	4.29285 4.57135,
	4.27473 4.53894,
	4.26864 4.52273,
	4.26633 4.49035,
	4.26617 4.47417,
	4.25399 4.44177,
	4.23193 4.40934,
	4.21793 4.39312,
	4.18566 4.3283,
	4.17957 4.31209,
	4.17953 4.30805,
	"/>
<Contour name="d02" hidden="true" closed="true" simplified="true" border="0.5 0 1" fill="0.5 0 1" mode="11"
 points="6.88112 4.0243,
	6.89289 4.01215,
	6.91992 3.99482,
	6.93348 3.99136,
	6.94025 3.9879,
	6.96746 3.9897,
	6.97431 3.99495,
	6.98113 3.9967,
	6.98628 4.00193,
	6.98968 4.00194,
	6.99311 4.00543,
	6.99652 4.00544,
	7.00852 4.01591,
	7.02217 4.02116,
	7.04785 4.04037,
	7.0531 4.0543,
	7.05324 4.06823,
	7.04658 4.08214,
	7.02646 4.10993,
	7.0249 4.12385,
	7.01994 4.13776,
	7.01513 4.1656,
	7.01017 4.1795,
	7.0102 4.18299,
	7.00346 4.18819,
	6.98987 4.1899,
	6.97626 4.18813,
	6.96946 4.18811,
	6.95744 4.1759,
	6.92798 4.12014,
	6.9124 4.09225,
	6.90716 4.07831,
	6.9054 4.07135,
	6.89853 4.06438,
	6.89159 4.05044,
	6.88644 4.0452,
	6.88119 4.03127,
	6.88114 4.02605,
	"/>
<Contour name="d02" hidden="true" closed="true" simplified="true" border="0.5 0 1" fill="0.5 0 1" mode="11"
 points="5.26896 3.43737,
	5.28245 3.42696,
	5.30781 3.4131,
	5.32136 3.40791,
	5.33496 3.40795,
	5.34859 3.41146,
	5.37592 3.42545,
	5.38626 3.4394,
	5.38803 3.44636,
	5.39147 3.44985,
	5.40223 3.50556,
	5.40761 3.53343,
	5.41285 3.54736,
	5.41299 3.56129,
	5.40801 3.57346,
	5.39446 3.57864,
	5.38089 3.58034,
	5.36887 3.56813,
	5.3654 3.56117,
	5.35169 3.55069,
	5.33802 3.54369,
	5.326 3.53148,
	5.31737 3.51754,
	5.31559 3.51057,
	5.30526 3.49663,
	5.2796 3.4809,
	5.26926 3.46695,
	5.26898 3.43911,
	"/>
<Contour name="d02" hidden="true" closed="true" simplified="true" border="0.5 0 1" fill="0.5 0 1" mode="11"
 points="5.60446 3.50258,
	5.60949 3.49563,
	5.61112 3.48867,
	5.61949 3.47477,
	5.62451 3.46782,
	5.62947 3.45391,
	5.6328 3.44696,
	5.63277 3.44347,
	5.64112 3.42957,
	5.66606 3.37394,
	5.68108 3.34614,
	5.70263 3.29223,
	5.71099 3.27833,
	5.7141 3.2505,
	5.71212 3.22264,
	5.71029 3.20871,
	5.70852 3.20175,
	5.70848 3.19827,
	5.70504 3.19479,
	5.69456 3.16691,
	5.6756 3.14076,
	5.64825 3.12503,
	5.64309 3.11979,
	5.64306 3.11632,
	5.65483 3.10416,
	5.66836 3.09723,
	5.67177 3.09724,
	5.67852 3.09204,
	5.68191 3.09205,
	5.69541 3.08163,
	5.71724 3.05559,
	5.71887 3.04863,
	5.77319 3.0418,
	5.80037 3.04012,
	5.82747 3.03148,
	5.84102 3.0263,
	5.84439 3.02283,
	5.87162 3.02637,
	5.88522 3.0264,
	5.892 3.02469,
	5.89875 3.01948,
	5.91229 3.01429,
	5.93947 3.01261,
	5.95308 3.01439,
	5.98027 3.01271,
	6.03471 3.01807,
	6.04836 3.02333,
	6.05519 3.02682,
	6.05859 3.02683,
	6.07228 3.03556,
	6.08586 3.03385,
	6.0994 3.02867,
	6.1266 3.02873,
	6.15385 3.03402,
	6.18113 3.04279,
	6.19475 3.04457,
	6.22192 3.04115,
	6.23551 3.04118,
	6.26276 3.04647,
	6.31717 3.04834,
	6.33078 3.05012,
	6.3376 3.05187,
	6.34103 3.05536,
	6.34444 3.05537,
	6.34787 3.05886,
	6.35469 3.06061,
	6.36837 3.06935,
	6.389 3.09202,
	6.44376 3.1287,
	6.45743 3.1357,
	6.4846 3.13402,
	6.49822 3.1358,
	6.51187 3.14105,
	6.52217 3.15152,
	6.54115 3.17941,
	6.54809 3.19335,
	6.54653 3.20727,
	6.55516 3.21947,
	6.58088 3.24216,
	6.59462 3.25611,
	6.61357 3.28227,
	6.63754 3.29799,
	6.65116 3.3015,
	6.67836 3.30157,
	6.70567 3.31207,
	6.73305 3.33128,
	6.74676 3.34177,
	6.75708 3.35397,
	6.76055 3.36094,
	6.76059 3.36442,
	6.764 3.36617,
	6.76754 3.3801,
	6.77097 3.38359,
	6.76983 3.43927,
	6.76488 3.45319,
	6.75813 3.45839,
	6.75477 3.46187,
	6.75491 3.47579,
	6.75845 3.48972,
	6.76189 3.49321,
	6.76366 3.50018,
	6.76883 3.50715,
	6.76886 3.51063,
	6.77403 3.5176,
	6.77746 3.52109,
	6.78285 3.54895,
	6.78313 3.5768,
	6.78496 3.59072,
	6.7902 3.60466,
	6.79048 3.63251,
	6.78227 3.66033,
	6.7789 3.66381,
	6.77564 3.67772,
	6.76555 3.68814,
	6.76059 3.70205,
	6.76257 3.72989,
	6.76271 3.74382,
	6.75946 3.75773,
	6.75949 3.76121,
	6.75612 3.76469,
	6.75116 3.7786,
	6.74278 3.79076,
	6.7158 3.81157,
	6.70233 3.82372,
	6.69558 3.82894,
	6.69218 3.82893,
	6.67867 3.83759,
	6.67192 3.84279,
	6.66857 3.84627,
	6.66516 3.84626,
	6.65678 3.85842,
	6.64331 3.87057,
	6.6298 3.87925,
	6.60267 3.88614,
	6.54853 3.91037,
	6.52322 3.92946,
	6.51315 3.94161,
	6.49965 3.95202,
	6.4879 3.96592,
	6.47438 3.97459,
	6.46762 3.97805,
	6.44045 3.97972,
	6.42686 3.98142,
	6.42349 3.9849,
	6.41672 3.98663,
	6.4049 3.9953,
	6.40154 3.99877,
	6.38799 4.00396,
	6.36079 4.00215,
	6.34708 3.99168,
	6.34021 3.9847,
	6.32656 3.97945,
	6.27211 3.9741,
	6.24486 3.9688,
	6.23803 3.96531,
	6.2346 3.96181,
	6.2312 3.9618,
	6.22435 3.95657,
	6.19718 3.95999,
	6.18362 3.96343,
	6.17002 3.9634,
	6.15639 3.95989,
	6.14272 3.95289,
	6.13587 3.94766,
	6.1341 3.94069,
	6.10846 3.9267,
	6.09478 3.91797,
	6.08113 3.91271,
	6.07431 3.91095,
	6.04692 3.89174,
	6.03321 3.88127,
	6.00586 3.86555,
	5.96286 3.81497,
	5.96283 3.81149,
	5.95081 3.79928,
	5.9474 3.79927,
	5.93371 3.79053,
	5.92691 3.78878,
	5.92347 3.78528,
	5.92007 3.78528,
	5.91663 3.78179,
	5.91324 3.78178,
	5.89955 3.77304,
	5.89614 3.77304,
	5.86879 3.75731,
	5.85681 3.74858,
	5.84307 3.73462,
	5.8396 3.72765,
	5.8156 3.70845,
	5.81044 3.70147,
	5.79845 3.69275,
	5.7916 3.68751,
	5.78813 3.68054,
	5.7898 3.67706,
	5.77611 3.66833,
	5.77271 3.66832,
	5.76928 3.66483,
	5.76587 3.66482,
	5.75554 3.65087,
	5.74524 3.6404,
	5.7384 3.63691,
	5.7316 3.6369,
	5.72128 3.62469,
	5.71434 3.61075,
	5.70917 3.60377,
	5.69718 3.59504,
	5.69033 3.5898,
	5.6767 3.58629,
	5.66985 3.58105,
	5.66303 3.5793,
	5.65618 3.57406,
	5.64936 3.5723,
	5.63562 3.55834,
	5.6253 3.54614,
	5.62015 3.5409,
	5.62012 3.53742,
	5.60981 3.52695,
	5.60457 3.51302,
	5.6045 3.50605,
	5.60448 3.50432,
	"/>
<Contour name="d01ax03ssvr" hidden="true" closed="true" simplified="false" border="0 1 0.25098" fill="0 0 1" mode="-11"
 points="5.52357 5.20441,
	5.51327 5.19395,
	5.52335 5.18355,
	5.53365 5.194,
	"/>
<Contour name="d01ax03ssvr" hidden="true" closed="true" simplified="false" border="0 1 0.25098" fill="0 0 1" mode="-11"
 points="5.58734 5.17923,
	5.57705 5.16878,
	5.58713 5.15837,
	5.59742 5.16883,
	"/>
<Contour name="d01ax03ssvr" hidden="true" closed="true" simplified="false" border="0 1 0.25098" fill="0 0 1" mode="-11"
 points="5.55865 5.2194,
	5.54836 5.20894,
	5.55844 5.19853,
	5.56873 5.20899,
	"/>
<Contour name="d01ax03ssvr" hidden="true" closed="true" simplified="false" border="0 1 0.25098" fill="0 0 1" mode="-11"
 points="5.4555 5.09249,
	5.44521 5.08204,
	5.45529 5.07163,
	5.46558 5.08209,
	"/>
<Contour name="d01ax03ssvr" hidden="true" closed="true" simplified="false" border="0 1 0.25098" fill="0 0 1" mode="-11"
 points="5.4812 5.04339,
	5.47091 5.03293,
	5.48099 5.02253,
	5.49128 5.03298,
	"/>
<Contour name="d01ax03ssvr" hidden="true" closed="true" simplified="false" border="0 1 0.25098" fill="0 0 1" mode="-11"
 points="5.51467 5.04347,
	5.50438 5.03301,
	5.51446 5.02261,
	5.52475 5.03306,
	"/>
<Contour name="d01ax03ssvr" hidden="true" closed="true" simplified="false" border="0 1 0.25098" fill="0 0 1" mode="-11"
 points="5.56012 5.07785,
	5.54983 5.06739,
	5.55991 5.05699,
	5.57021 5.06744,
	"/>
<Contour name="d01ax03ssvr" hidden="true" closed="true" simplified="false" border="0 1 0.25098" fill="0 0 1" mode="-11"
 points="5.45112 4.94646,
	5.44082 4.93601,
	5.45091 4.92561,
	5.4612 4.93606,
	"/>
<Contour name="d01ax03ssvr" hidden="true" closed="true" simplified="false" border="0 1 0.25098" fill="0 0 1" mode="-11"
 points="5.52051 4.90194,
	5.51022 4.89148,
	5.5203 4.88108,
	5.5306 4.89153,
	"/>
<Contour name="d13" hidden="true" closed="true" simplified="true" border="1 1 0" fill="1 1 0" mode="11"
 points="0.707679 0.549103,
	0.710764 0.535932,
	0.733056 0.512923,
	0.758832 0.516282,
	0.771737 0.519607,
	0.814001 0.56254,
	0.836791 0.588953,
	0.849795 0.602163,
	0.87607 0.654941,
	0.876203 0.668119,
	0.876269 0.674709,
	0.866749 0.687865,
	0.841105 0.697686,
	0.815363 0.697624,
	0.78952 0.687677,
	0.747191 0.638154,
	0.727617 0.611749,
	0.724267 0.598563,
	0.714514 0.588655,
	0.707812 0.562281,
	0.707713 0.552398,
	"/>
<Contour name="d01ax08b2ssvr" hidden="true" closed="true" simplified="false" border="0.5 0 1" fill="0.5 0 1" mode="9"
 points="3.3353 4.66559,
	3.32747 4.66291,
	3.33525 4.66026,
	3.32997 4.65226,
	3.33782 4.6576,
	3.34035 4.64962,
	3.34302 4.65761,
	3.35078 4.65231,
	3.34565 4.66029,
	3.35348 4.66297,
	3.34571 4.66562,
	3.35099 4.67362,
	3.34313 4.66827,
	3.34062 4.67626,
	3.33793 4.66826,
	3.33018 4.67357,
	"/>
<Contour name="d01ax08b2ssvr" hidden="true" closed="true" simplified="false" border="0.5 0 1" fill="0.5 0 1" mode="9"
 points="3.29465 4.76138,
	3.28682 4.75869,
	3.29459 4.75605,
	3.2893 4.74805,
	3.29717 4.7534,
	3.29968 4.74541,
	3.30237 4.75341,
	3.31012 4.7481,
	3.305 4.75607,
	3.31283 4.75876,
	3.30505 4.7614,
	3.31034 4.7694,
	3.30247 4.76406,
	3.29995 4.77205,
	3.29728 4.76405,
	3.28952 4.76935,
	"/>
<Contour name="d01ax08b2ssvr" hidden="true" closed="true" simplified="false" border="0.5 0 1" fill="0.5 0 1" mode="9"
 points="3.25131 4.84917,
	3.24348 4.84648,
	3.25125 4.84384,
	3.24597 4.83584,
	3.25383 4.84118,
	3.25635 4.8332,
	3.25903 4.84119,
	3.26679 4.83589,
	3.26166 4.84386,
	3.26949 4.84655,
	3.26171 4.84919,
	3.267 4.8572,
	3.25914 4.85184,
	3.25662 4.85984,
	3.25394 4.85183,
	3.24619 4.85714,
	"/>
<Contour name="d01ax08b2ssvr" hidden="true" closed="true" simplified="false" border="0.5 0 1" fill="0.5 0 1" mode="9"
 points="3.25751 4.94773,
	3.24967 4.94505,
	3.25745 4.9424,
	3.25217 4.9344,
	3.26002 4.93974,
	3.26254 4.93176,
	3.26523 4.93976,
	3.27298 4.93445,
	3.26786 4.94243,
	3.27569 4.94511,
	3.26791 4.94776,
	3.27319 4.95576,
	3.26534 4.95041,
	3.26281 4.9584,
	3.26013 4.9504,
	3.25238 4.95571,
	"/>
<Contour name="d01ax08b2ssvr" hidden="true" closed="true" simplified="false" border="0.5 0 1" fill="0.5 0 1" mode="9"
 points="3.34389 5.00121,
	3.33605 4.99853,
	3.34384 4.99588,
	3.33855 4.98788,
	3.34641 4.99322,
	3.34893 4.98524,
	3.35161 4.99323,
	3.35936 4.98793,
	3.35424 4.99591,
	3.36207 4.99859,
	3.3543 5.00124,
	3.35958 5.00924,
	3.35172 5.00389,
	3.3492 5.01188,
	3.34651 5.00388,
	3.33877 5.00919,
	"/>
<Contour name="d01ax08b2ssvr" hidden="true" closed="true" simplified="false" border="0.5 0 1" fill="0.5 0 1" mode="9"
 points="3.31476 4.95053,
	3.30693 4.94785,
	3.31471 4.94521,
	3.30943 4.93721,
	3.31728 4.94255,
	3.31981 4.93457,
	3.32249 4.94256,
	3.33024 4.93726,
	3.32511 4.94523,
	3.33295 4.94792,
	3.32517 4.95055,
	3.33045 4.95857,
	3.3226 4.95321,
	3.32008 4.9612,
	3.31739 4.9532,
	3.30964 4.95852,
	"/>
<Contour name="d01ax08b2ssvr" hidden="true" closed="true" simplified="false" border="0.5 0 1" fill="0.5 0 1" mode="9"
 points="3.32984 4.8973,
	3.32201 4.89462,
	3.32978 4.89198,
	3.32449 4.88397,
	3.33236 4.88932,
	3.33487 4.88133,
	3.33756 4.88933,
	3.3453 4.88403,
	3.34019 4.892,
	3.34802 4.89469,
	3.34024 4.89732,
	3.34552 4.90533,
	3.33766 4.89998,
	3.33514 4.90796,
	3.33247 4.89997,
	3.32471 4.90528,
	"/>
<Contour name="d01ax08b2ssvr" hidden="true" closed="true" simplified="false" border="0.5 0 1" fill="0.5 0 1" mode="9"
 points="3.32933 4.84669,
	3.3215 4.84401,
	3.32927 4.84136,
	3.32398 4.83336,
	3.33185 4.83871,
	3.33436 4.83072,
	3.33705 4.83872,
	3.34479 4.83341,
	3.33968 4.84139,
	3.34751 4.84407,
	3.33973 4.84672,
	3.34501 4.85472,
	3.33715 4.84938,
	3.33463 4.85736,
	3.33196 4.84937,
	3.3242 4.85467,
	"/>
<Contour name="d01ax08b2ssvr" hidden="true" closed="true" simplified="false" border="0.5 0 1" fill="0.5 0 1" mode="9"
 points="3.32892 4.80674,
	3.32109 4.80406,
	3.32887 4.80141,
	3.32358 4.79341,
	3.33145 4.79875,
	3.33396 4.79077,
	3.33664 4.79876,
	3.34439 4.79346,
	3.33927 4.80144,
	3.3471 4.80412,
	3.33933 4.80677,
	3.34461 4.81477,
	3.33675 4.80942,
	3.33423 4.81741,
	3.33155 4.80941,
	3.3238 4.81472,
	"/>
<Contour name="d01ax08b2ssvr" hidden="true" closed="true" simplified="false" border="0.5 0 1" fill="0.5 0 1" mode="9"
 points="3.45266 4.69517,
	3.44483 4.69249,
	3.45261 4.68984,
	3.44732 4.68184,
	3.45518 4.68719,
	3.4577 4.6792,
	3.46038 4.68721,
	3.46814 4.68189,
	3.46301 4.68987,
	3.47084 4.69255,
	3.46306 4.6952,
	3.46835 4.7032,
	3.46049 4.69786,
	3.45796 4.70584,
	3.45529 4.69785,
	3.44753 4.70315,
	"/>
<Contour name="d01ax08b2ssvr" hidden="true" closed="true" simplified="false" border="0.5 0 1" fill="0.5 0 1" mode="9"
 points="3.38808 4.7403,
	3.38025 4.73761,
	3.38803 4.73497,
	3.38275 4.72697,
	3.3906 4.73232,
	3.39313 4.72432,
	3.3958 4.73233,
	3.40356 4.72702,
	3.39843 4.73499,
	3.40626 4.73768,
	3.39848 4.74032,
	3.40377 4.74832,
	3.39591 4.74298,
	3.39339 4.75096,
	3.39071 4.74297,
	3.38296 4.74827,
	"/>
<Contour name="d01ax08b2ssvr" hidden="true" closed="true" simplified="false" border="0.5 0 1" fill="0.5 0 1" mode="9"
 points="3.461 4.74846,
	3.45317 4.74578,
	3.46094 4.74314,
	3.45567 4.73513,
	3.46352 4.74048,
	3.46604 4.7325,
	3.46873 4.74049,
	3.47648 4.73518,
	3.47135 4.74317,
	3.47919 4.74584,
	3.4714 4.74849,
	3.47669 4.75649,
	3.46884 4.75115,
	3.46631 4.75913,
	3.46363 4.75114,
	3.45588 4.75644,
	"/>
<Contour name="d01ax08b2ssvr" hidden="true" closed="true" simplified="false" border="0.5 0 1" fill="0.5 0 1" mode="9"
 points="3.41959 4.76967,
	3.41176 4.76699,
	3.41954 4.76435,
	3.41426 4.75634,
	3.42211 4.76169,
	3.42464 4.75371,
	3.42731 4.7617,
	3.43507 4.75639,
	3.42994 4.76437,
	3.43777 4.76705,
	3.43 4.7697,
	3.43528 4.7777,
	3.42742 4.77236,
	3.42491 4.78034,
	3.42222 4.77234,
	3.41447 4.77765,
	"/>
<Contour name="d01ax08b2ssvr" hidden="true" closed="true" simplified="false" border="0.5 0 1" fill="0.5 0 1" mode="9"
 points="3.37312 4.80418,
	3.36528 4.8015,
	3.37307 4.79885,
	3.36778 4.79085,
	3.37563 4.7962,
	3.37816 4.78821,
	3.38084 4.79622,
	3.38859 4.7909,
	3.38347 4.79888,
	3.3913 4.80156,
	3.38353 4.80421,
	3.3888 4.81221,
	3.38095 4.80687,
	3.37843 4.81485,
	3.37574 4.80686,
	3.36799 4.81216,
	"/>
<Contour name="d01ax08b2ssvr" hidden="true" closed="true" simplified="false" border="0.5 0 1" fill="0.5 0 1" mode="9"
 points="3.3735 4.84147,
	3.36566 4.83879,
	3.37344 4.83615,
	3.36816 4.82815,
	3.37601 4.83349,
	3.37853 4.82551,
	3.38122 4.8335,
	3.38897 4.8282,
	3.38385 4.83617,
	3.39168 4.83886,
	3.3839 4.84149,
	3.38918 4.8495,
	3.38133 4.84415,
	3.3788 4.85214,
	3.37612 4.84414,
	3.36837 4.84945,
	"/>
<Contour name="d01ax08b2ssvr" hidden="true" closed="true" simplified="false" border="0.5 0 1" fill="0.5 0 1" mode="9"
 points="3.37934 4.90542,
	3.37151 4.90273,
	3.37929 4.90008,
	3.37401 4.89208,
	3.38186 4.89742,
	3.38439 4.88944,
	3.38706 4.89744,
	3.39482 4.89213,
	3.38969 4.90011,
	3.39752 4.90279,
	3.38975 4.90544,
	3.39503 4.91344,
	3.38717 4.90809,
	3.38465 4.91608,
	3.38197 4.90808,
	3.37422 4.91339,
	"/>
<Contour name="d01ax08b2ssvr" hidden="true" closed="true" simplified="false" border="0.5 0 1" fill="0.5 0 1" mode="9"
 points="3.36419 4.95065,
	3.35635 4.94797,
	3.36414 4.94533,
	3.35885 4.93733,
	3.36671 4.94267,
	3.36923 4.93469,
	3.37191 4.94268,
	3.37966 4.93738,
	3.37454 4.94535,
	3.38237 4.94804,
	3.3746 4.95068,
	3.37988 4.95869,
	3.37202 4.95333,
	3.3695 4.96132,
	3.36681 4.95332,
	3.35907 4.95864,
	"/>
<Contour name="d01ax08b2ssvr" hidden="true" closed="true" simplified="false" border="0.5 0 1" fill="0.5 0 1" mode="9"
 points="3.32432 5.12368,
	3.31648 5.121,
	3.32426 5.11836,
	3.31898 5.11036,
	3.32683 5.1157,
	3.32935 5.10772,
	3.33204 5.11571,
	3.33979 5.11041,
	3.33467 5.11838,
	3.3425 5.12107,
	3.33472 5.1237,
	3.34 5.13172,
	3.33215 5.12636,
	3.32962 5.13435,
	3.32694 5.12635,
	3.31919 5.13166,
	"/>
<Contour name="d01ax08b2ssvr" hidden="true" closed="true" simplified="false" border="0.5 0 1" fill="0.5 0 1" mode="9"
 points="3.41539 5.12657,
	3.40756 5.12388,
	3.41534 5.12124,
	3.41005 5.11323,
	3.41791 5.11859,
	3.42043 5.1106,
	3.42311 5.1186,
	3.43086 5.11328,
	3.42574 5.12127,
	3.43357 5.12394,
	3.42579 5.12659,
	3.43107 5.13459,
	3.42322 5.12925,
	3.42069 5.13723,
	3.41802 5.12924,
	3.41026 5.13454,
	"/>
<Contour name="d01ax08b2ssvr" hidden="true" closed="true" simplified="false" border="0.5 0 1" fill="0.5 0 1" mode="9"
 points="3.36837 5.10781,
	3.36054 5.10513,
	3.36832 5.10248,
	3.36304 5.09448,
	3.3709 5.09983,
	3.37342 5.09184,
	3.3761 5.09984,
	3.38385 5.09453,
	3.37872 5.1025,
	3.38656 5.10519,
	3.37878 5.10784,
	3.38407 5.11584,
	3.37621 5.1105,
	3.37369 5.11848,
	3.371 5.11048,
	3.36326 5.11579,
	"/>
<Contour name="d01ax08b2ssvr" hidden="true" closed="true" simplified="false" border="0.5 0 1" fill="0.5 0 1" mode="9"
 points="3.42018 5.08663,
	3.41236 5.08394,
	3.42013 5.0813,
	3.41485 5.0733,
	3.42271 5.07865,
	3.42523 5.07066,
	3.42792 5.07866,
	3.43566 5.07335,
	3.43054 5.08132,
	3.43837 5.08401,
	3.43059 5.08665,
	3.43588 5.09466,
	3.42802 5.08931,
	3.4255 5.0973,
	3.42282 5.0893,
	3.41507 5.0946,
	"/>
<Contour name="d01ax08b2ssvr" hidden="true" closed="true" simplified="false" border="0.5 0 1" fill="0.5 0 1" mode="9"
 points="3.56182 5.2015,
	3.55399 5.19881,
	3.56176 5.19618,
	3.55649 5.18817,
	3.56434 5.19352,
	3.56686 5.18554,
	3.56954 5.19353,
	3.5773 5.18822,
	3.57217 5.1962,
	3.58 5.19888,
	3.57222 5.20152,
	3.57751 5.20954,
	3.56965 5.20418,
	3.56713 5.21217,
	3.56445 5.20417,
	3.5567 5.20948,
	"/>
<Contour name="d01ax08b2ssvr" hidden="true" closed="true" simplified="false" border="0.5 0 1" fill="0.5 0 1" mode="9"
 points="3.53541 5.16149,
	3.52757 5.1588,
	3.53535 5.15615,
	3.53006 5.14815,
	3.53792 5.1535,
	3.54044 5.14551,
	3.54313 5.15352,
	3.55087 5.1482,
	3.54576 5.15618,
	3.55359 5.15886,
	3.54581 5.16151,
	3.55109 5.16951,
	3.54323 5.16417,
	3.54071 5.17215,
	3.53803 5.16416,
	3.53028 5.16946,
	"/>
<Contour name="d01ax08b2ssvr" hidden="true" closed="true" simplified="false" border="0.5 0 1" fill="0.5 0 1" mode="9"
 points="3.50355 5.09749,
	3.49571 5.0948,
	3.50349 5.09215,
	3.4982 5.08415,
	3.50606 5.0895,
	3.50858 5.08151,
	3.51127 5.08952,
	3.51901 5.0842,
	3.5139 5.09218,
	3.52173 5.09486,
	3.51395 5.09751,
	3.51923 5.10551,
	3.51137 5.10017,
	3.50885 5.10815,
	3.50617 5.10016,
	3.49842 5.10546,
	"/>
<Contour name="d01ax08b2ssvr" hidden="true" closed="true" simplified="false" border="0.5 0 1" fill="0.5 0 1" mode="9"
 points="3.46669 5.05478,
	3.45886 5.0521,
	3.46664 5.04945,
	3.46135 5.04145,
	3.46921 5.0468,
	3.47174 5.03881,
	3.47441 5.04681,
	3.48217 5.0415,
	3.47704 5.04947,
	3.48487 5.05216,
	3.4771 5.05481,
	3.48239 5.06281,
	3.47452 5.05747,
	3.47201 5.06545,
	3.46932 5.05745,
	3.46156 5.06276,
	"/>
<Contour name="d01ax08b2ssvr" hidden="true" closed="true" simplified="false" border="0.5 0 1" fill="0.5 0 1" mode="9"
 points="3.42989 5.0174,
	3.42206 5.01471,
	3.42984 5.01208,
	3.42456 5.00407,
	3.43241 5.00942,
	3.43494 5.00143,
	3.43762 5.00943,
	3.44537 5.00412,
	3.44024 5.0121,
	3.44808 5.01478,
	3.4403 5.01742,
	3.44558 5.02542,
	3.43773 5.02008,
	3.43521 5.02806,
	3.43252 5.02007,
	3.42477 5.02537,
	"/>
<Contour name="d01ax08b2ssvr" hidden="true" closed="true" simplified="false" border="0.5 0 1" fill="0.5 0 1" mode="9"
 points="3.38342 5.05191,
	3.37559 5.04923,
	3.38337 5.04659,
	3.37808 5.03858,
	3.38594 5.04393,
	3.38846 5.03594,
	3.39114 5.04394,
	3.39889 5.03863,
	3.39377 5.04662,
	3.4016 5.04929,
	3.39383 5.05194,
	3.3991 5.05994,
	3.39125 5.0546,
	3.38873 5.06258,
	3.38605 5.05458,
	3.37829 5.05989,
	"/>
<Contour name="d01ax08b2ssvr" hidden="true" closed="true" simplified="false" border="0.5 0 1" fill="0.5 0 1" mode="9"
 points="3.38549 4.99865,
	3.37765 4.99596,
	3.38543 4.99332,
	3.38015 4.98532,
	3.388 4.99067,
	3.39052 4.98268,
	3.39321 4.99068,
	3.40096 4.98537,
	3.39584 4.99334,
	3.40367 4.99603,
	3.39589 4.99867,
	3.40117 5.00667,
	3.39332 5.00133,
	3.39079 5.00932,
	3.38811 5.00132,
	3.38036 5.00662,
	"/>
<Contour name="d01ax08b2ssvr" hidden="true" closed="true" simplified="false" border="0.5 0 1" fill="0.5 0 1" mode="9"
 points="3.41892 4.96144,
	3.41109 4.95876,
	3.41887 4.95611,
	3.41359 4.94811,
	3.42144 4.95345,
	3.42397 4.94547,
	3.42665 4.95347,
	3.4344 4.94816,
	3.42927 4.95614,
	3.43711 4.95883,
	3.42933 4.96146,
	3.43462 4.96947,
	3.42676 4.96412,
	3.42424 4.9721,
	3.42155 4.96411,
	3.4138 4.96942,
	"/>
<Contour name="d01ax08b2ssvr" hidden="true" closed="true" simplified="false" border="0.5 0 1" fill="0.5 0 1" mode="9"
 points="3.42518 4.80698,
	3.41734 4.80429,
	3.42512 4.80164,
	3.41983 4.79364,
	3.42769 4.79899,
	3.43021 4.791,
	3.4329 4.799,
	3.44064 4.79369,
	3.43553 4.80167,
	3.44336 4.80436,
	3.43558 4.807,
	3.44086 4.815,
	3.433 4.80965,
	3.43048 4.81764,
	3.4278 4.80964,
	3.42005 4.81495,
	"/>
<Contour name="d01ax08b2ssvr" hidden="true" closed="true" simplified="false" border="0.5 0 1" fill="0.5 0 1" mode="9"
 points="3.41515 4.84424,
	3.40731 4.84155,
	3.41509 4.83891,
	3.4098 4.8309,
	3.41766 4.83625,
	3.42018 4.82827,
	3.42287 4.83627,
	3.43061 4.83095,
	3.4255 4.83894,
	3.43333 4.84161,
	3.42555 4.84426,
	3.43083 4.85226,
	3.42297 4.84692,
	3.42045 4.8549,
	3.41777 4.84691,
	3.41002 4.85221,
	"/>
<Contour name="d01ax08b2ssvr" hidden="true" closed="true" simplified="false" border="0.5 0 1" fill="0.5 0 1" mode="9"
 points="3.42083 4.8922,
	3.413 4.88951,
	3.42077 4.88686,
	3.4155 4.87886,
	3.42335 4.88422,
	3.42587 4.87622,
	3.42855 4.88423,
	3.43631 4.87891,
	3.43118 4.88689,
	3.43901 4.88958,
	3.43123 4.89222,
	3.43652 4.90022,
	3.42866 4.89488,
	3.42614 4.90286,
	3.42346 4.89487,
	3.41571 4.90017,
	"/>
<Contour name="d01ax08b2ssvr" hidden="true" closed="true" simplified="false" border="0.5 0 1" fill="0.5 0 1" mode="9"
 points="3.98219 5.09865,
	3.97437 5.09596,
	3.98214 5.09332,
	3.97686 5.08532,
	3.98472 5.09067,
	3.98724 5.08268,
	3.98993 5.09068,
	3.99767 5.08537,
	3.99255 5.09334,
	4.00038 5.09603,
	3.9926 5.09867,
	3.99789 5.10668,
	3.99003 5.10133,
	3.98751 5.10932,
	3.98482 5.10132,
	3.97708 5.10662,
	"/>
<Contour name="d01ax08b2ssvr" hidden="true" closed="true" simplified="false" border="0.5 0 1" fill="0.5 0 1" mode="9"
 points="3.9332 5.14115,
	3.92537 5.13846,
	3.93315 5.13581,
	3.92786 5.12781,
	3.93572 5.13316,
	3.93824 5.12517,
	3.94092 5.13318,
	3.94867 5.12786,
	3.94355 5.13584,
	3.95138 5.13852,
	3.94361 5.14117,
	3.94888 5.14917,
	3.94103 5.14383,
	3.93851 5.15181,
	3.93583 5.14382,
	3.92807 5.14912,
	"/>
<Contour name="d01ax08b2ssvr" hidden="true" closed="true" simplified="false" border="0.5 0 1" fill="0.5 0 1" mode="9"
 points="3.89212 5.19431,
	3.88429 5.19163,
	3.89206 5.18898,
	3.88677 5.18098,
	3.89464 5.18633,
	3.89715 5.17834,
	3.89984 5.18635,
	3.90759 5.18103,
	3.90247 5.18901,
	3.9103 5.19169,
	3.90252 5.19434,
	3.9078 5.20234,
	3.89994 5.197,
	3.89742 5.20498,
	3.89475 5.19699,
	3.88699 5.20229,
	"/>
<Contour name="d01ax08b2ssvr" hidden="true" closed="true" simplified="false" border="0.5 0 1" fill="0.5 0 1" mode="9"
 points="3.93982 5.02397,
	3.93199 5.02129,
	3.93977 5.01864,
	3.93449 5.01064,
	3.94234 5.01598,
	3.94487 5.008,
	3.94754 5.01599,
	3.9553 5.01069,
	3.95017 5.01866,
	3.95801 5.02135,
	3.95023 5.024,
	3.95551 5.032,
	3.94765 5.02664,
	3.94514 5.03464,
	3.94245 5.02663,
	3.9347 5.03195,
	"/>
<Contour name="d01ax08b2ssvr" hidden="true" closed="true" simplified="false" border="0.5 0 1" fill="0.5 0 1" mode="9"
 points="3.94593 4.85618,
	3.9381 4.8535,
	3.94588 4.85086,
	3.9406 4.84285,
	3.94845 4.8482,
	3.95098 4.84022,
	3.95366 4.84821,
	3.96141 4.8429,
	3.95629 4.85088,
	3.96412 4.85356,
	3.95634 4.85621,
	3.96162 4.86421,
	3.95377 4.85887,
	3.95124 4.86685,
	3.94856 4.85885,
	3.94081 4.86416,
	"/>
<Contour name="d01ax08b2ssvr" hidden="true" closed="true" simplified="false" border="0.5 0 1" fill="0.5 0 1" mode="9"
 points="3.85207 4.83464,
	3.84424 4.83196,
	3.85201 4.82932,
	3.84673 4.82131,
	3.85459 4.82666,
	3.85711 4.81868,
	3.8598 4.82668,
	3.86754 4.82136,
	3.86242 4.82935,
	3.87026 4.83202,
	3.86247 4.83467,
	3.86776 4.84267,
	3.8599 4.83733,
	3.85738 4.84531,
	3.8547 4.83732,
	3.84695 4.84262,
	"/>
<Contour name="d01ax08b2ssvr" hidden="true" closed="true" simplified="false" border="0.5 0 1" fill="0.5 0 1" mode="9"
 points="3.85247 4.87459,
	3.84464 4.87192,
	3.85242 4.86927,
	3.84714 4.86127,
	3.85499 4.86661,
	3.85752 4.85863,
	3.8602 4.86663,
	3.86795 4.86132,
	3.86282 4.8693,
	3.87066 4.87198,
	3.86287 4.87462,
	3.86816 4.88263,
	3.86031 4.87728,
	3.85778 4.88527,
	3.8551 4.87727,
	3.84735 4.88258,
	"/>
<Contour name="d01ax08b2ssvr" hidden="true" closed="true" simplified="false" border="0.5 0 1" fill="0.5 0 1" mode="9"
 points="3.80823 4.87183,
	3.80039 4.86915,
	3.80817 4.8665,
	3.80288 4.8585,
	3.81074 4.86384,
	3.81326 4.85586,
	3.81595 4.86385,
	3.8237 4.85855,
	3.81858 4.86652,
	3.82641 4.86921,
	3.81863 4.87186,
	3.82391 4.87986,
	3.81605 4.87451,
	3.81353 4.8825,
	3.81085 4.87449,
	3.8031 4.87981,
	"/>
<Contour name="d01ax08b2ssvr" hidden="true" closed="true" simplified="false" border="0.5 0 1" fill="0.5 0 1" mode="9"
 points="3.90471 4.89604,
	3.89688 4.89335,
	3.90466 4.89071,
	3.89938 4.88271,
	3.90723 4.88805,
	3.90976 4.88007,
	3.91244 4.88806,
	3.92019 4.88276,
	3.91506 4.89073,
	3.9229 4.89342,
	3.91512 4.89606,
	3.9204 4.90407,
	3.91255 4.89871,
	3.91003 4.90671,
	3.90734 4.8987,
	3.89959 4.90401,
	"/>
<Contour name="d01ax08b2ssvr" hidden="true" closed="true" simplified="false" border="0.5 0 1" fill="0.5 0 1" mode="9"
 points="3.89217 4.94128,
	3.88433 4.9386,
	3.89211 4.93596,
	3.88683 4.92796,
	3.89468 4.9333,
	3.8972 4.92532,
	3.89989 4.93331,
	3.90764 4.92801,
	3.90252 4.93598,
	3.91035 4.93867,
	3.90257 4.94131,
	3.90785 4.94932,
	3.9 4.94396,
	3.89747 4.95195,
	3.89479 4.94395,
	3.88704 4.94927,
	"/>
<Contour name="d01ax08b2ssvr" hidden="true" closed="true" simplified="false" border="0.5 0 1" fill="0.5 0 1" mode="9"
 points="3.934 4.96269,
	3.92617 4.96001,
	3.93395 4.95737,
	3.92866 4.94937,
	3.93652 4.95471,
	3.93904 4.94673,
	3.94173 4.95472,
	3.94947 4.94942,
	3.94436 4.95739,
	3.95218 4.96008,
	3.94441 4.96271,
	3.94969 4.97073,
	3.94183 4.96537,
	3.93931 4.97336,
	3.93663 4.96536,
	3.92888 4.97067,
	"/>
<Contour name="d01ax08b2ssvr" hidden="true" closed="true" simplified="false" border="0.5 0 1" fill="0.5 0 1" mode="9"
 points="3.89005 4.98922,
	3.88222 4.98654,
	3.88999 4.98389,
	3.88471 4.97589,
	3.89257 4.98124,
	3.89508 4.97325,
	3.89777 4.98125,
	3.90552 4.97594,
	3.9004 4.98391,
	3.90823 4.9866,
	3.90045 4.98925,
	3.90573 4.99725,
	3.89788 4.99191,
	3.89535 4.99989,
	3.89268 4.99189,
	3.88492 4.9972,
	"/>
<Contour name="d01ax08b2ssvr" hidden="true" closed="true" simplified="false" border="0.5 0 1" fill="0.5 0 1" mode="9"
 points="3.84829 4.9758,
	3.84046 4.97312,
	3.84824 4.97048,
	3.84295 4.96247,
	3.85082 4.96782,
	3.85333 4.95984,
	3.85601 4.96783,
	3.86376 4.96252,
	3.85864 4.9705,
	3.86647 4.97318,
	3.8587 4.97583,
	3.86398 4.98383,
	3.85612 4.97849,
	3.8536 4.98647,
	3.85092 4.97847,
	3.84316 4.98378,
	"/>
<Contour name="d01ax08b2ssvr" hidden="true" closed="true" simplified="false" border="0.5 0 1" fill="0.5 0 1" mode="9"
 points="3.83735 4.9225,
	3.82952 4.91982,
	3.8373 4.91718,
	3.83201 4.90917,
	3.83987 4.91452,
	3.84239 4.90654,
	3.84507 4.91454,
	3.85282 4.90922,
	3.8477 4.91721,
	3.85553 4.91988,
	3.84775 4.92253,
	3.85303 4.93053,
	3.84518 4.92519,
	3.84265 4.93317,
	3.83998 4.92518,
	3.83222 4.93048,
	"/>
<Contour name="d01ax08b2ssvr" hidden="true" closed="true" simplified="false" border="0.5 0 1" fill="0.5 0 1" mode="9"
 points="3.84617 5.02374,
	3.83834 5.02106,
	3.84612 5.01841,
	3.84084 5.01041,
	3.84869 5.01575,
	3.85122 5.00777,
	3.85389 5.01576,
	3.86165 5.01046,
	3.85652 5.01844,
	3.86435 5.02112,
	3.85658 5.02377,
	3.86187 5.03177,
	3.854 5.02642,
	3.85149 5.03441,
	3.8488 5.0264,
	3.84105 5.03172,
	"/>
<Contour name="d01ax08b2ssvr" hidden="true" closed="true" simplified="false" border="0.5 0 1" fill="0.5 0 1" mode="9"
 points="3.83926 5.11162,
	3.83143 5.10894,
	3.8392 5.10629,
	3.83391 5.09829,
	3.84178 5.10363,
	3.84429 5.09565,
	3.84698 5.10364,
	3.85473 5.09834,
	3.84961 5.10631,
	3.85744 5.109,
	3.84966 5.11165,
	3.85494 5.11965,
	3.84708 5.1143,
	3.84456 5.12229,
	3.84189 5.11428,
	3.83413 5.1196,
	"/>
<Contour name="d01ax08b2ssvr" hidden="true" closed="true" simplified="false" border="0.5 0 1" fill="0.5 0 1" mode="9"
 points="3.87085 5.14898,
	3.86302 5.1463,
	3.8708 5.14366,
	3.86551 5.13565,
	3.87337 5.141,
	3.87589 5.13302,
	3.87857 5.14101,
	3.88632 5.1357,
	3.8812 5.14369,
	3.88903 5.14636,
	3.88125 5.14901,
	3.88653 5.15701,
	3.87868 5.15167,
	3.87615 5.15965,
	3.87348 5.15165,
	3.86572 5.15696,
	"/>
<Contour name="d01ax08b2ssvr" hidden="true" closed="true" simplified="false" border="0.5 0 1" fill="0.5 0 1" mode="9"
 points="3.81121 5.16748,
	3.80337 5.1648,
	3.81115 5.16216,
	3.80587 5.15416,
	3.81372 5.1595,
	3.81624 5.15151,
	3.81893 5.15951,
	3.82668 5.15421,
	3.82156 5.16218,
	3.82939 5.16487,
	3.82161 5.1675,
	3.82689 5.17551,
	3.81904 5.17016,
	3.81651 5.17814,
	3.81383 5.17015,
	3.80608 5.17546,
	"/>
<Contour name="d01ax08b2ssvr" hidden="true" closed="true" simplified="false" border="0.5 0 1" fill="0.5 0 1" mode="9"
 points="3.78822 5.21005,
	3.78039 5.20736,
	3.78817 5.20472,
	3.78288 5.19672,
	3.79074 5.20206,
	3.79326 5.19407,
	3.79594 5.20207,
	3.80369 5.19677,
	3.79858 5.20474,
	3.8064 5.20743,
	3.79863 5.21007,
	3.80391 5.21807,
	3.79605 5.21272,
	3.79353 5.22071,
	3.79084 5.21271,
	3.7831 5.21802,
	"/>
<Contour name="d01ax08b2ssvr" hidden="true" closed="true" simplified="false" border="0.5 0 1" fill="0.5 0 1" mode="9"
 points="3.75936 5.186,
	3.75153 5.18332,
	3.75931 5.18067,
	3.75403 5.17267,
	3.76188 5.17801,
	3.76441 5.17003,
	3.76709 5.17802,
	3.77484 5.17272,
	3.76971 5.1807,
	3.77755 5.18338,
	3.76976 5.18603,
	3.77505 5.19403,
	3.7672 5.18868,
	3.76467 5.19667,
	3.76199 5.18867,
	3.75424 5.19398,
	"/>
<Contour name="d01ax08b2ssvr" hidden="true" closed="true" simplified="false" border="0.5 0 1" fill="0.5 0 1" mode="9"
 points="3.73099 5.20991,
	3.72316 5.20722,
	3.73093 5.20458,
	3.72566 5.19658,
	3.73351 5.20192,
	3.73604 5.19394,
	3.73871 5.20193,
	3.74647 5.19663,
	3.74134 5.2046,
	3.74917 5.20729,
	3.74139 5.20993,
	3.74668 5.21793,
	3.73882 5.21258,
	3.7363 5.22058,
	3.73362 5.21257,
	3.72587 5.21788,
	"/>
<Contour name="d01ax08b2ssvr" hidden="true" closed="true" simplified="false" border="0.5 0 1" fill="0.5 0 1" mode="9"
 points="3.65563 5.21771,
	3.6478 5.21503,
	3.65557 5.21238,
	3.6503 5.20438,
	3.65815 5.20973,
	3.66067 5.20174,
	3.66336 5.20974,
	3.67111 5.20443,
	3.66598 5.21241,
	3.67382 5.21509,
	3.66603 5.21774,
	3.67132 5.22574,
	3.66347 5.2204,
	3.66094 5.22838,
	3.65826 5.22039,
	3.65051 5.22569,
	"/>
<Contour name="d01ax08b2ssvr" hidden="true" closed="true" simplified="false" border="0.5 0 1" fill="0.5 0 1" mode="9"
 points="3.60843 5.18031,
	3.60059 5.17762,
	3.60838 5.17498,
	3.60309 5.16697,
	3.61095 5.17232,
	3.61347 5.16434,
	3.61615 5.17234,
	3.6239 5.16702,
	3.61878 5.17501,
	3.62661 5.17768,
	3.61884 5.18033,
	3.62412 5.18833,
	3.61626 5.18299,
	3.61374 5.19097,
	3.61105 5.18298,
	3.6033 5.18828,
	"/>
<Contour name="d01ax08b2ssvr" hidden="true" closed="true" simplified="false" border="0.5 0 1" fill="0.5 0 1" mode="9"
 points="3.5609 5.11095,
	3.55308 5.10826,
	3.56085 5.10561,
	3.55557 5.09761,
	3.56343 5.10295,
	3.56595 5.09497,
	3.56863 5.10297,
	3.57638 5.09766,
	3.57126 5.10564,
	3.57908 5.10832,
	3.57131 5.11097,
	3.5766 5.11897,
	3.56873 5.11362,
	3.56622 5.12161,
	3.56353 5.11361,
	3.55579 5.11892,
	"/>
<Contour name="d01ax08b2ssvr" hidden="true" closed="true" simplified="false" border="0.5 0 1" fill="0.5 0 1" mode="9"
 points="3.55002 5.06297,
	3.54219 5.06029,
	3.54996 5.05765,
	3.54468 5.04964,
	3.55254 5.05499,
	3.55506 5.04701,
	3.55774 5.055,
	3.56549 5.04969,
	3.56037 5.05767,
	3.5682 5.06035,
	3.56042 5.063,
	3.56571 5.071,
	3.55784 5.06566,
	3.55533 5.07364,
	3.55265 5.06564,
	3.5449 5.07095,
	"/>
<Contour name="d01ax08b2ssvr" hidden="true" closed="true" simplified="false" border="0.5 0 1" fill="0.5 0 1" mode="9"
 points="3.54967 5.02834,
	3.54184 5.02566,
	3.54961 5.02302,
	3.54433 5.01501,
	3.55219 5.02036,
	3.55471 5.01238,
	3.55739 5.02037,
	3.56514 5.01506,
	3.56002 5.02305,
	3.56785 5.02572,
	3.56007 5.02837,
	3.56536 5.03637,
	3.55749 5.03103,
	3.55498 5.03901,
	3.5523 5.03102,
	3.54455 5.03632,
	"/>
<Contour name="d01ax08b2ssvr" hidden="true" closed="true" simplified="false" border="0.5 0 1" fill="0.5 0 1" mode="9"
 points="3.51558 5.00163,
	3.50775 4.99895,
	3.51552 4.9963,
	3.51025 4.9883,
	3.5181 4.99364,
	3.52062 4.98566,
	3.52331 4.99365,
	3.53106 4.98835,
	3.52593 4.99632,
	3.53377 4.99901,
	3.52598 5.00166,
	3.53127 5.00966,
	3.52342 5.00431,
	3.52089 5.0123,
	3.51821 5.00429,
	3.51046 5.00961,
	"/>
<Contour name="d01ax08b2ssvr" hidden="true" closed="true" simplified="false" border="0.5 0 1" fill="0.5 0 1" mode="9"
 points="3.46586 4.9722,
	3.45803 4.96953,
	3.4658 4.96688,
	3.46052 4.95888,
	3.46838 4.96422,
	3.47091 4.95624,
	3.47358 4.96424,
	3.48134 4.95893,
	3.47621 4.96691,
	3.48404 4.96959,
	3.47626 4.97223,
	3.48155 4.98024,
	3.47369 4.97489,
	3.47117 4.98287,
	3.46849 4.97488,
	3.46073 4.98019,
	"/>
<Contour name="d01ax08b2ssvr" hidden="true" closed="true" simplified="false" border="0.5 0 1" fill="0.5 0 1" mode="9"
 points="3.4731 4.9163,
	3.46527 4.91361,
	3.47304 4.91097,
	3.46776 4.90296,
	3.47562 4.90831,
	3.47814 4.90032,
	3.48083 4.90832,
	3.48857 4.90302,
	3.48345 4.91099,
	3.49129 4.91368,
	3.4835 4.91632,
	3.48879 4.92432,
	3.48093 4.91897,
	3.47841 4.92696,
	3.47573 4.91896,
	3.46798 4.92427,
	"/>
<Contour name="d01ax08b2ssvr" hidden="true" closed="true" simplified="false" border="0.5 0 1" fill="0.5 0 1" mode="9"
 points="3.45671 4.83902,
	3.44888 4.83633,
	3.45666 4.83368,
	3.45137 4.82568,
	3.45923 4.83102,
	3.46175 4.82304,
	3.46443 4.83104,
	3.47218 4.82573,
	3.46707 4.83371,
	3.47489 4.83639,
	3.46712 4.83904,
	3.4724 4.84704,
	3.46454 4.84169,
	3.46202 4.84968,
	3.45933 4.84168,
	3.45159 4.84699,
	"/>
<Contour name="d01ax08b2ssvr" hidden="true" closed="true" simplified="false" border="0.5 0 1" fill="0.5 0 1" mode="9"
 points="3.50086 4.83112,
	3.49302 4.82845,
	3.5008 4.8258,
	3.49552 4.8178,
	3.50337 4.82314,
	3.5059 4.81516,
	3.50858 4.82316,
	3.51633 4.81785,
	3.51121 4.82583,
	3.51904 4.82851,
	3.51126 4.83115,
	3.51654 4.83916,
	3.50869 4.83381,
	3.50616 4.84179,
	3.50348 4.8338,
	3.49573 4.83911,
	"/>
<Contour name="d01ax08b2ssvr" hidden="true" closed="true" simplified="false" border="0.5 0 1" fill="0.5 0 1" mode="9"
 points="3.5451 4.8339,
	3.53727 4.83121,
	3.54505 4.82858,
	3.53977 4.82057,
	3.54762 4.82592,
	3.55015 4.81793,
	3.55283 4.82593,
	3.56058 4.82062,
	3.55545 4.8286,
	3.56329 4.83128,
	3.55551 4.83392,
	3.56079 4.84192,
	3.55294 4.83658,
	3.55042 4.84456,
	3.54773 4.83657,
	3.53998 4.84187,
	"/>
<Contour name="d01ax08b2ssvr" hidden="true" closed="true" simplified="false" border="0.5 0 1" fill="0.5 0 1" mode="9"
 points="3.51442 4.88709,
	3.50659 4.88442,
	3.51437 4.88177,
	3.50909 4.87376,
	3.51695 4.87911,
	3.51947 4.87113,
	3.52215 4.87912,
	3.5299 4.87381,
	3.52477 4.8818,
	3.53261 4.88448,
	3.52483 4.88712,
	3.53012 4.89513,
	3.52226 4.88978,
	3.51974 4.89776,
	3.51705 4.88976,
	3.5093 4.89508,
	"/>
<Contour name="d01ax08b2ssvr" hidden="true" closed="true" simplified="false" border="0.5 0 1" fill="0.5 0 1" mode="9"
 points="3.53561 4.92444,
	3.52778 4.92175,
	3.53556 4.91911,
	3.53028 4.9111,
	3.53813 4.91646,
	3.54066 4.90846,
	3.54334 4.91647,
	3.55109 4.91116,
	3.54596 4.91913,
	3.5538 4.92182,
	3.54601 4.92446,
	3.5513 4.93246,
	3.54345 4.92712,
	3.54092 4.9351,
	3.53824 4.92711,
	3.53049 4.93241,
	"/>
<Contour name="d01ax08b2ssvr" hidden="true" closed="true" simplified="false" border="0.5 0 1" fill="0.5 0 1" mode="9"
 points="3.5177 4.95369,
	3.50987 4.951,
	3.51764 4.94837,
	3.51237 4.94036,
	3.52022 4.94571,
	3.52274 4.93773,
	3.52542 4.94572,
	3.53318 4.94041,
	3.52805 4.94839,
	3.53588 4.95107,
	3.5281 4.95371,
	3.53339 4.96171,
	3.52553 4.95637,
	3.52301 4.96436,
	3.52033 4.95636,
	3.51258 4.96166,
	"/>
<Contour name="d01ax08b2ssvr" hidden="true" closed="true" simplified="false" border="0.5 0 1" fill="0.5 0 1" mode="9"
 points="3.5801 4.95117,
	3.57227 4.9485,
	3.58005 4.94585,
	3.57477 4.93785,
	3.58263 4.94319,
	3.58515 4.93521,
	3.58782 4.94321,
	3.59558 4.9379,
	3.59045 4.94588,
	3.59828 4.94856,
	3.59051 4.9512,
	3.5958 4.95921,
	3.58793 4.95386,
	3.58542 4.96184,
	3.58273 4.95385,
	3.57499 4.95916,
	"/>
<Contour name="d01ax08b2ssvr" hidden="true" closed="true" simplified="false" border="0.5 0 1" fill="0.5 0 1" mode="9"
 points="3.61143 4.9619,
	3.6036 4.95923,
	3.61137 4.95658,
	3.60609 4.94858,
	3.61395 4.95392,
	3.61647 4.94594,
	3.61915 4.95394,
	3.62691 4.94863,
	3.62178 4.95661,
	3.62961 4.95929,
	3.62183 4.96193,
	3.62712 4.96994,
	3.61926 4.96459,
	3.61674 4.97257,
	3.61406 4.96458,
	3.60631 4.96989,
	"/>
<Contour name="d01ax08b2ssvr" hidden="true" closed="true" simplified="false" border="0.5 0 1" fill="0.5 0 1" mode="9"
 points="3.60142 5.00184,
	3.5936 4.99915,
	3.60137 4.99651,
	3.59609 4.98851,
	3.60395 4.99385,
	3.60647 4.98587,
	3.60915 4.99386,
	3.6169 4.98856,
	3.61178 4.99653,
	3.6196 4.99922,
	3.61183 5.00187,
	3.61712 5.00987,
	3.60925 5.00451,
	3.60674 5.01251,
	3.60406 5.0045,
	3.59631 5.00982,
	"/>
<Contour name="d01ax08b2ssvr" hidden="true" closed="true" simplified="false" border="0.5 0 1" fill="0.5 0 1" mode="9"
 points="3.60454 5.05245,
	3.59671 5.04977,
	3.60449 5.04713,
	3.5992 5.03912,
	3.60706 5.04447,
	3.60958 5.03648,
	3.61226 5.04448,
	3.62001 5.03917,
	3.61489 5.04715,
	3.62272 5.04983,
	3.61494 5.05248,
	3.62022 5.06048,
	3.61237 5.05514,
	3.60984 5.06312,
	3.60717 5.05512,
	3.59941 5.06043,
	"/>
<Contour name="d01ax08b2ssvr" hidden="true" closed="true" simplified="false" border="0.5 0 1" fill="0.5 0 1" mode="9"
 points="3.64949 5.12447,
	3.64166 5.1218,
	3.64944 5.11915,
	3.64415 5.11115,
	3.65201 5.11649,
	3.65453 5.10851,
	3.65721 5.1165,
	3.66496 5.1112,
	3.65984 5.11917,
	3.66767 5.12186,
	3.65989 5.1245,
	3.66517 5.13251,
	3.65732 5.12716,
	3.65479 5.13514,
	3.65212 5.12714,
	3.64436 5.13246,
	"/>
<Contour name="d01ax08b2ssvr" hidden="true" closed="true" simplified="false" border="0.5 0 1" fill="0.5 0 1" mode="9"
 points="3.65933 5.06857,
	3.6515 5.06588,
	3.65928 5.06324,
	3.65399 5.05524,
	3.66185 5.06058,
	3.66437 5.0526,
	3.66705 5.06059,
	3.6748 5.05529,
	3.66968 5.06326,
	3.67751 5.06595,
	3.66974 5.06859,
	3.67501 5.0766,
	3.66716 5.07124,
	3.66464 5.07924,
	3.66196 5.07123,
	3.6542 5.07654,
	"/>
<Contour name="d01ax08b2ssvr" hidden="true" closed="true" simplified="false" border="0.5 0 1" fill="0.5 0 1" mode="9"
 points="3.68363 5.15651,
	3.67579 5.15384,
	3.68358 5.15119,
	3.67829 5.14319,
	3.68615 5.14853,
	3.68867 5.14055,
	3.69135 5.14855,
	3.6991 5.14324,
	3.69398 5.15122,
	3.70181 5.1539,
	3.69404 5.15654,
	3.69932 5.16455,
	3.69146 5.1592,
	3.68894 5.16718,
	3.68625 5.15919,
	3.6785 5.1645,
	"/>
<Contour name="d01ax08b2ssvr" hidden="true" closed="true" simplified="false" border="0.5 0 1" fill="0.5 0 1" mode="9"
 points="3.71402 5.07402,
	3.70618 5.07134,
	3.71396 5.0687,
	3.70867 5.06069,
	3.71653 5.06604,
	3.71905 5.05806,
	3.72174 5.06605,
	3.72948 5.06074,
	3.72437 5.06873,
	3.7322 5.0714,
	3.72442 5.07405,
	3.7297 5.08205,
	3.72184 5.07671,
	3.71932 5.08469,
	3.71664 5.0767,
	3.70889 5.082,
	"/>
<Contour name="d01ax08b2ssvr" hidden="true" closed="true" simplified="false" border="0.5 0 1" fill="0.5 0 1" mode="9"
 points="3.73297 5.14865,
	3.72515 5.14596,
	3.73292 5.14332,
	3.72763 5.13531,
	3.7355 5.14066,
	3.73801 5.13268,
	3.7407 5.14068,
	3.74844 5.13536,
	3.74333 5.14335,
	3.75115 5.14602,
	3.74338 5.14867,
	3.74866 5.15667,
	3.7408 5.15133,
	3.73828 5.15931,
	3.73561 5.15132,
	3.72785 5.15662,
	"/>
<Contour name="d01ax08b2ssvr" hidden="true" closed="true" simplified="false" border="0.5 0 1" fill="0.5 0 1" mode="9"
 points="3.75322 5.09276,
	3.74539 5.09009,
	3.75317 5.08744,
	3.74788 5.07944,
	3.75574 5.08478,
	3.75826 5.0768,
	3.76094 5.08479,
	3.76869 5.07949,
	3.76357 5.08746,
	3.7714 5.09015,
	3.76363 5.09279,
	3.76891 5.1008,
	3.76105 5.09545,
	3.75853 5.10343,
	3.75585 5.09543,
	3.74809 5.10075,
	"/>
<Contour name="d01ax08b2ssvr" hidden="true" closed="true" simplified="false" border="0.5 0 1" fill="0.5 0 1" mode="9"
 points="3.74225 5.0368,
	3.73442 5.03412,
	3.7422 5.03148,
	3.73691 5.02348,
	3.74477 5.02882,
	3.74729 5.02084,
	3.74997 5.02883,
	3.75772 5.02353,
	3.7526 5.0315,
	3.76043 5.03419,
	3.75266 5.03682,
	3.75794 5.04484,
	3.75008 5.03948,
	3.74756 5.04748,
	3.74488 5.03947,
	3.73712 5.04478,
	"/>
<Contour name="d01ax08b2ssvr" hidden="true" closed="true" simplified="false" border="0.5 0 1" fill="0.5 0 1" mode="9"
 points="3.69264 5.01804,
	3.6848 5.01535,
	3.69259 5.01272,
	3.6873 5.0047,
	3.69515 5.01006,
	3.69768 5.00207,
	3.70036 5.01007,
	3.70811 5.00475,
	3.70299 5.01274,
	3.71082 5.01542,
	3.70305 5.01806,
	3.70832 5.02606,
	3.70047 5.02072,
	3.69795 5.0287,
	3.69526 5.02071,
	3.68751 5.02601,
	"/>
<Contour name="d01ax08b2ssvr" hidden="true" closed="true" simplified="false" border="0.5 0 1" fill="0.5 0 1" mode="9"
 points="3.69744 4.9781,
	3.68961 4.97541,
	3.69738 4.97277,
	3.6921 4.96477,
	3.69996 4.97012,
	3.70248 4.96213,
	3.70516 4.97013,
	3.71291 4.96482,
	3.70779 4.97279,
	3.71562 4.97548,
	3.70784 4.97812,
	3.71313 4.98613,
	3.70526 4.98078,
	3.70275 4.98877,
	3.70007 4.98077,
	3.69232 4.98607,
	"/>
<Contour name="d01ax08b2ssvr" hidden="true" closed="true" simplified="false" border="0.5 0 1" fill="0.5 0 1" mode="9"
 points="3.68899 4.91416,
	3.68116 4.91147,
	3.68894 4.90882,
	3.68365 4.90082,
	3.69151 4.90617,
	3.69403 4.89818,
	3.69671 4.90619,
	3.70446 4.90087,
	3.69934 4.90885,
	3.70717 4.91153,
	3.69939 4.91418,
	3.70467 4.92218,
	3.69682 4.91684,
	3.69429 4.92482,
	3.69162 4.91683,
	3.68386 4.92213,
	"/>
<Contour name="d01ax08b2ssvr" hidden="true" closed="true" simplified="false" border="0.5 0 1" fill="0.5 0 1" mode="9"
 points="3.73863 4.93558,
	3.7308 4.9329,
	3.73857 4.93025,
	3.7333 4.92225,
	3.74115 4.9276,
	3.74367 4.91961,
	3.74635 4.92762,
	3.75411 4.9223,
	3.74898 4.93028,
	3.75681 4.93296,
	3.74903 4.93561,
	3.75432 4.94361,
	3.74646 4.93827,
	3.74394 4.94625,
	3.74126 4.93826,
	3.73351 4.94356,
	"/>
<Contour name="d01ax08b2ssvr" hidden="true" closed="true" simplified="false" border="0.5 0 1" fill="0.5 0 1" mode="9"
 points="3.66121 4.99665,
	3.65337 4.99397,
	3.66116 4.99133,
	3.65587 4.98332,
	3.66372 4.98867,
	3.66625 4.98069,
	3.66893 4.98868,
	3.67668 4.98337,
	3.67156 4.99136,
	3.67939 4.99403,
	3.67161 4.99668,
	3.67689 5.00468,
	3.66904 4.99934,
	3.66651 5.00732,
	3.66383 4.99933,
	3.65608 5.00463,
	"/>
<Contour name="d01ax08b2ssvr" hidden="true" closed="true" simplified="false" border="0.5 0 1" fill="0.5 0 1" mode="9"
 points="3.58734 4.89527,
	3.57951 4.89258,
	3.58729 4.88994,
	3.58201 4.88193,
	3.58986 4.88728,
	3.59239 4.87929,
	3.59507 4.88729,
	3.60282 4.88199,
	3.59769 4.88996,
	3.60553 4.89265,
	3.59775 4.89529,
	3.60303 4.90329,
	3.59518 4.89794,
	3.59266 4.90593,
	3.58997 4.89793,
	3.58222 4.90324,
	"/>
<Contour name="d01ax08b2ssvr" hidden="true" closed="true" simplified="false" border="0.5 0 1" fill="0.5 0 1" mode="9"
 points="3.77194 5.14342,
	3.76411 5.14073,
	3.77188 5.13809,
	3.76661 5.13009,
	3.77446 5.13543,
	3.77699 5.12745,
	3.77966 5.13544,
	3.78742 5.13014,
	3.78229 5.13811,
	3.79012 5.1408,
	3.78234 5.14344,
	3.78763 5.15145,
	3.77977 5.14609,
	3.77725 5.15409,
	3.77457 5.14608,
	3.76682 5.15139,
	"/>
<Contour name="d01ax08b2ssvd" hidden="true" closed="true" simplified="false" border="1 0.5 0" fill="1 0.5 0" mode="-9"
 points="4.01652 5.14934,
	4.01647 5.14401,
	4.02162 5.13869,
	4.02682 5.13871,
	4.03208 5.14405,
	4.03214 5.14937,
	4.02698 5.15469,
	4.02179 5.15468,
	"/>
<Contour name="d01ax08b2ssvd" hidden="true" closed="true" simplified="false" border="1 0.5 0" fill="1 0.5 0" mode="-9"
 points="4.02071 5.04814,
	4.02066 5.04281,
	4.0258 5.03749,
	4.03101 5.0375,
	4.03626 5.04285,
	4.03631 5.04818,
	4.03117 5.05349,
	4.02596 5.05347,
	"/>
<Contour name="d01ax08b2ssvd" hidden="true" closed="true" simplified="false" border="1 0.5 0" fill="1 0.5 0" mode="-9"
 points="4.03779 4.93631,
	4.03774 4.93098,
	4.04288 4.92567,
	4.04809 4.92568,
	4.05334 4.93102,
	4.05339 4.93635,
	4.04825 4.94166,
	4.04304 4.94165,
	"/>
<Contour name="d01ax08b2ssvd" hidden="true" closed="true" simplified="false" border="1 0.5 0" fill="1 0.5 0" mode="-9"
 points="4.02148 4.86702,
	4.02142 4.8617,
	4.02658 4.85638,
	4.03178 4.85639,
	4.03704 4.86173,
	4.03709 4.86706,
	4.03194 4.87238,
	4.02674 4.87236,
	"/>
<Contour name="d01ax08b2ssvd" hidden="true" closed="true" simplified="false" border="1 0.5 0" fill="1 0.5 0" mode="-9"
 points="3.97163 4.82428,
	3.97157 4.81896,
	3.97673 4.81364,
	3.98192 4.81365,
	3.98719 4.819,
	3.98724 4.82432,
	3.98208 4.82964,
	3.97689 4.82963,
	"/>
<Contour name="d01ax08b2cfa01" hidden="true" closed="false" simplified="false" border="0 1 1" fill="0 1 1" mode="-9"
 points="4.04956 5.22877,
	4.07074 5.17125,
	4.09885 5.08032,
	4.11241 4.98751,
	4.09377 4.93732,
	4.08585 4.87045,
	4.08134 4.78315,
	4.04249 4.70692,
	"/>
<Contour name="d01ax08b2c01" hidden="true" closed="true" simplified="true" border="0 1 0" fill="0 1 0" mode="-9"
 points="4.03039 4.7231,
	4.03577 4.71568,
	4.03924 4.70084,
	4.04285 4.69899,
	4.07198 4.7102,
	4.07925 4.71208,
	4.08846 4.7251,
	4.10719 4.78457,
	4.11459 4.79945,
	4.11127 4.82915,
	4.11731 4.88859,
	4.11746 4.90345,
	4.12305 4.91832,
	4.13272 4.97776,
	4.13483 5.00748,
	4.12333 5.12631,
	4.10761 5.18569,
	4.08977 5.21536,
	4.07721 5.22833,
	4.06275 5.23387,
	4.0482 5.23012,
	4.0409 5.22453,
	4.03719 5.21709,
	4.03711 5.20966,
	4.04422 5.19482,
	4.04959 5.18741,
	4.05125 5.17255,
	4.05121 5.16884,
	4.05658 5.16143,
	4.05832 5.154,
	4.05829 5.15029,
	4.06365 5.14287,
	4.0706 5.11318,
	4.08119 5.08349,
	4.08647 5.06864,
	4.08799 5.03894,
	4.08225 5.00921,
	4.07666 4.99434,
	4.07455 4.96462,
	4.07802 4.94977,
	4.06835 4.89033,
	4.06231 4.83089,
	4.05658 4.80116,
	4.0472 4.77142,
	4.0342 4.74168,
	4.03043 4.72682,
	4.03041 4.72496,
	"/>
<Contour name="d01SER" hidden="false" closed="true" simplified="true" border="0 1 0" fill="0 1 0" mode="-9"
 points="4.6686 4.07091,
	4.68011 4.06204,
	4.69169 4.05909,
	4.70332 4.0621,
	4.71213 4.07399,
	4.71817 4.09775,
	4.71829 4.10963,
	4.71261 4.12149,
	4.69223 4.11253,
	4.67172 4.0917,
	4.66869 4.07982,
	4.66863 4.07388,
	"/>
<Contour name="d01SER" hidden="false" closed="true" simplified="true" border="0 1 0" fill="0 1 0" mode="-9"
 points="4.68117 4.4539,
	4.70679 4.40646,
	4.70673 4.40052,
	4.7153 4.38867,
	4.72377 4.36494,
	4.74678 4.34719,
	4.75255 4.34424,
	4.76424 4.35317,
	4.76157 4.37691,
	4.74465 4.42436,
	4.7391 4.44811,
	4.73921 4.45998,
	4.72493 4.48072,
	4.71343 4.4896,
	4.70183 4.48958,
	4.69017 4.48361,
	4.68135 4.47171,
	4.68123 4.45984,
	4.6812 4.45687,
	"/>
<Contour name="d01SER" hidden="false" closed="true" simplified="true" border="0 1 0" fill="0 1 0" mode="-9"
 points="4.66757 4.54293,
	4.70784 4.51036,
	4.72831 4.52823,
	4.72553 4.5401,
	4.70255 4.56082,
	4.69101 4.56673,
	4.66778 4.56371,
	4.66766 4.55184,
	4.6676 4.5459,
	"/>
<Contour name="d01SER" hidden="false" closed="true" simplified="true" border="0 1 0" fill="0 1 0" mode="-9"
 points="4.32803 4.51241,
	4.3512 4.5095,
	4.36289 4.51844,
	4.38617 4.52739,
	4.39783 4.53337,
	4.40943 4.5334,
	4.45603 4.55429,
	4.47929 4.56028,
	4.50248 4.56033,
	4.52269 4.55148,
	4.52846 4.54852,
	4.5255 4.54258,
	4.52834 4.53665,
	4.54 4.54262,
	4.54301 4.5545,
	4.53453 4.57526,
	4.51435 4.58709,
	4.50281 4.59299,
	4.47962 4.59294,
	4.45636 4.58694,
	4.43326 4.59579,
	4.42172 4.6017,
	4.37523 4.59268,
	4.34289 4.54807,
	4.32818 4.52725,
	4.32806 4.51538,
	"/>
<Contour name="d01SER" hidden="false" closed="true" simplified="true" border="0 1 0" fill="0 1 0" mode="-9"
 points="4.27838 4.18871,
	4.28415 4.18575,
	4.3074 4.19175,
	4.34838 4.23044,
	4.34561 4.24231,
	4.32244 4.24522,
	4.29915 4.23626,
	4.28743 4.22436,
	4.28158 4.21841,
	4.27844 4.19465,
	4.27841 4.19168,
	"/>
</Transform>

</Section>