<?xml version="1.0"?>
<!DOCTYPE Section SYSTEM "section.dtd">

<Section index="199" thickness="0.048" alignLocked="true">
<Transform dim="6"
 xcoef=" 1.0180224130492 0.779096075991184 -0.0564324121247267 0 0 0"
 ycoef=" 4.71658330970905 -0.0687043389089136 0.774464605481183 0 0 0">
<Image mag="0.00220626" contrast="1" brightness="0" red="true" green="true" blue="true"
 src="FPNCT.199.jpg" />
<Contour name="domain1" hidden="false" closed="true" simplified="false" border="1 0 1" fill="1 0 1" mode="11"
 points="0 0,
	4096 0,
	4096 4096,
	0 4096,
	"/>
</Transform>

<Transform dim="6"
 xcoef=" 1.56937360757469 0.846455232617974 -0.0428213084407764 0 0 0"
 ycoef=" 0.098453598304773 -0.00489535937066404 0.953821325970165 0 0 0">
<Contour name="D06" hidden="true" closed="true" simplified="true" border="0 0 1" fill="0 0 1" mode="9"
 points="4.73932 3.53792,
	4.74309 3.4954,
	4.75428 3.45442,
	4.77247 3.41645,
	4.79702 3.38288,
	4.82702 3.3549,
	4.86141 3.33355,
	4.89893 3.31957,
	4.93824 3.3135,
	4.9779 3.31553,
	5.01649 3.3256,
	5.0526 3.34334,
	5.08495 3.36812,
	5.11235 3.39903,
	5.13382 3.43497,
	5.14857 3.47462,
	5.15609 3.51657,
	5.15609 3.55928,
	5.14857 3.60122,
	5.13382 3.64088,
	5.11235 3.67681,
	5.08495 3.70773,
	5.0526 3.7325,
	5.01649 3.75025,
	4.9779 3.76032,
	4.93824 3.76235,
	4.89893 3.75627,
	4.86141 3.7423,
	4.82702 3.72094,
	4.79702 3.69297,
	4.77247 3.6594,
	4.75428 3.62143,
	"/>
</Transform>

<Transform dim="6"
 xcoef=" 1.56937360757469 0.846455232617974 -0.0428213084407764 0 0 0"
 ycoef=" 0.098453598304773 -0.00489535937066404 0.953821325970165 0 0 0">
<Contour name="d01c30" hidden="false" closed="true" simplified="true" border="1 0 0" fill="0 1 0" mode="9"
 points="6.13796 0.292959,
	6.17103 0.259883,
	6.18048 0.250432,
	6.19938 0.255158,
	6.23246 0.283508,
	6.26554 0.359111,
	6.27026 0.378011,
	6.33169 0.453613,
	6.33641 0.491415,
	6.30334 0.524491,
	6.26554 0.524491,
	6.22773 0.510315,
	6.20883 0.491415,
	6.18521 0.453613,
	6.17103 0.415812,
	6.16631 0.396912,
	6.14268 0.359111,
	6.13796 0.32131,
	6.13796 0.302409,
	6.13796 0.297684,
	"/>
<Contour name="d01cfa30" hidden="false" closed="false" simplified="false" border="0 1 1" fill="0 1 1" mode="9"
 points="6.31503 0.512168,
	6.26778 0.469642,
	6.20635 0.422391,
	6.18745 0.342063,
	6.16855 0.257011,
	"/>
</Transform>

<Transform dim="6"
 xcoef=" 1.56937360757469 0.846455232617974 -0.0428213084407764 0 0 0"
 ycoef=" 0.098453598304773 -0.00489535937066404 0.953821325970165 0 0 0">
<Contour name="D14" hidden="true" closed="true" simplified="true" border="1 0 0.5" fill="1 0 0.5" mode="9"
 points="2.33012 -1.82635,
	2.34 -1.9101,
	2.36866 -1.98564,
	2.41331 -2.0456,
	2.46957 -2.08409,
	2.53193 -2.09735,
	2.59429 -2.08409,
	2.65055 -2.0456,
	2.6952 -1.98564,
	2.72386 -1.9101,
	2.73374 -1.82635,
	2.72386 -1.74261,
	2.6952 -1.66706,
	2.65055 -1.60711,
	2.59429 -1.56862,
	2.53193 -1.55535,
	2.46957 -1.56862,
	2.41331 -1.60711,
	2.36866 -1.66706,
	"/>
<Contour name="D13" hidden="true" closed="true" simplified="true" border="0.5 0 1" fill="0.5 0 1" mode="9"
 points="2.02438 0.30344,
	2.03248 0.22517,
	2.05636 0.15083,
	2.09483 0.08414,
	2.14596 0.02845,
	2.20718 -0.013455,
	2.27543 -0.039468,
	2.34728 -0.048287,
	2.41913 -0.039468,
	2.48737 -0.013455,
	2.5486 0.02845,
	2.59972 0.08414,
	2.63819 0.15083,
	2.66207 0.22517,
	2.67017 0.30344,
	2.66207 0.3817,
	2.63819 0.45604,
	2.59972 0.52273,
	2.5486 0.57842,
	2.48737 0.62033,
	2.41913 0.64634,
	2.34728 0.65516,
	2.27543 0.64634,
	2.20718 0.62033,
	2.14596 0.57842,
	2.09483 0.52273,
	2.05636 0.45604,
	"/>
</Transform>

<Transform dim="6"
 xcoef=" 1.56937360757469 0.846455232617974 -0.0428213084407764 0 0 0"
 ycoef=" 0.098453598304773 -0.00489535937066404 0.953821325970165 0 0 0">
<Contour name="D18" hidden="true" closed="true" simplified="true" border="1 0 1" fill="1 0 1" mode="9"
 points="6.56729 -1.98046,
	6.57803 -2.06204,
	6.60947 -2.13757,
	6.65928 -2.20144,
	6.72375 -2.24893,
	6.79811 -2.27651,
	6.87684 -2.28213,
	6.9541 -2.26537,
	7.02417 -2.22749,
	7.08185 -2.17128,
	7.12285 -2.10092,
	7.14414 -2.02163,
	7.14414 -1.93928,
	7.12285 -1.85999,
	7.08185 -1.78963,
	7.02417 -1.73343,
	6.9541 -1.69554,
	6.87684 -1.67879,
	6.79811 -1.68441,
	6.72375 -1.71198,
	6.65928 -1.75947,
	6.60947 -1.82335,
	6.57803 -1.89888,
	"/>
</Transform>

<Transform dim="6"
 xcoef=" 2.08937360757469 0.846455232617974 -0.0428213084407764 0 0 0"
 ycoef=" 1.62845359830478 -0.00489535937066404 0.953821325970165 0 0 0">
<Contour name="D17" hidden="true" closed="true" simplified="true" border="0 0 1" fill="0 0 1" mode="-13"
 points="5.33474 -1.48592,
	5.34525 -1.56732,
	5.37589 -1.64181,
	5.42407 -1.70309,
	5.4857 -1.74595,
	5.55555 -1.76676,
	5.62771 -1.76375,
	5.69604 -1.73719,
	5.75476 -1.68932,
	5.79888 -1.6242,
	5.82468 -1.54735,
	5.82995 -1.4653,
	5.81425 -1.38499,
	5.77891 -1.31325,
	5.72693 -1.25614,
	5.66273 -1.21853,
	5.59173 -1.20358,
	5.51996 -1.21258,
	5.45351 -1.24476,
	5.39802 -1.29739,
	5.35818 -1.366,
	"/>
</Transform>

<Transform dim="6"
 xcoef=" 1.56937360757469 0.846455232617974 -0.0428213084407764 0 0 0"
 ycoef=" 0.098453598304773 -0.00489535937066404 0.953821325970165 0 0 0">
<Contour name="d14" hidden="true" closed="true" simplified="true" border="1 0 1" fill="1 0 1" mode="-11"
 points="4.62223 -1.51377,
	4.64247 -1.63148,
	4.6535 -1.69034,
	4.66638 -1.71977,
	4.68293 -1.74736,
	4.69765 -1.74001,
	4.705 -1.71058,
	4.71604 -1.68115,
	4.71972 -1.66643,
	4.705 -1.54872,
	4.70133 -1.51929,
	4.74179 -1.28385,
	4.74547 -1.25442,
	4.75099 -1.23971,
	4.82088 -1.12199,
	4.85951 -1.06313,
	4.8687 -1.04842,
	4.87238 -1.01899,
	4.87422 -1.00427,
	4.85951 -0.991398,
	4.85215 -0.98588,
	4.83744 -0.993238,
	4.80249 -1.0521,
	4.77306 -1.06497,
	4.75834 -1.07233,
	4.75467 -1.07417,
	4.74179 -1.13303,
	4.7234 -1.19189,
	4.71604 -1.22131,
	4.71236 -1.23603,
	4.67925 -1.29489,
	4.66086 -1.32432,
	4.6535 -1.33903,
	4.64798 -1.34639,
	4.62959 -1.46411,
	4.62407 -1.49354,
	4.62223 -1.50825,
	4.62223 -1.51193,
	"/>
<Contour name="d14" hidden="true" closed="true" simplified="true" border="1 0 1" fill="1 0 1" mode="-11"
 points="4.18815 -0.651122,
	4.20471 -0.76884,
	4.21758 -0.886557,
	4.22126 -0.945415,
	4.22126 -0.952772,
	4.22126 -0.956451,
	4.22494 -0.95829,
	4.2838 -0.945415,
	4.29851 -0.943576,
	4.32794 -0.934379,
	4.34266 -0.928861,
	4.35921 -0.901271,
	4.3868 -0.842413,
	4.39416 -0.827698,
	4.396 -0.824019,
	4.37944 -0.79459,
	4.36473 -0.789072,
	4.35737 -0.785394,
	4.35553 -0.783554,
	4.36105 -0.76884,
	4.35553 -0.709981,
	4.35369 -0.680552,
	4.32426 -0.669516,
	4.2654 -0.667676,
	4.23781 -0.640087,
	4.2231 -0.627211,
	4.20838 -0.621693,
	4.20103 -0.619854,
	4.18815 -0.649283,
	"/>
</Transform>

<Transform dim="6"
 xcoef=" 1.56937360757469 0.846455232617974 -0.0428213084407764 0 0 0"
 ycoef=" 0.098453598304773 -0.00489535937066404 0.953821325970165 0 0 0">
<Contour name="d14" hidden="true" closed="true" simplified="true" border="1 0 1" fill="1 0 1" mode="-11"
 points="1.58639 -2.75094,
	1.59901 -2.80863,
	1.60081 -2.81584,
	1.60261 -2.81944,
	1.6603 -2.82485,
	1.68914 -2.79781,
	1.69635 -2.7906,
	1.71258 -2.76175,
	1.71979 -2.70407,
	1.74863 -2.58869,
	1.75224 -2.57427,
	1.75404 -2.56706,
	1.75584 -2.56346,
	1.75404 -2.55985,
	1.7252 -2.55444,
	1.71798 -2.55264,
	1.71438 -2.55084,
	1.65669 -2.60672,
	1.64227 -2.62114,
	1.59179 -2.73652,
	1.58639 -2.74914,
	"/>
</Transform>

<Transform dim="6"
 xcoef=" 1.56937360757469 0.846455232617974 -0.0428213084407764 0 0 0"
 ycoef=" 0.098453598304773 -0.00489535937066404 0.953821325970165 0 0 0">
<Contour name="d14" hidden="true" closed="true" simplified="true" border="1 0 1" fill="1 0 1" mode="11"
 points="1.81817 -2.40709,
	1.93354 -2.50083,
	1.99123 -2.5477,
	2.00565 -2.56032,
	2.05252 -2.61801,
	2.07596 -2.64685,
	2.08317 -2.65046,
	2.11201 -2.65046,
	2.12643 -2.64866,
	2.13364 -2.64866,
	2.14085 -2.64505,
	2.19854 -2.64505,
	2.22738 -2.64325,
	2.2418 -2.63604,
	2.27065 -2.6108,
	2.28507 -2.59818,
	2.34276 -2.59638,
	2.3716 -2.59638,
	2.38602 -2.59818,
	2.39323 -2.59998,
	2.40585 -2.609,
	2.42929 -2.63604,
	2.4401 -2.64866,
	2.45633 -2.65767,
	2.47075 -2.66127,
	2.47796 -2.66127,
	2.48157 -2.66127,
	2.53565 -2.60359,
	2.56088 -2.57474,
	2.61857 -2.52607,
	2.67626 -2.481,
	2.69068 -2.46838,
	2.69429 -2.46478,
	2.7051 -2.34941,
	2.7051 -2.33498,
	2.71051 -2.32056,
	2.74656 -2.26287,
	2.76459 -2.23403,
	2.87996 -2.13128,
	2.90881 -2.10784,
	2.92323 -2.09703,
	2.92684 -2.09522,
	2.93405 -1.97985,
	2.93765 -1.92216,
	2.93765 -1.86448,
	2.98813 -1.7491,
	3.01337 -1.69142,
	3.04401 -1.57604,
	3.04762 -1.5472,
	3.04581 -1.53999,
	3.03139 -1.52557,
	3.00255 -1.51295,
	2.98813 -1.50754,
	2.95928 -1.48951,
	2.94486 -1.4805,
	2.93765 -1.47689,
	2.93224 -1.41921,
	2.93224 -1.41199,
	2.91782 -1.38315,
	2.91061 -1.36873,
	2.79524 -1.3507,
	2.67986 -1.32727,
	2.65102 -1.32006,
	2.6366 -1.31825,
	2.62939 -1.31645,
	2.51401 -1.35611,
	2.45633 -1.37594,
	2.39864 -1.40298,
	2.3698 -1.4174,
	2.35538 -1.42461,
	2.24 -1.45706,
	2.18232 -1.47329,
	2.16789 -1.47689,
	2.13905 -1.48951,
	2.12463 -1.49492,
	2.09578 -1.51295,
	2.08136 -1.52196,
	2.04711 -1.57784,
	2.03089 -1.60669,
	1.95157 -1.72206,
	1.91011 -1.77975,
	1.87045 -2.0105,
	1.85062 -2.12587,
	1.81997 -2.35662,
	1.81817 -2.38546,
	1.81817 -2.39988,
	1.81817 -2.40529,
	"/>
</Transform>

<Transform dim="6"
 xcoef=" 1.56937360757469 0.846455232617974 -0.0428213084407764 0 0 0"
 ycoef=" 0.098453598304773 -0.00489535937066404 0.953821325970165 0 0 0">
<Contour name="d14p29" hidden="true" closed="true" simplified="false" border="0 1 0" fill="0 1 0" mode="9"
 points="2.45272 -2.59638,
	2.45272 -2.6108,
	2.46714 -2.6108,
	2.46714 -2.62522,
	2.48157 -2.62522,
	2.48157 -2.6108,
	2.49599 -2.6108,
	2.49599 -2.59638,
	2.48157 -2.59638,
	2.48157 -2.58196,
	2.46714 -2.58196,
	2.46714 -2.59638,
	"/>
</Transform>

<Transform dim="6"
 xcoef=" 1.56937360757469 0.846455232617974 -0.0428213084407764 0 0 0"
 ycoef=" 0.098453598304773 -0.00489535937066404 0.953821325970165 0 0 0">
<Contour name="d14" hidden="true" closed="true" simplified="true" border="1 0 1" fill="1 0 1" mode="-11"
 points="3.75409 -1.84158,
	3.82623 -1.9981,
	3.83602 -2.01767,
	3.84091 -2.02745,
	3.86047 -2.03968,
	3.87025 -2.04579,
	3.87515 -2.04824,
	3.91428 -2.0409,
	3.93384 -2.03723,
	3.94362 -2.03601,
	3.94852 -2.03479,
	3.96074 -2.01645,
	3.97909 -1.97731,
	3.99987 -1.82079,
	4.00232 -1.81101,
	4.00354 -1.80612,
	3.99254 -1.76699,
	3.98765 -1.74742,
	3.9852 -1.73764,
	3.94729 -1.70585,
	3.92773 -1.68995,
	3.8886 -1.66427,
	3.87881 -1.65693,
	3.80055 -1.63859,
	3.79077 -1.63615,
	3.7761 -1.67528,
	3.76998 -1.69484,
	3.76631 -1.70462,
	3.75898 -1.78288,
	3.75531 -1.82202,
	3.75409 -1.84036,
	"/>
</Transform>

<Transform dim="6"
 xcoef=" 1.56937360757469 0.846455232617974 -0.0428213084407764 0 0 0"
 ycoef=" 0.098453598304773 -0.00489535937066404 0.953821325970165 0 0 0">
<Contour name="d14" hidden="true" closed="true" simplified="true" border="1 0 1" fill="1 0 1" mode="-11"
 points="3.9703 -0.231581,
	3.97747 -0.307979,
	3.97985 -0.327079,
	3.97985 -0.336628,
	3.98224 -0.341403,
	4.00134 -0.346178,
	4.01089 -0.346178,
	4.01566 -0.348565,
	4.03238 -0.331853,
	4.04193 -0.322304,
	4.05386 -0.245906,
	4.0658 -0.207707,
	4.05864 -0.200545,
	4.02044 -0.18622,
	4.01566 -0.183832,
	3.97747 -0.210094,
	3.9703 -0.219644,
	3.9703 -0.229194,
	"/>
</Transform>

<Transform dim="6"
 xcoef=" 1.56937360757469 0.846455232617974 -0.0428213084407764 0 0 0"
 ycoef=" 0.098453598304773 -0.00489535937066404 0.953821325970165 0 0 0">
<Contour name="d14p50" hidden="true" closed="true" simplified="false" border="0 1 1" fill="0 1 1" mode="9"
 points="2.33636 -2.54164,
	2.3409 -2.54617,
	2.32276 -2.56431,
	2.3273 -2.56884,
	2.34543 -2.5507,
	2.34996 -2.55524,
	2.34996 -2.54164,
	"/>
</Transform>

<Transform dim="6"
 xcoef=" 1.56937360757469 0.846455232617974 -0.0428213084407764 0 0 0"
 ycoef=" 0.098453598304773 -0.00489535937066404 0.953821325970165 0 0 0">
<Contour name="d14c50" hidden="true" closed="true" simplified="true" border="0 1 1" fill="0 1 1" mode="11"
 points="2.27244 -2.63626,
	2.29058 -2.63966,
	2.32685 -2.64079,
	2.36311 -2.63966,
	2.39938 -2.64079,
	2.40845 -2.64079,
	2.41298 -2.63966,
	2.41412 -2.60339,
	2.41412 -2.59886,
	2.40958 -2.59659,
	2.39145 -2.59432,
	2.38238 -2.59206,
	2.34611 -2.59319,
	2.32798 -2.59319,
	2.31891 -2.59319,
	2.28264 -2.61133,
	2.27924 -2.61473,
	2.27358 -2.63286,
	2.27244 -2.63513,
	"/>
<Contour name="d14cfa50" hidden="true" closed="false" simplified="false" border="0 1 1" fill="0 1 1" mode="11"
 points="2.41436 -2.615,
	2.34653 -2.61055,
	2.27314 -2.62723,
	"/>
</Transform>

<Transform dim="6"
 xcoef=" 1.56937360757469 0.846455232617974 -0.0428213084407764 0 0 0"
 ycoef=" 0.098453598304773 -0.00489535937066404 0.953821325970165 0 0 0">
<Contour name="d01" hidden="false" closed="true" simplified="true" border="1 1 0" fill="1 0.5 0" mode="11"
 points="5.03784 0.415432,
	5.04564 0.384225,
	5.04954 0.368622,
	5.06709 0.339367,
	5.0749 0.323764,
	5.0827 0.292557,
	5.08075 0.261351,
	5.0827 0.230145,
	5.08855 0.214542,
	5.08855 0.210641,
	5.10025 0.195038,
	5.10805 0.181386,
	5.13536 0.15408,
	5.14706 0.138477,
	5.15291 0.130676,
	5.16461 0.0994695,
	5.17046 0.0838665,
	5.17241 0.0526603,
	5.16656 0.0214542,
	5.16071 0.00585115,
	5.15876 -0.00195038,
	5.15291 -0.00975191,
	5.15291 -0.0136527,
	5.13536 -0.0448588,
	5.12561 -0.0741145,
	5.1217 -0.0780153,
	5.0944 -0.140428,
	5.0944 -0.156031,
	5.0944 -0.163832,
	5.0905 -0.171634,
	5.0905 -0.179435,
	5.08465 -0.195038,
	5.08075 -0.257451,
	5.07685 -0.273054,
	5.0788 -0.30426,
	5.08075 -0.312061,
	5.09635 -0.325714,
	5.12756 -0.335466,
	5.14316 -0.341317,
	5.15096 -0.343267,
	5.15876 -0.349118,
	5.16656 -0.364722,
	5.17046 -0.372523,
	5.18607 -0.382275,
	5.21727 -0.392027,
	5.24848 -0.393977,
	5.25628 -0.393977,
	5.27188 -0.388126,
	5.28554 -0.376424,
	5.30114 -0.370573,
	5.31674 -0.372523,
	5.34795 -0.388126,
	5.37916 -0.393977,
	5.39476 -0.393977,
	5.41036 -0.384225,
	5.42791 -0.35497,
	5.42791 -0.347168,
	5.43962 -0.333515,
	5.47082 -0.315962,
	5.47667 -0.310111,
	5.48253 -0.294508,
	5.49813 -0.288657,
	5.51373 -0.288657,
	5.52153 -0.288657,
	5.52738 -0.280855,
	5.53129 -0.276954,
	5.53129 -0.273054,
	5.53519 -0.269153,
	5.53519 -0.265252,
	5.53909 -0.261351,
	5.53714 -0.245748,
	5.52348 -0.214542,
	5.51958 -0.198939,
	5.52153 -0.183336,
	5.52153 -0.175534,
	5.52543 -0.167733,
	5.55274 -0.136527,
	5.56054 -0.122874,
	5.56054 -0.118973,
	5.56639 -0.111172,
	5.56834 -0.10337,
	5.582 -0.0877672,
	5.59955 -0.0565611,
	5.6054 -0.0487596,
	5.6054 -0.0448588,
	5.6093 -0.040958,
	5.61125 -0.0331565,
	5.65611 0.025355,
	5.67951 0.0546107,
	5.69317 0.0682634,
	5.70682 0.0780153,
	5.71462 0.0838665,
	5.71852 0.0838665,
	5.72437 0.091668,
	5.72827 0.0955687,
	5.73412 0.126775,
	5.76533 0.146279,
	5.78093 0.15408,
	5.79654 0.157981,
	5.81214 0.157981,
	5.84335 0.167733,
	5.85895 0.173584,
	5.86285 0.177485,
	5.89406 0.179435,
	5.92526 0.189187,
	5.95647 0.191137,
	5.98767 0.187237,
	6.00328 0.183336,
	6.06569 0.177485,
	6.08129 0.177485,
	6.0969 0.181386,
	6.1047 0.183336,
	6.1359 0.208691,
	6.14956 0.220393,
	6.15931 0.234046,
	6.16516 0.241847,
	6.17101 0.257451,
	6.16711 0.319863,
	6.16711 0.351069,
	6.17101 0.382275,
	6.18856 0.413481,
	6.19832 0.429084,
	6.20417 0.436886,
	6.20417 0.440786,
	6.21197 0.448588,
	6.22367 0.45834,
	6.23927 0.471993,
	6.25488 0.481745,
	6.27048 0.483695,
	6.28608 0.489546,
	6.30169 0.499298,
	6.33289 0.50905,
	6.3485 0.514901,
	6.3563 0.518802,
	6.36605 0.530504,
	6.37385 0.546107,
	6.37775 0.553909,
	6.3875 0.616321,
	6.3914 0.624122,
	6.3914 0.655329,
	6.38945 0.670932,
	6.3836 0.686535,
	6.37385 0.702138,
	6.3602 0.717741,
	6.34459 0.727493,
	6.32899 0.729443,
	6.29779 0.717741,
	6.26658 0.717741,
	6.25098 0.717741,
	6.24317 0.717741,
	6.22757 0.725542,
	6.20222 0.750897,
	6.19442 0.756748,
	6.18661 0.758699,
	6.17881 0.756748,
	6.16321 0.743096,
	6.15151 0.731393,
	6.1203 0.727493,
	6.1047 0.723592,
	6.0969 0.721642,
	6.08324 0.706039,
	6.07739 0.690435,
	6.07349 0.682634,
	6.04424 0.66118,
	6.03643 0.659229,
	6.00523 0.637775,
	5.98963 0.628023,
	5.97597 0.61242,
	5.96817 0.596817,
	5.96622 0.589016,
	5.93501 0.567561,
	5.90576 0.542206,
	5.90771 0.526603,
	5.90186 0.495397,
	5.89211 0.479794,
	5.89211 0.475893,
	5.88821 0.471993,
	5.88821 0.468092,
	5.85895 0.438836,
	5.84335 0.429084,
	5.83164 0.417382,
	5.81214 0.388126,
	5.80239 0.372523,
	5.78874 0.35887,
	5.77508 0.349118,
	5.75948 0.343267,
	5.75363 0.337416,
	5.75168 0.331565,
	5.72047 0.333515,
	5.71657 0.337416,
	5.68537 0.349118,
	5.66976 0.35692,
	5.66196 0.35887,
	5.65416 0.364722,
	5.65026 0.364722,
	5.63661 0.378374,
	5.62685 0.392027,
	5.621 0.40763,
	5.6132 0.415432,
	5.582 0.431035,
	5.55079 0.442737,
	5.52738 0.473943,
	5.51178 0.479794,
	5.49618 0.479794,
	5.48838 0.475893,
	5.47277 0.473943,
	5.46497 0.470042,
	5.46107 0.468092,
	5.44547 0.477844,
	5.43767 0.483695,
	5.43572 0.487596,
	5.43182 0.487596,
	5.42791 0.491496,
	5.42401 0.491496,
	5.41621 0.497348,
	5.38501 0.505149,
	5.3694 0.50905,
	5.35575 0.518802,
	5.3304 0.544157,
	5.30114 0.565611,
	5.26993 0.583164,
	5.25433 0.589016,
	5.22312 0.587065,
	5.20752 0.579264,
	5.19192 0.575363,
	5.18022 0.587065,
	5.16461 0.592916,
	5.14901 0.590966,
	5.13341 0.585115,
	5.12951 0.581214,
	5.1139 0.585115,
	5.1022 0.600718,
	5.08855 0.61047,
	5.07295 0.61242,
	5.05734 0.606569,
	5.04759 0.592916,
	5.04564 0.577313,
	5.04759 0.546107,
	5.04759 0.530504,
	5.05149 0.522703,
	5.04369 0.491496,
	5.04174 0.475893,
	5.04369 0.46029,
	5.04564 0.452489,
	5.03979 0.436886,
	5.03784 0.421283,
	5.03784 0.417382,
	"/>
</Transform>

<Transform dim="6"
 xcoef=" 1.56937360757469 0.846455232617974 -0.0428213084407764 0 0 0"
 ycoef=" 0.098453598304773 -0.00489535937066404 0.953821325970165 0 0 0">
<Contour name="d03" hidden="false" closed="true" simplified="true" border="1 0 0.5" fill="1 0 0.5" mode="11"
 points="7.62501 -1.87727,
	7.64012 -1.89743,
	7.66028 -1.90751,
	7.7006 -1.91759,
	7.71068 -1.91759,
	7.71572 -1.91759,
	7.72328 -1.90751,
	7.7258 -1.88735,
	7.73336 -1.86719,
	7.73084 -1.85711,
	7.73336 -1.8168,
	7.74092 -1.77648,
	7.74092 -1.75632,
	7.74848 -1.716,
	7.751 -1.67569,
	7.72832 -1.63789,
	7.70816 -1.63537,
	7.7006 -1.64293,
	7.69556 -1.64293,
	7.68044 -1.66309,
	7.67288 -1.67317,
	7.66532 -1.71348,
	7.66532 -1.73364,
	7.67036 -1.74372,
	7.66784 -1.7538,
	7.66784 -1.75884,
	7.6628 -1.76388,
	7.64768 -1.8042,
	7.63257 -1.82436,
	7.62501 -1.86467,
	7.62501 -1.87475,
	"/>
<Contour name="d03" hidden="false" closed="true" simplified="true" border="1 0 0.5" fill="1 0 0.5" mode="11"
 points="7.49397 -1.42622,
	7.50405 -1.46654,
	7.51665 -1.4867,
	7.53681 -1.48922,
	7.56705 -1.45142,
	7.58469 -1.43378,
	7.59477 -1.4237,
	7.60485 -1.41866,
	7.60989 -1.41614,
	7.63005 -1.41866,
	7.64012 -1.41866,
	7.6502 -1.41362,
	7.66028 -1.39347,
	7.6628 -1.37331,
	7.65272 -1.36323,
	7.61241 -1.34559,
	7.59225 -1.33803,
	7.55193 -1.33551,
	7.54185 -1.33551,
	7.52169 -1.34307,
	7.51161 -1.35315,
	7.50657 -1.35819,
	7.50657 -1.36323,
	7.50153 -1.36827,
	7.49397 -1.40858,
	7.49397 -1.41866,
	7.49397 -1.4237,
	"/>
<Contour name="d03" hidden="false" closed="true" simplified="true" border="1 0 0.5" fill="1 0 0.5" mode="11"
 points="6.87914 0.529164,
	6.88166 0.519085,
	6.8867 0.516565,
	6.8867 0.511525,
	6.90181 0.491367,
	6.91693 0.476248,
	6.92701 0.466169,
	6.93961 0.425851,
	6.94213 0.405693,
	6.94213 0.395613,
	6.95977 0.383014,
	6.97993 0.377974,
	7.02025 0.380494,
	7.04041 0.383014,
	7.06056 0.393093,
	7.08072 0.395613,
	7.09836 0.388054,
	7.11852 0.395613,
	7.13868 0.410732,
	7.14876 0.415772,
	7.1538 0.420812,
	7.15884 0.420812,
	7.17648 0.44097,
	7.18404 0.45105,
	7.20419 0.456089,
	7.22183 0.471208,
	7.24199 0.478768,
	7.24703 0.478768,
	7.25963 0.498926,
	7.26719 0.519085,
	7.26971 0.539244,
	7.26719 0.559402,
	7.25963 0.579561,
	7.24703 0.5972,
	7.21427 0.624918,
	7.20923 0.634997,
	7.18907 0.650116,
	7.179 0.652636,
	7.17396 0.657676,
	7.1538 0.662715,
	7.13616 0.675314,
	7.11852 0.692953,
	7.11096 0.703033,
	7.0908 0.705552,
	7.08072 0.700513,
	7.07568 0.700513,
	7.03537 0.675314,
	6.99505 0.670275,
	6.97489 0.667755,
	6.96985 0.667755,
	6.96481 0.662715,
	6.92701 0.645076,
	6.90937 0.629957,
	6.89677 0.612319,
	6.88418 0.572001,
	6.87914 0.551843,
	6.87914 0.531684,
	"/>
<Contour name="d03" hidden="false" closed="true" simplified="true" border="1 0 0.5" fill="1 0 0.5" mode="11"
 points="7.47634 -0.15371,
	7.4839 -0.194027,
	7.48138 -0.234344,
	7.48893 -0.274661,
	7.51413 -0.355296,
	7.51665 -0.395613,
	7.51413 -0.435931,
	7.51917 -0.476248,
	7.51917 -0.486327,
	7.51917 -0.491367,
	7.50405 -0.509006,
	7.49901 -0.519085,
	7.50153 -0.539244,
	7.52169 -0.556882,
	7.56201 -0.569482,
	7.58217 -0.574521,
	7.60233 -0.58712,
	7.62249 -0.59468,
	7.65272 -0.627438,
	7.6628 -0.637517,
	7.67036 -0.642557,
	7.68548 -0.660195,
	7.69304 -0.667755,
	7.70564 -0.708072,
	7.71572 -0.788707,
	7.71572 -0.793746,
	7.72328 -0.801306,
	7.72832 -0.841623,
	7.72832 -0.861782,
	7.73336 -0.871861,
	7.73084 -0.952496,
	7.73084 -0.962575,
	7.74848 -1.00289,
	7.751 -1.01297,
	7.75856 -1.02305,
	7.76612 -1.04321,
	7.76612 -1.05329,
	7.77368 -1.07345,
	7.78879 -1.09361,
	7.79635 -1.10369,
	7.81147 -1.11628,
	7.83163 -1.12888,
	7.85179 -1.12888,
	7.86187 -1.12384,
	7.87951 -1.10369,
	7.88707 -1.09361,
	7.89463 -1.07345,
	7.89967 -1.06337,
	7.89967 -1.05833,
	7.91983 -1.04069,
	7.93242 -1.02305,
	7.93746 -1.00289,
	7.92991 -0.982734,
	7.92739 -0.977694,
	7.93242 -0.975174,
	7.92487 -0.89454,
	7.92487 -0.874381,
	7.91479 -0.834064,
	7.91479 -0.823984,
	7.88455 -0.74335,
	7.87447 -0.723191,
	7.86943 -0.703033,
	7.85179 -0.687914,
	7.84171 -0.685394,
	7.83163 -0.665235,
	7.82659 -0.645076,
	7.82407 -0.604759,
	7.82407 -0.584601,
	7.82659 -0.574521,
	7.83415 -0.564442,
	7.83919 -0.559402,
	7.85935 -0.554363,
	7.87699 -0.536724,
	7.89715 -0.496407,
	7.89967 -0.476248,
	7.90723 -0.456089,
	7.91227 -0.44601,
	7.91731 -0.44097,
	7.92235 -0.420812,
	7.92235 -0.380494,
	7.92235 -0.370415,
	7.92739 -0.360336,
	7.92739 -0.350256,
	7.93746 -0.330098,
	7.96266 -0.249463,
	7.9803 -0.229305,
	7.99038 -0.221745,
	7.99794 -0.201586,
	7.99794 -0.181428,
	7.9929 -0.176388,
	7.9929 -0.171348,
	7.97778 -0.15119,
	7.95762 -0.136071,
	7.94754 -0.128511,
	7.90975 -0.110873,
	7.89211 -0.0932337,
	7.89211 -0.088194,
	7.87951 -0.0705552,
	7.87447 -0.0655156,
	7.86187 -0.0251983,
	7.85683 -0.015119,
	7.85431 0.00503966,
	7.85431 0.015119,
	7.83919 0.0352776,
	7.81903 0.0503966,
	7.79887 0.0604759,
	7.78879 0.0629957,
	7.77872 0.0705552,
	7.7762 0.0907139,
	7.75856 0.131031,
	7.7384 0.14363,
	7.7258 0.156229,
	7.7258 0.161269,
	7.71068 0.178908,
	7.69052 0.188987,
	7.6754 0.204106,
	7.66532 0.224265,
	7.66532 0.229305,
	7.6502 0.246943,
	7.64012 0.257023,
	7.61997 0.262062,
	7.60989 0.262062,
	7.56957 0.244424,
	7.55949 0.244424,
	7.53933 0.234344,
	7.51917 0.216705,
	7.50657 0.196547,
	7.49901 0.156229,
	7.49397 0.136071,
	7.49397 0.125991,
	7.48893 0.120952,
	7.48138 0.100793,
	7.48138 0.0806346,
	7.4839 0.0705552,
	7.47634 -0.0907139,
	7.47634 -0.131031,
	7.47634 -0.15119,
	"/>
</Transform>

<Transform dim="6"
 xcoef=" 1.56937360757469 0.846455232617974 -0.0428213084407764 0 0 0"
 ycoef=" 0.098453598304773 -0.00489535937066404 0.953821325970165 0 0 0">
<Contour name="d05" hidden="false" closed="true" simplified="true" border="1 1 0" fill="1 1 0" mode="11"
 points="6.2287 3.47068,
	6.24682 3.40626,
	6.25286 3.39015,
	6.25889 3.35794,
	6.26292 3.29352,
	6.26292 3.28547,
	6.26695 3.27741,
	6.26896 3.26131,
	6.26896 3.25326,
	6.30318 3.19085,
	6.31325 3.15864,
	6.31728 3.15461,
	6.32332 3.1224,
	6.32734 3.11435,
	6.32936 3.09824,
	6.32936 3.09019,
	6.33338 3.08214,
	6.33338 3.04993,
	6.33338 3.04188,
	6.33741 3.03382,
	6.33942 3.00161,
	6.34546 2.9694,
	6.34747 2.93719,
	6.34949 2.92914,
	6.36358 2.91303,
	6.38572 2.88082,
	6.39982 2.85063,
	6.40585 2.83452,
	6.40787 2.81842,
	6.41592 2.80231,
	6.42397 2.79426,
	6.43203 2.79023,
	6.46424 2.79023,
	6.48034 2.79627,
	6.51255 2.79828,
	6.5206 2.80432,
	6.52463 2.80835,
	6.52664 2.8164,
	6.53268 2.82445,
	6.53671 2.84056,
	6.53671 2.84861,
	6.54074 2.85264,
	6.54678 2.86874,
	6.5508 2.8768,
	6.55282 2.8929,
	6.55282 2.90095,
	6.55885 2.91706,
	6.56691 2.98148,
	6.56691 2.99759,
	6.57295 3.0298,
	6.57093 3.06201,
	6.56892 3.07811,
	6.56691 3.08214,
	6.57295 3.09824,
	6.58301 3.11435,
	6.59106 3.1224,
	6.59912 3.13851,
	6.59912 3.14253,
	6.60314 3.14656,
	6.60918 3.16266,
	6.61925 3.17877,
	6.63133 3.24319,
	6.63535 3.25124,
	6.63737 3.26735,
	6.64542 3.28345,
	6.64542 3.28748,
	6.64945 3.29151,
	6.65146 3.35593,
	6.6575 3.38814,
	6.65549 3.40424,
	6.64945 3.42035,
	6.65146 3.43645,
	6.65146 3.44451,
	6.6575 3.46061,
	6.65951 3.47672,
	6.66555 3.49282,
	6.66354 3.52503,
	6.6575 3.54114,
	6.63535 3.57335,
	6.63133 3.5814,
	6.6273 3.58543,
	6.61724 3.64985,
	6.61522 3.68206,
	6.60717 3.71427,
	6.60516 3.72232,
	6.59308 3.73843,
	6.58704 3.74648,
	6.57093 3.74849,
	6.55483 3.74245,
	6.54074 3.73239,
	6.53268 3.72836,
	6.51658 3.73037,
	6.50047 3.73641,
	6.49242 3.74044,
	6.48839 3.74447,
	6.47229 3.74849,
	6.45618 3.74648,
	6.44008 3.74044,
	6.40988 3.71427,
	6.39378 3.70219,
	6.3676 3.66998,
	6.34546 3.63978,
	6.33338 3.62368,
	6.32936 3.61562,
	6.30318 3.58744,
	6.27701 3.56328,
	6.26695 3.54718,
	6.23876 3.51698,
	6.23876 3.51295,
	6.23272 3.50691,
	6.2287 3.49081,
	6.2287 3.4747,
	6.2287 3.47269,
	"/>
<Contour name="d05" hidden="false" closed="true" simplified="true" border="1 1 0" fill="1 1 0" mode="11"
 points="6.63737 3.17676,
	6.65347 3.16266,
	6.66958 3.15461,
	6.67562 3.13851,
	6.67964 3.13045,
	6.67964 3.12643,
	6.68971 3.11032,
	6.70179 3.09824,
	6.70984 3.08214,
	6.71387 3.07409,
	6.71387 3.07006,
	6.71789 3.06603,
	6.72192 3.04993,
	6.72997 3.03382,
	6.73601 3.02577,
	6.73803 3.01772,
	6.74809 3.00363,
	6.75212 2.9996,
	6.75413 2.99155,
	6.77628 2.95934,
	6.78634 2.94524,
	6.80043 2.92914,
	6.80446 2.92109,
	6.83466 2.89491,
	6.84271 2.87881,
	6.84875 2.8466,
	6.85076 2.83049,
	6.86083 2.79828,
	6.86485 2.78218,
	6.87693 2.76809,
	6.89304 2.76205,
	6.9031 2.77815,
	6.90914 2.79426,
	6.91317 2.79828,
	6.92122 2.83049,
	6.92324 2.8466,
	6.92525 2.85465,
	6.93531 2.87076,
	6.94337 2.87881,
	6.95947 2.88686,
	6.96752 2.89089,
	6.97155 2.89089,
	6.97558 2.89491,
	6.98363 2.89491,
	6.99168 2.89894,
	6.99571 2.89894,
	7.02188 2.92511,
	7.04 2.95732,
	7.05006 2.97343,
	7.06416 2.98148,
	7.08026 2.98551,
	7.08831 2.98752,
	7.09838 3.00363,
	7.10039 3.01168,
	7.11046 3.02376,
	7.1326 3.05395,
	7.13663 3.05597,
	7.13663 3.05999,
	7.15273 3.06603,
	7.15676 3.07006,
	7.17287 3.07409,
	7.20306 3.0922,
	7.21112 3.09824,
	7.23125 3.12844,
	7.24534 3.15864,
	7.24937 3.17474,
	7.24735 3.20695,
	7.24333 3.22306,
	7.24333 3.22709,
	7.23729 3.23514,
	7.23326 3.25124,
	7.23527 3.31566,
	7.24131 3.33177,
	7.24333 3.33982,
	7.25339 3.35391,
	7.25742 3.35794,
	7.25742 3.37405,
	7.24937 3.39015,
	7.22521 3.41632,
	7.21313 3.43243,
	7.20709 3.44048,
	7.20306 3.44451,
	7.20105 3.45256,
	7.19098 3.46866,
	7.1628 3.49081,
	7.15676 3.49886,
	7.15072 3.51497,
	7.13663 3.52906,
	7.12858 3.5351,
	7.11247 3.53912,
	7.10442 3.53912,
	7.08831 3.54718,
	7.08227 3.55322,
	7.01785 3.57536,
	7.0098 3.57536,
	6.9937 3.58543,
	6.98564 3.59147,
	6.96954 3.59751,
	6.95343 3.59751,
	6.94538 3.59348,
	6.91317 3.59348,
	6.89706 3.58945,
	6.86485 3.58945,
	6.8568 3.58744,
	6.85277 3.58744,
	6.8266 3.55926,
	6.8105 3.5512,
	6.77829 3.54516,
	6.76218 3.53711,
	6.75413 3.53308,
	6.74004 3.51698,
	6.73803 3.50893,
	6.72192 3.49483,
	6.69172 3.4747,
	6.67964 3.46061,
	6.68166 3.45658,
	6.67763 3.45256,
	6.67159 3.42035,
	6.6736 3.35593,
	6.67159 3.32372,
	6.66756 3.30761,
	6.66756 3.29151,
	6.66354 3.28345,
	6.66354 3.27943,
	6.65951 3.2754,
	6.65549 3.2593,
	6.65146 3.25124,
	6.65146 3.23514,
	6.64139 3.20293,
	6.63737 3.18682,
	6.63737 3.17877,
	"/>
<Contour name="d05" hidden="false" closed="true" simplified="true" border="1 1 0" fill="1 1 0" mode="11"
 points="6.78634 1.86821,
	6.78835 1.8521,
	6.79037 1.84405,
	6.79439 1.84002,
	6.79641 1.83197,
	6.80647 1.81586,
	6.8105 1.81184,
	6.81251 1.80379,
	6.81251 1.79976,
	6.81654 1.79573,
	6.82258 1.77963,
	6.84674 1.74742,
	6.86485 1.71521,
	6.86687 1.70715,
	6.887 1.67494,
	6.89505 1.65884,
	6.89908 1.6528,
	6.91518 1.64475,
	6.94739 1.64273,
	6.9796 1.63669,
	6.98766 1.63669,
	7.00376 1.63065,
	7.01181 1.63065,
	7.02792 1.62461,
	7.05409 1.60046,
	7.06818 1.58637,
	7.07624 1.58033,
	7.0863 1.56825,
	7.10241 1.55818,
	7.13462 1.54409,
	7.14267 1.5461,
	7.15273 1.56221,
	7.15877 1.57026,
	7.16079 1.58637,
	7.16481 1.59442,
	7.18092 1.6065,
	7.21313 1.62059,
	7.24534 1.6226,
	7.26145 1.6226,
	7.27755 1.62663,
	7.30775 1.65481,
	7.31177 1.66286,
	7.34197 1.68501,
	7.35405 1.69709,
	7.3621 1.70514,
	7.37619 1.71521,
	7.40237 1.74138,
	7.43256 1.76755,
	7.44867 1.79976,
	7.44666 1.80177,
	7.47283 1.83197,
	7.48289 1.84808,
	7.48893 1.86418,
	7.49497 1.87223,
	7.49497 1.87626,
	7.50504 1.89236,
	7.50906 1.89639,
	7.50906 1.90042,
	7.51309 1.90444,
	7.51309 1.90847,
	7.52919 1.92256,
	7.5453 1.93263,
	7.55335 1.93867,
	7.55738 1.93867,
	7.56543 1.94471,
	7.57348 1.94672,
	7.57751 1.95075,
	7.58556 1.95276,
	7.59362 1.9588,
	7.59764 1.9588,
	7.61375 1.96886,
	7.61777 1.97289,
	7.61979 1.989,
	7.6218 1.99705,
	7.62583 1.99705,
	7.64394 2.02926,
	7.65401 2.06147,
	7.6681 2.09368,
	7.67213 2.1581,
	7.67817 2.19031,
	7.68018 2.22252,
	7.67414 2.25473,
	7.67012 2.26278,
	7.67012 2.27889,
	7.67615 2.3111,
	7.67817 2.32721,
	7.68219 2.33526,
	7.68219 2.34331,
	7.67817 2.35136,
	7.64797 2.37753,
	7.63187 2.38357,
	7.62381 2.3876,
	7.61576 2.3876,
	7.59965 2.39364,
	7.56744 2.38961,
	7.55939 2.38559,
	7.54329 2.39364,
	7.52718 2.40572,
	7.52718 2.40974,
	7.50504 2.43994,
	7.47283 2.46209,
	7.44062 2.47819,
	7.43659 2.47819,
	7.43256 2.48222,
	7.40035 2.4943,
	7.39633 2.4943,
	7.3923 2.49832,
	7.38425 2.50034,
	7.35405 2.52248,
	7.34801 2.53859,
	7.34398 2.5708,
	7.34197 2.5869,
	7.33593 2.60301,
	7.32184 2.61911,
	7.29164 2.64528,
	7.25943 2.6634,
	7.24333 2.6634,
	7.23527 2.65736,
	7.20306 2.59697,
	7.16079 2.53657,
	7.13059 2.51644,
	7.11448 2.50638,
	7.10039 2.49027,
	7.08227 2.46007,
	7.07825 2.45605,
	7.07825 2.45202,
	7.07422 2.44799,
	7.07422 2.44397,
	7.06214 2.42988,
	7.03195 2.40773,
	7.01584 2.39767,
	7.00779 2.39364,
	7.00376 2.38961,
	6.99571 2.3876,
	6.97155 2.3574,
	6.95947 2.3413,
	6.95142 2.32922,
	6.94135 2.31311,
	6.93934 2.30506,
	6.9333 2.29701,
	6.93129 2.28896,
	6.92525 2.2809,
	6.89908 2.21648,
	6.89706 2.20038,
	6.89102 2.19232,
	6.86888 2.1279,
	6.86284 2.1118,
	6.86284 2.10777,
	6.85881 2.10375,
	6.84674 2.07154,
	6.84472 2.06348,
	6.8407 2.05946,
	6.83868 2.0514,
	6.83264 2.04335,
	6.82862 2.02725,
	6.81251 1.99504,
	6.80647 1.98698,
	6.80446 1.97893,
	6.80446 1.9749,
	6.80043 1.97088,
	6.79641 1.93867,
	6.79641 1.92256,
	6.79641 1.91854,
	6.79238 1.91451,
	6.78634 1.8823,
	6.78634 1.87425,
	6.78634 1.87022,
	"/>
</Transform>

<Transform dim="6"
 xcoef=" 1.56937360757469 0.846455232617974 -0.0428213084407764 0 0 0"
 ycoef=" 0.098453598304773 -0.00489535937066404 0.953821325970165 0 0 0">
<Contour name="d05ax19ssvr" hidden="false" closed="true" simplified="false" border="0 1 0.25098" fill="0 0 1" mode="-11"
 points="7.40131 4.95435,
	7.38926 4.9423,
	7.40131 4.93025,
	7.41336 4.9423,
	"/>
<Contour name="d05ax19ssvr" hidden="false" closed="true" simplified="false" border="0 1 0.25098" fill="0 0 1" mode="-11"
 points="7.37721 4.93197,
	7.36516 4.91992,
	7.37721 4.90787,
	7.38926 4.91992,
	"/>
<Contour name="d05ax19ssvr" hidden="false" closed="true" simplified="false" border="0 1 0.25098" fill="0 0 1" mode="-11"
 points="7.39615 4.89065,
	7.3841 4.8786,
	7.39615 4.86655,
	7.4082 4.8786,
	"/>
<Contour name="d05ax19ssvr" hidden="false" closed="true" simplified="false" border="0 1 0.25098" fill="0 0 1" mode="-11"
 points="7.35483 4.88377,
	7.34278 4.87172,
	7.35483 4.85967,
	7.36688 4.87172,
	"/>
<Contour name="d05ax19ssvr" hidden="false" closed="true" simplified="false" border="0 1 0.25098" fill="0 0 1" mode="-11"
 points="7.36344 4.83557,
	7.35139 4.82352,
	7.36344 4.81147,
	7.37549 4.82352,
	"/>
</Transform>

<Transform dim="6"
 xcoef=" 1.56937360757469 0.846455232617974 -0.0428213084407764 0 0 0"
 ycoef=" 0.098453598304773 -0.00489535937066404 0.953821325970165 0 0 0">
<Contour name="d01SER" hidden="false" closed="true" simplified="true" border="0 1 0" fill="0 1 0" mode="-9"
 points="5.45158 0.312677,
	5.46605 0.266354,
	5.46895 0.254774,
	5.48053 0.246088,
	5.49211 0.254774,
	5.49501 0.301096,
	5.48632 0.324257,
	5.47185 0.338733,
	5.46026 0.338733,
	5.45158 0.330048,
	5.45158 0.318467,
	5.45158 0.315572,
	"/>
<Contour name="d01SER" hidden="false" closed="true" simplified="true" border="0 1 0" fill="0 1 0" mode="-9"
 points="5.47764 0.10133,
	5.48632 0.0781692,
	5.4979 0.0665886,
	5.50948 0.0636934,
	5.51527 0.0636934,
	5.52685 0.0752741,
	5.53264 0.0839595,
	5.53264 0.130282,
	5.52396 0.153443,
	5.51817 0.165024,
	5.51238 0.170814,
	5.5008 0.167919,
	5.49501 0.144758,
	5.49211 0.133177,
	5.47764 0.110016,
	5.47764 0.104226,
	"/>
</Transform>

<Transform dim="6"
 xcoef=" 1.56937360757469 0.846455232617974 -0.0428213084407764 0 0 0"
 ycoef=" 0.098453598304773 -0.00489535937066404 0.953821325970165 0 0 0">
<Contour name="d01SER" hidden="false" closed="true" simplified="true" border="0 1 0" fill="0 1 0" mode="-9"
 points="5.2026 0.0260564,
	5.21418 0.0231612,
	5.2605 0.0405322,
	5.28366 0.0463225,
	5.29524 0.0521128,
	5.24892 0.0607983,
	5.22576 0.0579031,
	5.21418 0.0521128,
	5.20549 0.0405322,
	5.2026 0.0289516,
	"/>
</Transform>

<Transform dim="6"
 xcoef=" 1.56937360757469 0.846455232617974 -0.0428213084407764 0 0 0"
 ycoef=" 0.098453598304773 -0.00489535937066404 0.953821325970165 0 0 0">
<Contour name="d01SER" hidden="false" closed="true" simplified="true" border="0 1 0" fill="0 1 0" mode="-9"
 points="5.39368 0.0347419,
	5.41684 0.0173709,
	5.42263 0.0144758,
	5.43421 0.0173709,
	5.44579 0.0260564,
	5.44579 0.037637,
	5.46026 0.0607983,
	5.46316 0.0723789,
	5.45737 0.0839595,
	5.45737 0.0897498,
	5.44579 0.10133,
	5.42263 0.10133,
	5.40236 0.0810644,
	5.39947 0.0579031,
	5.39368 0.0521128,
	5.39368 0.0405322,
	5.39368 0.037637,
	"/>
</Transform>

<Transform dim="6"
 xcoef=" 1.56937360757469 0.846455232617974 -0.0428213084407764 0 0 0"
 ycoef=" 0.098453598304773 -0.00489535937066404 0.953821325970165 0 0 0">
<Contour name="d01p30" hidden="false" closed="true" simplified="false" border="0 1 1" fill="0 1 1" mode="-9"
 points="5.65237 0.230592,
	5.65237 0.209033,
	5.67393 0.209033,
	5.67393 0.187474,
	5.69549 0.187474,
	5.69549 0.209033,
	5.71705 0.209033,
	5.71705 0.230592,
	5.69549 0.230592,
	5.69549 0.252151,
	5.67393 0.252151,
	5.67393 0.230592,
	"/>
</Transform>

<Transform dim="0"
 xcoef=" 0 1 0 0 0 0"
 ycoef=" 0 0 1 0 0 0">
<Contour name="d05ax18" comment="LK bouton trace named after cfa" hidden="false" closed="true" simplified="true" border="0 1 1" fill="0.502 1 1" mode="-9"
 points="8.18046 3.51803,
	8.19134 3.5028,
	8.20004 3.4941,
	8.20439 3.4941,
	8.21309 3.48757,
	8.2218 3.4854,
	8.22615 3.48105,
	8.2305 3.48105,
	8.23267 3.4767,
	8.25008 3.47452,
	8.25878 3.47452,
	8.29359 3.4941,
	8.311 3.50063,
	8.34363 3.52456,
	8.37844 3.55284,
	8.39585 3.5659,
	8.42196 3.59636,
	8.43719 3.60723,
	8.46982 3.63552,
	8.49158 3.66598,
	8.4981 3.70079,
	8.49593 3.77041,
	8.49158 3.78781,
	8.4807 3.80522,
	8.47417 3.81392,
	8.45677 3.8248,
	8.42196 3.83133,
	8.40455 3.8335,
	8.39585 3.8335,
	8.37844 3.8248,
	8.36974 3.81827,
	8.36539 3.81827,
	8.33711 3.78781,
	8.33058 3.77911,
	8.32623 3.77476,
	8.32405 3.76606,
	8.30665 3.75518,
	8.28924 3.73995,
	8.26531 3.70731,
	8.25008 3.6725,
	8.2479 3.6551,
	8.2392 3.63987,
	8.22397 3.62682,
	8.21744 3.62246,
	8.19134 3.58983,
	8.18481 3.58113,
	8.18046 3.56372,
	8.18046 3.52891,
	8.18046 3.52021,
	"/>
</Transform>

</Section>