<?xml version="1.0"?>
<!DOCTYPE Section SYSTEM "section.dtd">

<Section index="19" thickness="0.048" alignLocked="true">
<Transform dim="6"
 xcoef=" -0.177492250771548 0.998543026644729 -0.0100712961618164 0 0 0"
 ycoef=" -0.0755473548834642 -0.00237123459751437 0.975240597849761 0 0 0">
<Contour name="D04" hidden="false" closed="true" simplified="true" border="1 0 0" fill="1 0 0" mode="13"
 points="1.48509 3.96394,
	1.49282 3.91173,
	1.51566 3.86197,
	1.55253 3.81697,
	1.60172 3.77885,
	1.66092 3.74938,
	1.72737 3.72994,
	1.79795 3.72145,
	1.86937 3.72429,
	1.93829 3.73834,
	2.00148 3.76294,
	2.05599 3.79693,
	2.09928 3.83874,
	2.12931 3.88639,
	2.14469 3.93768,
	2.14469 3.99019,
	2.12931 4.04148,
	2.09928 4.08913,
	2.05599 4.13094,
	2.00148 4.16493,
	1.93829 4.18953,
	1.86937 4.20358,
	1.79795 4.20642,
	1.72737 4.19793,
	1.66092 4.17849,
	1.60172 4.14902,
	1.55253 4.1109,
	1.51566 4.0659,
	"/>
</Transform>

<Transform dim="6"
 xcoef=" 0.0925077492284508 0.998543026644729 -0.0100712961618164 0 0 0"
 ycoef=" 0.224452645116536 -0.00237123459751437 0.975240597849761 0 0 0">
<Contour name="D06" hidden="false" closed="true" simplified="true" border="0 0 1" fill="0 0 1" mode="9"
 points="6.49247 7.67397,
	6.49754 7.62099,
	6.51242 7.57147,
	6.53614 7.52867,
	6.56714 7.49536,
	6.60341 7.47374,
	6.64256 7.46521,
	6.68203 7.47034,
	6.71925 7.48879,
	6.75178 7.51935,
	6.77748 7.56003,
	6.79469 7.60815,
	6.80227 7.66058,
	6.79973 7.71389,
	6.78723 7.76459,
	6.7656 7.80935,
	6.73624 7.84527,
	6.70108 7.86997,
	6.66242 7.88186,
	6.62278 7.88015,
	6.58476 7.86495,
	6.55085 7.83726,
	6.52326 7.79889,
	6.5038 7.75234,
	"/>
</Transform>

<Transform dim="6"
 xcoef=" 0.0925077492284508 0.998543026644729 -0.0100712961618164 0 0 0"
 ycoef=" 0.224452645116536 -0.00237123459751437 0.975240597849761 0 0 0">
<Contour name="D07" hidden="false" closed="true" simplified="true" border="1 0 1" fill="1 0 1" mode="9"
 points="5.214 6.96827,
	5.22178 6.92907,
	5.24446 6.89319,
	5.28013 6.86368,
	5.32575 6.84304,
	5.37746 6.83302,
	5.43088 6.83446,
	5.48146 6.84726,
	5.52493 6.87031,
	5.5576 6.90168,
	5.57669 6.93869,
	5.58059 6.97821,
	5.56897 7.01689,
	5.54281 7.05144,
	5.50433 7.07894,
	5.4568 7.09706,
	5.40424 7.10426,
	5.35111 7.09993,
	5.30192 7.08443,
	5.26084 7.05908,
	5.23135 7.02603,
	"/>
</Transform>

<Transform dim="6"
 xcoef=" 0.0925077492284508 0.998543026644729 -0.0100712961618164 0 0 0"
 ycoef=" 0.224452645116536 -0.00237123459751437 0.975240597849761 0 0 0">
<Contour name="d01c02" hidden="false" closed="true" simplified="true" border="1 0 0" fill="0 1 0" mode="9"
 points="4.27153 4.64009,
	4.28098 4.62119,
	4.2857 4.58339,
	4.33295 4.51251,
	4.35185 4.50306,
	4.38493 4.46998,
	4.40383 4.45581,
	4.55503 4.43218,
	4.59284 4.43218,
	4.66844 4.41801,
	4.70624 4.41801,
	4.72514 4.42273,
	4.74404 4.43691,
	4.74877 4.47471,
	4.73932 4.49361,
	4.72041 4.51251,
	4.68261 4.53141,
	4.60701 4.54086,
	4.53141 4.52668,
	4.45581 4.52196,
	4.3802 4.55976,
	4.3424 4.58811,
	4.3235 4.60229,
	4.31405 4.62119,
	4.29515 4.64009,
	4.27625 4.64481,
	"/>
<Contour name="d01cfa02" hidden="false" closed="false" simplified="false" border="0 1 1" fill="0 1 1" mode="9"
 points="4.73211 4.49547,
	4.70376 4.48129,
	4.64234 4.45766,
	4.54783 4.46239,
	4.46278 4.48129,
	4.39663 4.50019,
	4.32103 4.57579,
	4.2785 4.63249,
	"/>
</Transform>

<Transform dim="6"
 xcoef=" 0.0925077492284508 0.998543026644729 -0.0100712961618164 0 0 0"
 ycoef=" 0.224452645116536 -0.00237123459751437 0.975240597849761 0 0 0">
<Contour name="d01c03" hidden="false" closed="true" simplified="true" border="1 0 0" fill="0 1 0" mode="9"
 points="5.37248 4.51723,
	5.40556 4.49361,
	5.48116 4.50306,
	5.55676 4.50306,
	5.59457 4.52196,
	5.63237 4.53141,
	5.70797 4.53613,
	5.72687 4.55503,
	5.73632 4.57394,
	5.77412 4.60701,
	5.81192 4.63064,
	5.81665 4.64954,
	5.81192 4.66844,
	5.79302 4.68261,
	5.77412 4.68734,
	5.75522 4.68261,
	5.74105 4.66371,
	5.73632 4.64481,
	5.70324 4.62119,
	5.62764 4.61174,
	5.61819 4.60229,
	5.60874 4.60229,
	5.57094 4.57866,
	5.49534 4.56921,
	5.45754 4.55976,
	5.43864 4.55976,
	5.40084 4.54086,
	5.39138 4.52196,
	5.38666 4.51723,
	5.37721 4.52196,
	"/>
</Transform>

<Transform dim="6"
 xcoef=" 0.0925077492284508 0.998543026644729 -0.0100712961618164 0 0 0"
 ycoef=" 0.224452645116536 -0.00237123459751437 0.975240597849761 0 0 0">
<Contour name="d02c02" hidden="false" closed="true" simplified="true" border="0 1 0" fill="0 1 0" mode="9"
 points="7.4946 4.03973,
	7.51397 3.97776,
	7.52946 3.96614,
	7.56045 3.95839,
	7.59143 3.95839,
	7.60305 3.97388,
	7.60692 4.00487,
	7.60305 4.03585,
	7.5953 4.05135,
	7.5953 4.11332,
	7.5953 4.12881,
	7.58756 4.1443,
	7.58756 4.15205,
	7.57207 4.16367,
	7.54108 4.15979,
	7.53333 4.15979,
	7.52171 4.1443,
	7.51784 4.12881,
	7.50622 4.11332,
	7.4946 4.08233,
	7.4946 4.05135,
	7.4946 4.0436,
	"/>
<Contour name="d02cfa02" hidden="false" closed="false" simplified="false" border="0 1 1" fill="0 1 1" mode="9"
 points="7.55778 3.95546,
	7.54228 3.99419,
	7.53454 4.05229,
	7.53066 4.09877,
	7.55003 4.16074,
	"/>
</Transform>

<Transform dim="6"
 xcoef=" 0.642507749228452 0.998543026644729 -0.0100712961618164 0 0 0"
 ycoef=" 1.13445264511655 -0.00237123459751437 0.975240597849761 0 0 0">
<Contour name="D08" hidden="false" closed="true" simplified="true" border="1 0 0" fill="1 0 0" mode="9"
 points="7.49445 4.52104,
	7.50131 4.46725,
	7.52123 4.41872,
	7.55225 4.38021,
	7.59134 4.35549,
	7.63467 4.34697,
	7.67801 4.35549,
	7.7171 4.38021,
	7.74812 4.41872,
	7.76804 4.46725,
	7.7749 4.52104,
	7.76804 4.57483,
	7.74812 4.62336,
	7.7171 4.66187,
	7.67801 4.68659,
	7.63467 4.69511,
	7.59134 4.68659,
	7.55225 4.66187,
	7.52123 4.62336,
	"/>
</Transform>

<Transform dim="6"
 xcoef=" 0.0925077492284508 0.998543026644729 -0.0100712961618164 0 0 0"
 ycoef=" 0.224452645116536 -0.00237123459751437 0.975240597849761 0 0 0">
<Contour name="mito JB13" hidden="false" closed="false" simplified="true" border="1 0.5 0" fill="1 0.5 0" mode="9"
 points="4.82112 7.79702,
	5.08405 7.76264,
	"/>
</Transform>

<Transform dim="6"
 xcoef=" -0.0774922507715485 0.998543026644729 -0.0100712961618164 0 0 0"
 ycoef=" 0.0644526451165361 -0.00237123459751437 0.975240597849761 0 0 0">
<Contour name="D13" hidden="false" closed="true" simplified="true" border="0.5 0 1" fill="0.5 0 1" mode="9"
 points="2.63438 1.83344,
	2.64248 1.75517,
	2.66636 1.68083,
	2.70483 1.61414,
	2.75596 1.55845,
	2.81718 1.51654,
	2.88543 1.49053,
	2.95728 1.48171,
	3.02913 1.49053,
	3.09737 1.51654,
	3.1586 1.55845,
	3.20972 1.61414,
	3.24819 1.68083,
	3.27207 1.75517,
	3.28017 1.83344,
	3.27207 1.9117,
	3.24819 1.98604,
	3.20972 2.05273,
	3.1586 2.10842,
	3.09737 2.15033,
	3.02913 2.17634,
	2.95728 2.18516,
	2.88543 2.17634,
	2.81718 2.15033,
	2.75596 2.10842,
	2.70483 2.05273,
	2.66636 1.98604,
	"/>
<Contour name="D12" hidden="false" closed="true" simplified="true" border="1 0.5 0" fill="1 0.5 0" mode="9"
 points="4.93362 5.94034,
	4.94389 5.85587,
	4.97389 5.77824,
	5.02118 5.71375,
	5.08193 5.66761,
	5.15121 5.64357,
	5.22342 5.64357,
	5.29271 5.66761,
	5.35346 5.71375,
	5.40074 5.77824,
	5.43074 5.85587,
	5.44102 5.94034,
	5.43074 6.02482,
	5.40074 6.10244,
	5.35346 6.16694,
	5.29271 6.21308,
	5.22342 6.23712,
	5.15121 6.23712,
	5.08193 6.21308,
	5.02118 6.16694,
	4.97389 6.10244,
	4.94389 6.02482,
	"/>
</Transform>

<Transform dim="6"
 xcoef=" 0.0925077492284508 0.998543026644729 -0.0100712961618164 0 0 0"
 ycoef=" 0.224452645116536 -0.00237123459751437 0.975240597849761 0 0 0">
<Contour name="d13" hidden="false" closed="true" simplified="true" border="1 1 0" fill="1 1 0" mode="11"
 points="3.16999 3.70062,
	3.21129 3.54043,
	3.2163 3.52041,
	3.2188 3.51039,
	3.2238 3.50038,
	3.25259 3.46033,
	3.26636 3.44031,
	3.28262 3.42029,
	3.32017 3.38024,
	3.33018 3.37023,
	3.33519 3.36647,
	3.37523 3.35771,
	3.39526 3.35771,
	3.40652 3.37649,
	3.41153 3.3865,
	3.41778 3.46659,
	3.42154 3.50664,
	3.41904 3.66683,
	3.41778 3.74692,
	3.41778 3.75693,
	3.40902 3.79698,
	3.40026 3.81701,
	3.38149 3.83202,
	3.37148 3.83578,
	3.33143 3.83828,
	3.31141 3.84078,
	3.29138 3.84704,
	3.28137 3.8508,
	3.27887 3.85205,
	3.25885 3.84203,
	3.22005 3.80574,
	3.20128 3.78947,
	3.18 3.74943,
	3.17124 3.7294,
	3.16999 3.70938,
	3.16999 3.70437,
	3.16999 3.70187,
	"/>
</Transform>

<Transform dim="6"
 xcoef=" 0.0925077492284508 0.998543026644729 -0.0100712961618164 0 0 0"
 ycoef=" 0.224452645116536 -0.00237123459751437 0.975240597849761 0 0 0">
<Contour name="d13" hidden="false" closed="true" simplified="true" border="1 1 0" fill="1 1 0" mode="11"
 points="3.63347 3.08462,
	3.66311 3.01921,
	3.69582 2.99877,
	3.72853 2.99672,
	3.76123 2.99774,
	3.76532 2.99774,
	3.79087 3.03045,
	3.79803 3.03863,
	3.80314 3.0468,
	3.82562 3.11222,
	3.83482 3.14492,
	3.83789 3.1531,
	3.84811 3.16945,
	3.84504 3.20216,
	3.84504 3.20625,
	3.84504 3.20829,
	3.82869 3.22056,
	3.82051 3.22669,
	3.81847 3.22873,
	3.75306 3.2318,
	3.72035 3.23282,
	3.68764 3.22873,
	3.68355 3.22771,
	3.68151 3.22771,
	3.66107 3.195,
	3.65085 3.17865,
	3.64574 3.17047,
	3.63654 3.10506,
	3.63347 3.08871,
	3.63347 3.08564,
	"/>
</Transform>

<Transform dim="6"
 xcoef=" 0.0925077492284508 0.998543026644729 -0.0100712961618164 0 0 0"
 ycoef=" 0.224452645116536 -0.00237123459751437 0.975240597849761 0 0 0">
<Contour name="d13p04" hidden="false" closed="true" simplified="false" border="1 0 0" fill="1 0 0" mode="-13"
 points="3.90046 2.30987,
	3.90767 2.29978,
	3.90046 2.28968,
	3.90478 2.28968,
	3.91055 2.29833,
	3.91632 2.28968,
	3.92065 2.28968,
	3.91344 2.29978,
	3.92065 2.30987,
	3.91632 2.30987,
	3.91055 2.30122,
	3.90478 2.30987,
	"/>
</Transform>

<Transform dim="6"
 xcoef=" 0.0925077492284508 0.998543026644729 -0.0100712961618164 0 0 0"
 ycoef=" 0.224452645116536 -0.00237123459751437 0.975240597849761 0 0 0">
<Contour name="d13p05" hidden="false" closed="true" simplified="false" border="1 1 0" fill="1 1 0" mode="-13"
 points="3.84931 1.59296,
	3.84931 1.56651,
	3.82286 1.56651,
	3.82286 1.58965,
	3.81956 1.59296,
	3.81956 1.56321,
	3.85261 1.56321,
	3.85261 1.59626,
	3.81956 1.59626,
	3.82286 1.59296,
	"/>
</Transform>

<Transform dim="6"
 xcoef=" 0.0925077492284508 0.998543026644729 -0.0100712961618164 0 0 0"
 ycoef=" 0.224452645116536 -0.00237123459751437 0.975240597849761 0 0 0">
<Contour name="d13p06" hidden="false" closed="true" simplified="false" border="0 0 1" fill="0 0 1" mode="9"
 points="3.28967 1.02176,
	3.27267 1.00476,
	3.28967 0.987766,
	3.30667 1.00476,
	"/>
</Transform>

<Transform dim="6"
 xcoef=" 0.0925077492284508 0.998543026644729 -0.0100712961618164 0 0 0"
 ycoef=" 0.224452645116536 -0.00237123459751437 0.975240597849761 0 0 0">
<Contour name="d13" hidden="false" closed="true" simplified="true" border="1 1 0" fill="1 1 0" mode="11"
 points="1.18092 2.87722,
	1.19575 2.81789,
	1.19761 2.80306,
	1.20502 2.78823,
	1.21244 2.78267,
	1.21614 2.77896,
	1.21429 2.77526,
	1.25508 2.65661,
	1.2662 2.62695,
	1.27176 2.61211,
	1.30698 2.55279,
	1.3144 2.53796,
	1.33479 2.47863,
	1.33665 2.47122,
	1.34406 2.46566,
	1.40339 2.45639,
	1.41822 2.45453,
	1.42563 2.45083,
	1.43119 2.45824,
	1.43861 2.4879,
	1.49793 2.60655,
	1.50164 2.61397,
	1.5313 2.63992,
	1.54613 2.6529,
	1.54984 2.68256,
	1.5517 2.69739,
	1.58136 2.72335,
	1.60546 2.78267,
	1.6036 2.81233,
	1.58877 2.82346,
	1.57394 2.82716,
	1.51462 2.81789,
	1.48496 2.81233,
	1.45529 2.81789,
	1.44973 2.83273,
	1.39226 2.87722,
	1.3626 2.89761,
	1.30328 2.918,
	1.24395 2.92171,
	1.21429 2.91986,
	1.20687 2.918,
	1.18463 2.8902,
	1.18092 2.88278,
	1.18092 2.87907,
	"/>
</Transform>

<Transform dim="6"
 xcoef=" 0.0925077492284508 0.998543026644729 -0.0100712961618164 0 0 0"
 ycoef=" 0.224452645116536 -0.00237123459751437 0.975240597849761 0 0 0">
<Contour name="d13p08" hidden="false" closed="true" simplified="false" border="1 0 0" fill="1 0 0" mode="9"
 points="3.03463 2.82818,
	3.02219 2.82818,
	3.02219 2.8344,
	3.02841 2.84063,
	3.04707 2.84685,
	3.03463 2.85307,
	3.02841 2.86551,
	3.01597 2.85307,
	3.00975 2.84063,
	3.00975 2.82818,
	2.9973 2.82818,
	3.01597 2.81574,
	"/>
</Transform>

<Transform dim="6"
 xcoef=" 0.0925077492284508 0.998543026644729 -0.0100712961618164 0 0 0"
 ycoef=" 0.224452645116536 -0.00237123459751437 0.975240597849761 0 0 0">
<Contour name="d13" hidden="false" closed="true" simplified="true" border="1 1 0" fill="1 1 0" mode="11"
 points="3.89521 2.43754,
	3.89701 2.4088,
	3.89791 2.40162,
	3.9006 2.39892,
	3.95808 2.37647,
	3.97245 2.37018,
	4.02994 2.38186,
	4.03712 2.38365,
	4.04071 2.38455,
	4.06945 2.40431,
	4.07664 2.4088,
	4.09011 2.42227,
	4.10179 2.43664,
	4.10717 2.44383,
	4.10987 2.44742,
	4.11436 2.46179,
	4.11616 2.46898,
	4.11705 2.47257,
	4.10897 2.48694,
	4.10717 2.49053,
	4.0928 2.49861,
	4.08562 2.50221,
	4.08382 2.5031,
	4.02634 2.4555,
	4.01916 2.44922,
	4.01826 2.44832,
	3.96078 2.45281,
	3.93204 2.46179,
	3.92485 2.46448,
	3.89611 2.44562,
	3.89521 2.43844,
	"/>
</Transform>

<Transform dim="6"
 xcoef=" 0.0925077492284508 0.998543026644729 -0.0100712961618164 0 0 0"
 ycoef=" 0.224452645116536 -0.00237123459751437 0.975240597849761 0 0 0">
<Contour name="d13" hidden="false" closed="true" simplified="true" border="1 1 0" fill="1 1 0" mode="11"
 points="2.84258 3.19418,
	2.85881 3.15091,
	2.86286 3.14009,
	2.87368 3.13603,
	2.91696 3.12657,
	2.93859 3.12521,
	2.94941 3.12521,
	2.99269 3.11169,
	3.01432 3.10493,
	3.01703 3.10358,
	3.0603 3.11575,
	3.07112 3.12116,
	3.07383 3.12386,
	3.07788 3.1455,
	3.07653 3.15632,
	3.06706 3.16714,
	3.05625 3.17525,
	3.03461 3.18472,
	2.99133 3.19959,
	2.9697 3.20365,
	2.95888 3.205,
	2.93724 3.22529,
	2.92777 3.23475,
	2.92507 3.25639,
	2.92237 3.26721,
	2.92101 3.27262,
	2.91019 3.27532,
	2.88856 3.27397,
	2.88315 3.27397,
	2.84528 3.23069,
	2.84393 3.20906,
	2.84258 3.19824,
	2.84258 3.19553,
	"/>
</Transform>

<Transform dim="6"
 xcoef=" 0.0925077492284508 0.998543026644729 -0.0100712961618164 0 0 0"
 ycoef=" 0.224452645116536 -0.00237123459751437 0.975240597849761 0 0 0">
<Contour name="d13" hidden="false" closed="true" simplified="true" border="1 1 0.501961" fill="0.5 0 1" mode="11"
 points="2.30348 1.46307,
	2.3919 1.3655,
	2.48947 1.28318,
	2.53825 1.24659,
	2.56264 1.23135,
	2.61143 1.21915,
	2.62362 1.2161,
	2.72119 1.24964,
	2.74558 1.25574,
	2.79436 1.24659,
	2.81876 1.23744,
	2.82485 1.23744,
	2.87364 1.19476,
	2.89803 1.17951,
	2.94681 1.16427,
	2.9956 1.12158,
	3.04438 1.10634,
	3.09316 1.08195,
	3.19073 1.01487,
	3.23341 0.969136,
	3.24256 0.95694,
	3.24866 0.859373,
	3.25171 0.847178,
	3.25171 0.84108,
	3.30049 0.807541,
	3.32488 0.786198,
	3.32793 0.761807,
	3.32488 0.737415,
	3.34318 0.688632,
	3.33403 0.639849,
	3.29134 0.542282,
	3.27915 0.51789,
	3.26085 0.493499,
	3.23646 0.478254,
	3.20292 0.429471,
	3.18768 0.405079,
	3.1389 0.365443,
	3.1328 0.353247,
	3.08401 0.322757,
	3.07182 0.316659,
	3.04133 0.219093,
	3.02304 0.17031,
	3.01389 0.0727432,
	3.01084 0.0239599,
	3.01389 0.014813,
	3.03828 0.0117641,
	3.05048 0.00871512,
	3.07487 0.014813,
	3.12365 0.0483515,
	3.17243 0.0696942,
	3.19683 0.0757921,
	3.22122 0.0910369,
	3.24561 0.0971348,
	3.29439 0.0910369,
	3.31878 0.0879879,
	3.33098 0.08189,
	3.35537 0.0879879,
	3.36147 0.0971348,
	3.37976 0.194701,
	3.39501 0.243485,
	3.40415 0.267876,
	3.4194 0.292268,
	3.4316 0.304464,
	3.47733 0.322757,
	3.50172 0.331904,
	3.59929 0.322757,
	3.64807 0.307513,
	3.67246 0.298366,
	3.72125 0.25568,
	3.81881 0.188603,
	4.01395 0.0453026,
	4.06273 0.0117641,
	4.08407 -0.0126276,
	4.13286 -0.0187255,
	4.14505 -0.0187255,
	4.15115 -0.0187255,
	4.1542 -0.0126276,
	4.14505 0.0117641,
	4.13895 0.0239599,
	4.13895 0.0361557,
	4.12371 0.0605473,
	4.04139 0.155065,
	3.99565 0.200799,
	3.97126 0.216044,
	3.94077 0.264827,
	3.90418 0.313611,
	3.80967 0.408128,
	3.76393 0.505695,
	3.74564 0.554478,
	3.7182 0.652044,
	3.70905 0.676436,
	3.68161 0.725219,
	3.66637 0.749611,
	3.65722 0.774003,
	3.64197 0.795345,
	3.54441 0.853275,
	3.52002 0.862422,
	3.42245 0.856324,
	3.37367 0.86852,
	3.36147 0.871569,
	3.35537 0.871569,
	3.34622 0.920352,
	3.34622 0.944744,
	3.34318 0.95694,
	3.34927 1.00572,
	3.36452 1.05451,
	3.4133 1.15207,
	3.45599 1.20086,
	3.55355 1.29537,
	3.60234 1.33196,
	3.61453 1.33806,
	3.70295 1.43563,
	3.72734 1.46002,
	3.75174 1.47831,
	3.77613 1.48441,
	3.78832 1.48746,
	3.80662 1.51185,
	3.83101 1.53319,
	3.8432 1.54234,
	3.8493 1.54539,
	3.89809 1.52709,
	3.92248 1.51795,
	4.02004 1.52405,
	4.06883 1.521,
	4.09322 1.51795,
	4.19079 1.49051,
	4.28835 1.47221,
	4.33713 1.49965,
	4.38287 1.54234,
	4.40726 1.56063,
	4.45604 1.58807,
	4.48044 1.60027,
	4.49568 1.62466,
	4.50483 1.64905,
	4.49873 1.67344,
	4.47434 1.69479,
	4.46214 1.70698,
	4.41336 1.73137,
	4.36458 1.73442,
	4.31579 1.71003,
	4.26701 1.67649,
	4.24262 1.66125,
	4.19383 1.64295,
	4.16944 1.63381,
	4.15725 1.63076,
	4.10846 1.63991,
	4.05968 1.64295,
	3.96211 1.63381,
	3.91333 1.63991,
	3.90723 1.63991,
	3.89199 1.61551,
	3.88894 1.60332,
	3.87979 1.59417,
	3.8554 1.60332,
	3.8432 1.61551,
	3.83406 1.63991,
	3.84016 1.68869,
	3.84625 1.71308,
	3.84016 1.76186,
	3.8554 1.81065,
	3.87369 1.90821,
	3.88284 1.957,
	3.88284 1.96919,
	3.90418 2.01798,
	3.91333 2.06676,
	3.90113 2.11554,
	3.89504 2.16433,
	3.90723 2.21311,
	3.91028 2.2375,
	3.91333 2.2497,
	3.92248 2.25884,
	3.92858 2.26189,
	3.95297 2.2497,
	3.96211 2.2436,
	4.0109 2.28324,
	4.03529 2.28019,
	4.13286 2.32592,
	4.18164 2.32897,
	4.23042 2.34421,
	4.25481 2.35336,
	4.2792 2.3747,
	4.2914 2.38385,
	4.31579 2.43263,
	4.32189 2.44483,
	4.34628 2.45703,
	4.44385 2.5363,
	4.46824 2.55764,
	4.48044 2.56984,
	4.49263 2.57593,
	4.54141 2.56984,
	4.55361 2.56984,
	4.55971 2.56679,
	4.75484 2.61862,
	4.85241 2.65216,
	4.8646 2.64911,
	4.889 2.69789,
	4.89814 2.72228,
	4.90119 2.74668,
	4.89204 2.77107,
	4.87375 2.79546,
	4.85241 2.84424,
	4.84326 2.86863,
	4.84326 2.89303,
	4.81277 2.99059,
	4.79448 3.01498,
	4.74569 3.02718,
	4.7213 3.02413,
	4.71521 3.02413,
	4.70606 3.01194,
	4.67252 2.91437,
	4.66032 2.86559,
	4.64508 2.84119,
	4.63288 2.829,
	4.5841 2.80461,
	4.53532 2.79851,
	4.51093 2.78631,
	4.46214 2.74668,
	4.43775 2.72533,
	4.39202 2.62777,
	4.35543 2.57898,
	4.34628 2.56679,
	4.2975 2.56374,
	4.27311 2.54849,
	4.24872 2.5424,
	4.23652 2.5363,
	4.23042 2.5363,
	4.19383 2.48751,
	4.10541 2.38995,
	4.05663 2.36251,
	4.03224 2.35031,
	4.02004 2.34421,
	3.97126 2.33812,
	3.95906 2.33507,
	3.91028 2.34726,
	3.88589 2.37165,
	3.87064 2.39605,
	3.77613 2.49361,
	3.75174 2.51191,
	3.7182 2.56069,
	3.67856 2.60947,
	3.65722 2.63082,
	3.63283 2.64301,
	3.62063 2.64606,
	3.59624 2.64301,
	3.54746 2.61557,
	3.52306 2.60338,
	3.51697 2.60033,
	3.4194 2.62777,
	3.37062 2.64301,
	3.32183 2.65216,
	3.29744 2.65826,
	3.25781 2.70704,
	3.23646 2.73143,
	3.22427 2.74363,
	3.19988 2.75582,
	3.15109 2.79546,
	3.1267 2.8107,
	3.1145 2.81375,
	3.10231 2.8351,
	3.09926 2.84729,
	3.10536 2.87168,
	3.09011 2.92047,
	3.08401 2.94486,
	3.07487 2.95705,
	3.02608 2.9662,
	3.00169 2.97535,
	2.9773 2.97535,
	2.96511 2.97535,
	2.95901 2.97535,
	2.95596 2.96315,
	2.95901 2.93876,
	2.99255 2.88998,
	2.96206 2.84119,
	2.91632 2.79241,
	2.90413 2.78326,
	2.85534 2.76802,
	2.83705 2.74668,
	2.834 2.74058,
	2.81571 2.71619,
	2.79132 2.70704,
	2.76692 2.70399,
	2.75778 2.70399,
	2.70899 2.70094,
	2.6846 2.70399,
	2.67241 2.70094,
	2.65716 2.6796,
	2.63582 2.65826,
	2.62362 2.64911,
	2.59923 2.64301,
	2.58704 2.63996,
	2.58094 2.63996,
	2.55959 2.61557,
	2.5535 2.60338,
	2.55655 2.55459,
	2.55045 2.5302,
	2.5474 2.518,
	2.5474 2.51191,
	2.52301 2.49056,
	2.49557 2.44178,
	2.46508 2.34421,
	2.44678 2.29543,
	2.42239 2.24665,
	2.4102 2.22226,
	2.40715 2.19786,
	2.41629 2.1003,
	2.39495 2.00273,
	2.38885 1.99054,
	2.39495 1.96614,
	2.4102 1.94175,
	2.45898 1.91736,
	2.48337 1.90212,
	2.50471 1.88077,
	2.51691 1.86858,
	2.50776 1.81979,
	2.41324 1.8137,
	2.38885 1.8137,
	2.37666 1.8137,
	2.37056 1.8137,
	2.36141 1.7893,
	2.35531 1.74052,
	2.34922 1.71613,
	2.30653 1.61856,
	2.30043 1.59417,
	2.30043 1.4966,
	2.30043 1.47221,
	2.30043 1.46612,
	"/>
</Transform>

<Transform dim="6"
 xcoef=" 0.0925077492284508 0.998543026644729 -0.0100712961618164 0 0 0"
 ycoef=" 0.224452645116536 -0.00237123459751437 0.975240597849761 0 0 0">
<Contour name="d04" hidden="false" closed="true" simplified="true" border="1 0 0" fill="1 0 0" mode="11"
 points="1.76628 3.92894,
	1.77433 3.91605,
	1.77595 3.91444,
	1.78239 3.91927,
	1.79528 3.91282,
	1.80173 3.9096,
	1.80495 3.90799,
	1.80656 3.88221,
	1.80495 3.86931,
	1.81301 3.84353,
	1.80495 3.81775,
	1.80334 3.81452,
	1.81462 3.80163,
	1.81784 3.77585,
	1.81784 3.76296,
	1.82107 3.75007,
	1.80818 3.73878,
	1.79851 3.7275,
	1.80979 3.71461,
	1.80656 3.70172,
	1.80012 3.68883,
	1.79851 3.68561,
	1.8114 3.67916,
	1.82429 3.66627,
	1.83074 3.66788,
	1.83396 3.65499,
	1.83235 3.6292,
	1.82912 3.61631,
	1.81623 3.60826,
	1.80979 3.60503,
	1.79851 3.59214,
	1.80656 3.57925,
	1.80818 3.5728,
	1.82107 3.56636,
	1.82429 3.56797,
	1.84846 3.54218,
	1.83718 3.5309,
	1.83557 3.52768,
	1.84524 3.51479,
	1.8533 3.48901,
	1.85491 3.48256,
	1.84363 3.45678,
	1.84363 3.44388,
	1.8533 3.4326,
	1.87908 3.42132,
	1.98222 3.39071,
	1.99511 3.38748,
	1.99833 3.38587,
	2.01122 3.39232,
	2.01767 3.39554,
	2.01928 3.39715,
	2.01767 3.39876,
	2.04345 3.4036,
	2.05634 3.39876,
	2.06279 3.39715,
	2.07568 3.40199,
	2.08213 3.40682,
	2.09502 3.40843,
	2.1208 3.41649,
	2.12725 3.41649,
	2.17882 3.44066,
	2.2046 3.44711,
	2.23038 3.46,
	2.24327 3.46483,
	2.26906 3.48578,
	2.27228 3.49867,
	2.27389 3.50512,
	2.28517 3.51801,
	2.28517 3.52124,
	2.29645 3.53413,
	2.3029 3.55991,
	2.30129 3.5728,
	2.3029 3.58569,
	2.30612 3.59214,
	2.30129 3.59859,
	2.29968 3.60181,
	2.31096 3.65338,
	2.32868 3.70494,
	2.34158 3.73073,
	2.34963 3.74362,
	2.35608 3.75007,
	2.3593 3.75651,
	2.35769 3.76296,
	2.35608 3.76457,
	2.36575 3.77746,
	2.36736 3.79035,
	2.36736 3.7968,
	2.36736 3.80002,
	2.39314 3.8258,
	2.4012 3.8387,
	2.40926 3.86448,
	2.43021 3.89026,
	2.44632 3.91605,
	2.44954 3.92249,
	2.43988 3.93539,
	2.43826 3.937,
	2.44793 3.94989,
	2.47372 3.97245,
	2.48822 3.99823,
	2.48822 4.00468,
	2.4995 4.01757,
	2.51239 4.02563,
	2.52528 4.03852,
	2.5269 4.04174,
	2.52528 4.04497,
	2.52851 4.05786,
	2.54784 4.08364,
	2.56074 4.08848,
	2.56396 4.09009,
	2.57041 4.08686,
	2.58169 4.09976,
	2.58491 4.10298,
	2.57363 4.12876,
	2.57202 4.13199,
	2.58169 4.14488,
	2.59458 4.1481,
	2.60102 4.14649,
	2.61392 4.15132,
	2.62681 4.1626,
	2.63325 4.16905,
	2.63486 4.1755,
	2.63164 4.18839,
	2.63164 4.19483,
	2.65581 4.20934,
	2.66387 4.22223,
	2.66709 4.23512,
	2.67032 4.24157,
	2.66709 4.25446,
	2.66387 4.2609,
	2.66065 4.26413,
	2.65259 4.25124,
	2.64937 4.24962,
	2.64453 4.27541,
	2.65098 4.2883,
	2.6542 4.31408,
	2.6542 4.32698,
	2.63648 4.37854,
	2.63164 4.39143,
	2.62681 4.39788,
	2.6252 4.39466,
	2.62036 4.42044,
	2.60747 4.44622,
	2.59941 4.47201,
	2.58974 4.52358,
	2.58491 4.54936,
	2.58007 4.56225,
	2.57202 4.57514,
	2.55912 4.58803,
	2.55268 4.59126,
	2.53979 4.58965,
	2.5269 4.57998,
	2.52045 4.57514,
	2.46888 4.5977,
	2.46244 4.59932,
	2.45599 4.5977,
	2.45438 4.59609,
	2.44149 4.60415,
	2.42698 4.65572,
	2.42215 4.66861,
	2.39959 4.69439,
	2.3867 4.70567,
	2.38025 4.71051,
	2.37703 4.71373,
	2.3738 4.71051,
	2.34802 4.72018,
	2.32224 4.7379,
	2.31901 4.73951,
	2.3174 4.7379,
	2.29162 4.75563,
	2.26584 4.7653,
	2.26261 4.76691,
	2.24972 4.76207,
	2.24327 4.76207,
	2.24166 4.7653,
	2.24327 4.77174,
	2.24489 4.77497,
	2.23199 4.78464,
	2.22555 4.79108,
	2.21105 4.78947,
	2.19976 4.77819,
	2.19332 4.77497,
	2.1901 4.7798,
	2.18365 4.7798,
	2.17237 4.78786,
	2.16592 4.78947,
	2.15948 4.78786,
	2.1482 4.79753,
	2.14497 4.79269,
	2.14175 4.79108,
	2.13369 4.80236,
	2.12886 4.80881,
	2.12725 4.81203,
	2.12403 4.81042,
	2.12725 4.8072,
	2.12886 4.7943,
	2.12564 4.79108,
	2.11919 4.79108,
	2.1063 4.78302,
	2.09985 4.7798,
	2.08696 4.78302,
	2.07407 4.79108,
	2.06924 4.79592,
	2.06279 4.79592,
	2.05634 4.78947,
	2.05795 4.78786,
	2.05151 4.78464,
	2.04667 4.77819,
	2.04506 4.7653,
	2.03701 4.75241,
	2.01283 4.72662,
	2.00961 4.72018,
	2.00478 4.72662,
	1.99188 4.72823,
	1.98866 4.72823,
	1.96288 4.70406,
	1.9516 4.69117,
	1.93871 4.68311,
	1.93226 4.6815,
	1.92904 4.68311,
	1.92259 4.67989,
	1.91937 4.67667,
	1.92098 4.67505,
	1.90809 4.67022,
	1.8952 4.66216,
	1.89358 4.66055,
	1.89681 4.65411,
	1.89842 4.65088,
	1.87263 4.63316,
	1.85974 4.6251,
	1.8533 4.61865,
	1.84524 4.60576,
	1.83396 4.59287,
	1.83235 4.59126,
	1.83879 4.58642,
	1.84202 4.58481,
	1.84363 4.57192,
	1.83879 4.54614,
	1.8404 4.53969,
	1.83557 4.51391,
	1.83718 4.50746,
	1.83879 4.50424,
	1.83074 4.49135,
	1.82912 4.47845,
	1.83074 4.46556,
	1.82912 4.45267,
	1.82429 4.43978,
	1.82268 4.43333,
	1.82268 4.43011,
	1.80979 4.42205,
	1.80173 4.40916,
	1.80012 4.40755,
	1.80173 4.40433,
	1.79851 4.39949,
	1.80656 4.3866,
	1.81784 4.37371,
	1.81946 4.34792,
	1.81946 4.33503,
	1.82268 4.32214,
	1.82107 4.30925,
	1.81462 4.29636,
	1.80818 4.27057,
	1.80656 4.26413,
	1.8114 4.25768,
	1.80979 4.24479,
	1.80979 4.23834,
	1.81462 4.2319,
	1.80979 4.21901,
	1.80818 4.21256,
	1.8114 4.18678,
	1.81462 4.17388,
	1.81301 4.16099,
	1.79528 4.13521,
	1.79206 4.13199,
	1.79045 4.11909,
	1.79367 4.09331,
	1.79689 4.08686,
	1.80012 4.08364,
	1.80979 4.09492,
	1.80979 4.06914,
	1.81301 4.04335,
	1.81301 4.03691,
	1.81946 4.02402,
	1.82107 4.02079,
	1.80979 4.0079,
	1.80818 4.00468,
	1.8114 3.99179,
	1.8114 3.98534,
	1.81301 3.98212,
	1.80656 3.96923,
	1.78078 3.95795,
	1.77433 3.95472,
	1.7695 3.94828,
	1.76628 3.93539,
	1.76628 3.93055,
	"/>
</Transform>

<Transform dim="6"
 xcoef=" 0.0925077492284508 0.998543026644729 -0.0100712961618164 0 0 0"
 ycoef=" 0.224452645116536 -0.00237123459751437 0.975240597849761 0 0 0">
<Contour name="d04" hidden="false" closed="true" simplified="true" border="1 0 0" fill="1 0 0" mode="11"
 points="1.39869 1.90937,
	1.44409 1.881,
	1.45544 1.87249,
	1.46678 1.87249,
	1.47246 1.87249,
	1.47813 1.89519,
	1.48097 1.94058,
	1.48097 1.96328,
	1.48381 1.96612,
	1.50367 1.92072,
	1.50934 1.93207,
	1.52636 2.02286,
	1.54906 2.11365,
	1.55757 2.15904,
	1.57176 2.20443,
	1.59729 2.24983,
	1.67957 2.34061,
	1.72496 2.36615,
	1.77036 2.38601,
	1.81575 2.39168,
	1.83845 2.39452,
	1.84979 2.39736,
	1.86114 2.39452,
	1.86965 2.38317,
	1.91505 2.38601,
	1.96044 2.4087,
	1.98314 2.42005,
	2.01435 2.46545,
	2.02002 2.46828,
	2.04272 2.45694,
	2.05974 2.47963,
	2.06541 2.48531,
	2.07109 2.57609,
	2.07393 2.59879,
	2.0569 2.64418,
	2.04555 2.66688,
	2.03988 2.67823,
	1.99449 2.70376,
	1.94909 2.71795,
	1.93774 2.72079,
	1.93207 2.72079,
	1.93207 2.72646,
	1.94626 2.74916,
	1.9576 2.76051,
	1.96044 2.76334,
	1.94626 2.78604,
	1.93207 2.83143,
	1.94058 2.85413,
	1.94342 2.8598,
	1.92923 2.8825,
	1.83845 2.9052,
	1.83277 2.9052,
	1.82426 2.91655,
	1.82142 2.9279,
	1.80156 2.94776,
	1.77887 2.96194,
	1.77603 2.96478,
	1.76184 2.94492,
	1.75333 2.93641,
	1.73915 2.89101,
	1.70226 2.84562,
	1.69659 2.83995,
	1.7051 2.79455,
	1.70794 2.78888,
	1.66538 2.76334,
	1.64552 2.74916,
	1.64836 2.70376,
	1.64836 2.68107,
	1.64836 2.66972,
	1.63701 2.64986,
	1.59162 2.61865,
	1.54622 2.59879,
	1.50083 2.59312,
	1.47813 2.58744,
	1.46678 2.58461,
	1.45544 2.40303,
	1.4526 2.31224,
	1.45544 2.26685,
	1.4526 2.24415,
	1.41288 2.15336,
	1.40437 2.13067,
	1.43558 2.03988,
	1.44125 2.02853,
	1.41855 1.98314,
	1.40721 1.96044,
	1.40153 1.94909,
	1.39869 1.9264,
	1.39869 1.91505,
	1.39869 1.91221,
	"/>
</Transform>

<Transform dim="6"
 xcoef=" 0.0925077492284508 0.998543026644729 -0.0100712961618164 0 0 0"
 ycoef=" 0.224452645116536 -0.00237123459751437 0.975240597849761 0 0 0">
<Contour name="d04" hidden="false" closed="true" simplified="true" border="1 0 0" fill="1 0 0" mode="11"
 points="0.862651 3.79156,
	0.924269 3.72583,
	0.955078 3.69297,
	0.969456 3.67654,
	0.987941 3.64368,
	1.00232 3.61081,
	1.00848 3.59438,
	1.01875 3.57795,
	1.05161 3.55536,
	1.06804 3.54509,
	1.07626 3.53892,
	1.08037 3.53687,
	1.14609 3.55946,
	1.16253 3.56563,
	1.17074 3.56973,
	1.17485 3.57179,
	1.16458 3.63751,
	1.16047 3.67038,
	1.15842 3.68681,
	1.16663 3.75253,
	1.16869 3.76897,
	1.17074 3.77307,
	1.23647 3.76897,
	1.24468 3.76691,
	1.24879 3.76691,
	1.28371 3.70119,
	1.30219 3.66832,
	1.31041 3.65189,
	1.31452 3.64368,
	1.38024 3.6026,
	1.39667 3.59438,
	1.39873 3.59233,
	1.46445 3.6293,
	1.48088 3.63751,
	1.4891 3.64162,
	1.52402 3.70735,
	1.54045 3.74021,
	1.54866 3.75664,
	1.55277 3.76486,
	1.55483 3.76897,
	1.53634 3.80183,
	1.52607 3.81826,
	1.51375 3.85112,
	1.50759 3.86755,
	1.45418 3.93328,
	1.38846 3.99284,
	1.3556 4.01544,
	1.33916 4.02571,
	1.28371 4.09143,
	1.22414 4.15716,
	1.19128 4.18797,
	1.15842 4.17154,
	1.09885 4.10581,
	1.08858 4.08938,
	1.06188 4.02365,
	1.03929 3.99079,
	1.03107 3.98257,
	0.998211 3.97847,
	0.989995 3.97641,
	0.985887 3.97641,
	0.967402 3.94355,
	0.955078 3.92712,
	0.889353 3.88399,
	0.874975 3.87166,
	0.864705 3.80594,
	0.862651 3.79772,
	0.862651 3.79361,
	"/>
</Transform>

<Transform dim="6"
 xcoef=" 0.0925077492284508 0.998543026644729 -0.0100712961618164 0 0 0"
 ycoef=" 0.224452645116536 -0.00237123459751437 0.975240597849761 0 0 0">
<Contour name="d04c03" hidden="false" closed="true" simplified="true" border="1 0 0.5" fill="1 0 1" mode="11"
 points="1.56378 2.16651,
	1.56615 2.16413,
	1.58513 2.18075,
	1.6231 2.19973,
	1.69904 2.25431,
	1.737 2.28516,
	1.75599 2.30177,
	1.76548 2.30889,
	1.84141 2.33499,
	1.86989 2.37295,
	1.87701 2.38245,
	1.86277 2.40143,
	1.85565 2.41092,
	1.8509 2.41567,
	1.81294 2.41567,
	1.79395 2.41567,
	1.71802 2.38245,
	1.70853 2.3777,
	1.63259 2.30177,
	1.59463 2.2638,
	1.5709 2.18786,
	1.56378 2.16888,
	"/>
</Transform>

<Transform dim="6"
 xcoef=" 0.0925077492284508 0.998543026644729 -0.0100712961618164 0 0 0"
 ycoef=" 0.224452645116536 -0.00237123459751437 0.975240597849761 0 0 0">
<Contour name="d04cfa03" hidden="false" closed="false" simplified="false" border="1 0 0.5" fill="1 0 0.5" mode="-13"
 points="1.87156 2.38295,
	1.76952 2.3521,
	1.65799 2.2904,
	1.56545 2.16464,
	"/>
</Transform>

<Transform dim="6"
 xcoef=" 0.0925077492284508 0.998543026644729 -0.0100712961618164 0 0 0"
 ycoef=" 0.224452645116536 -0.00237123459751437 0.975240597849761 0 0 0">
<Contour name="d04rb03" hidden="false" closed="true" simplified="false" border="1 0 1" fill="1 0 1" mode="-11"
 points="2.06545 3.47133,
	2.06545 3.46486,
	2.07192 3.4584,
	2.07838 3.4584,
	2.08485 3.46486,
	2.08485 3.47133,
	2.07838 3.47779,
	2.07192 3.47779,
	"/>
<Contour name="d04rb03" hidden="false" closed="true" simplified="false" border="1 0 1" fill="1 0 1" mode="-11"
 points="2.03312 3.48264,
	2.03312 3.47618,
	2.03959 3.46971,
	2.04605 3.46971,
	2.05252 3.47618,
	2.05252 3.48264,
	2.04605 3.48911,
	2.03959 3.48911,
	"/>
<Contour name="d04rb03" hidden="false" closed="true" simplified="false" border="1 0 1" fill="1 0 1" mode="-11"
 points="2.04929 3.51012,
	2.04929 3.50365,
	2.05575 3.49719,
	2.06222 3.49719,
	2.06868 3.50365,
	2.06868 3.51012,
	2.06222 3.51659,
	2.05575 3.51659,
	"/>
<Contour name="d04rb03" hidden="false" closed="true" simplified="false" border="1 0 1" fill="1 0 1" mode="-11"
 points="2.06707 3.49396,
	2.06707 3.48749,
	2.07353 3.48102,
	2.08 3.48102,
	2.08646 3.48749,
	2.08646 3.49396,
	2.08 3.50042,
	2.07353 3.50042,
	"/>
</Transform>

<Transform dim="6"
 xcoef=" 0.0925077492284508 0.998543026644729 -0.0100712961618164 0 0 0"
 ycoef=" 0.224452645116536 -0.00237123459751437 0.975240597849761 0 0 0">
<Contour name="d13c02a" hidden="false" closed="true" simplified="true" border="1 0.5 0" fill="1 0.5 0" mode="11"
 points="3.40385 3.5772,
	3.42785 3.5203,
	3.43318 3.50608,
	3.43674 3.49897,
	3.43852 3.49541,
	3.4403 3.49363,
	3.45185 3.52208,
	3.45452 3.52919,
	3.45541 3.53631,
	3.44919 3.65009,
	3.44563 3.70699,
	3.44207 3.73543,
	3.44119 3.73899,
	3.4403 3.73988,
	3.41807 3.68298,
	3.40652 3.65454,
	3.40474 3.62609,
	3.40474 3.59764,
	3.40385 3.58342,
	3.40385 3.57986,
	3.40385 3.57809,
	"/>
</Transform>

<Transform dim="6"
 xcoef=" 0.0925077492284508 0.998543026644729 -0.0100712961618164 0 0 0"
 ycoef=" 0.224452645116536 -0.00237123459751437 0.975240597849761 0 0 0">
<Contour name="d13cfa02a" hidden="false" closed="false" simplified="false" border="1 0.5 0" fill="1 0.5 0" mode="13"
 points="3.43541 3.50092,
	3.43097 3.61471,
	3.44075 3.73294,
	"/>
</Transform>

<Transform dim="6"
 xcoef=" 0.0925077492284508 0.998543026644729 -0.0100712961618164 0 0 0"
 ycoef=" 0.224452645116536 -0.00237123459751437 0.975240597849761 0 0 0">
<Contour name="d13dia02a" hidden="false" closed="false" simplified="true" border="0 1 1" fill="0 1 1" mode="11"
 points="3.30753 3.84078,
	3.3772 3.35775,
	"/>
</Transform>

<Transform dim="6"
 xcoef=" 0.0925077492284508 0.998543026644729 -0.0100712961618164 0 0 0"
 ycoef=" 0.224452645116536 -0.00237123459751437 0.975240597849761 0 0 0">
<Contour name="d13c04" hidden="false" closed="true" simplified="true" border="1 0 0" fill="1 0 0" mode="11"
 points="4.80265 2.92354,
	4.81556 2.8547,
	4.82201 2.82028,
	4.82309 2.81598,
	4.82309 2.81383,
	4.87472 2.74499,
	4.88117 2.73638,
	4.8844 2.73208,
	4.8887 2.731,
	4.90591 2.73423,
	4.90698 2.73853,
	4.88332 2.87621,
	4.86826 2.94505,
	4.86611 2.95366,
	4.86504 2.95796,
	4.86181 2.96119,
	4.82739 2.97302,
	4.81878 2.97517,
	4.81663 2.97624,
	4.80695 2.94182,
	4.80265 2.92461,
	"/>
</Transform>

<Transform dim="6"
 xcoef=" 0.0925077492284508 0.998543026644729 -0.0100712961618164 0 0 0"
 ycoef=" 0.224452645116536 -0.00237123459751437 0.975240597849761 0 0 0">
<Contour name="d13cfa04" hidden="false" closed="false" simplified="false" border="1 0 0" fill="1 0 0" mode="-13"
 points="4.89411 2.73336,
	4.86399 2.82586,
	4.81989 2.97214,
	"/>
</Transform>

<Transform dim="6"
 xcoef=" 0.0925077492284508 0.998543026644729 -0.0100712961618164 0 0 0"
 ycoef=" 0.224452645116536 -0.00237123459751437 0.975240597849761 0 0 0">
<Contour name="d13c05" hidden="false" closed="true" simplified="true" border="1 1 0" fill="1 1 0" mode="11"
 points="4.30152 1.47804,
	4.30832 1.47294,
	4.31172 1.47124,
	4.36612 1.48314,
	4.37972 1.48739,
	4.43411 1.51968,
	4.46131 1.54433,
	4.46726 1.55113,
	4.47321 1.56473,
	4.47576 1.57153,
	4.47746 1.57493,
	4.47831 1.57663,
	4.46556 1.58513,
	4.45876 1.58853,
	4.45706 1.58938,
	4.40267 1.55623,
	4.38907 1.54773,
	4.38227 1.54348,
	4.37207 1.52988,
	4.34572 1.50864,
	4.31852 1.48909,
	4.30492 1.47974,
	4.30237 1.47889,
	"/>
<Contour name="d13cfa05" hidden="false" closed="false" simplified="false" border="1 1 0" fill="1 1 0" mode="-13"
 points="4.46594 1.58106,
	4.43619 1.55981,
	4.30615 1.47652,
	"/>
</Transform>

<Transform dim="6"
 xcoef=" 0.0925077492284508 0.998543026644729 -0.0100712961618164 0 0 0"
 ycoef=" 0.224452645116536 -0.00237123459751437 0.975240597849761 0 0 0">
<Contour name="d13dia05" hidden="false" closed="false" simplified="true" border="0 1 1" fill="0 1 1" mode="11"
 points="4.26281 1.47142,
	4.49994 1.66605,
	"/>
</Transform>

<Transform dim="6"
 xcoef=" 0.0925077492284508 0.998543026644729 -0.0100712961618164 0 0 0"
 ycoef=" 0.224452645116536 -0.00237123459751437 0.975240597849761 0 0 0">
<Contour name="d13c06" hidden="false" closed="true" simplified="true" border="0 0 1" fill="0 0 1" mode="11"
 points="3.16035 0.0517833,
	3.18546 0.0439374,
	3.19174 0.040799,
	3.24195 0.0486449,
	3.2545 0.0517833,
	3.26549 0.0643369,
	3.27176 0.0706136,
	3.2749 0.073752,
	3.28432 0.123966,
	3.28432 0.127105,
	3.27804 0.128674,
	3.22783 0.123966,
	3.22155 0.123966,
	3.17134 0.101997,
	3.16035 0.0941515,
	3.16035 0.0690444,
	3.16035 0.0564909,
	3.16035 0.0533525,
	"/>
<Contour name="d13c06" hidden="false" closed="true" simplified="true" border="0 0 1" fill="0 0 1" mode="11"
 points="3.61071 0.307562,
	3.62954 0.282454,
	3.72997 0.224394,
	3.78018 0.196149,
	3.8304 0.15535,
	3.83667 0.150642,
	3.83824 0.149073,
	3.83981 0.150642,
	3.81157 0.200857,
	3.79431 0.225964,
	3.78489 0.238517,
	3.75978 0.257347,
	3.74723 0.265193,
	3.72683 0.2903,
	3.72055 0.296577,
	3.67034 0.3107,
	3.64523 0.312269,
	3.62012 0.3107,
	3.61385 0.309131,
	3.61228 0.309131,
	"/>
</Transform>

<Transform dim="6"
 xcoef=" 0.0925077492284508 0.998543026644729 -0.0100712961618164 0 0 0"
 ycoef=" 0.224452645116536 -0.00237123459751437 0.975240597849761 0 0 0">
<Contour name="d13cfa06" hidden="false" closed="false" simplified="false" border="0 0 1" fill="0 0 1" mode="9"
 points="3.27736 0.0989389,
	3.24127 0.0926621,
	3.16124 0.0534323,
	"/>
<Contour name="d13cfa06" hidden="false" closed="false" simplified="false" border="0 0 1" fill="0 0 1" mode="9"
 points="3.83599 0.163276,
	3.76224 0.230751,
	3.61787 0.307641,
	"/>
</Transform>

<Transform dim="6"
 xcoef=" 0.0925077492284508 0.998543026644729 -0.0100712961618164 0 0 0"
 ycoef=" 0.224452645116536 -0.00237123459751437 0.975240597849761 0 0 0">
<Contour name="d13rb06" hidden="false" closed="true" simplified="false" border="1 0 1" fill="1 0 1" mode="-11"
 points="3.20595 1.07489,
	3.20595 1.06431,
	3.21653 1.05373,
	3.22711 1.05373,
	3.23769 1.06431,
	3.23769 1.07489,
	3.22711 1.08547,
	3.21653 1.08547,
	"/>
<Contour name="d13rb06" hidden="false" closed="true" simplified="false" border="1 0 1" fill="1 0 1" mode="-11"
 points="3.16892 1.07754,
	3.16892 1.06696,
	3.1795 1.05638,
	3.19008 1.05638,
	3.20066 1.06696,
	3.20066 1.07754,
	3.19008 1.08812,
	3.1795 1.08812,
	"/>
<Contour name="d13rb06" hidden="false" closed="true" simplified="false" border="1 0 1" fill="1 0 1" mode="-11"
 points="3.20066 1.03786,
	3.20066 1.02728,
	3.21124 1.0167,
	3.22182 1.0167,
	3.2324 1.02728,
	3.2324 1.03786,
	3.22182 1.04844,
	3.21124 1.04844,
	"/>
<Contour name="d13rb06" hidden="false" closed="true" simplified="false" border="1 0 1" fill="1 0 1" mode="-11"
 points="3.25092 1.07225,
	3.25092 1.06167,
	3.2615 1.05109,
	3.27208 1.05109,
	3.28266 1.06167,
	3.28266 1.07225,
	3.27208 1.08283,
	3.2615 1.08283,
	"/>
<Contour name="d13rb06" hidden="false" closed="true" simplified="false" border="1 0 1" fill="1 0 1" mode="-11"
 points="3.26943 1.04844,
	3.26943 1.03786,
	3.28001 1.02728,
	3.29059 1.02728,
	3.30117 1.03786,
	3.30117 1.04844,
	3.29059 1.05902,
	3.28001 1.05902,
	"/>
<Contour name="d13rb06" hidden="false" closed="true" simplified="false" border="1 0 1" fill="1 0 1" mode="-11"
 points="3.29853 1.06431,
	3.29853 1.05373,
	3.30911 1.04315,
	3.31969 1.04315,
	3.33027 1.05373,
	3.33027 1.06431,
	3.31969 1.07489,
	3.30911 1.07489,
	"/>
</Transform>

<Transform dim="6"
 xcoef=" 0.0925077492284508 0.998543026644729 -0.0100712961618164 0 0 0"
 ycoef=" 0.224452645116536 -0.00237123459751437 0.975240597849761 0 0 0">
<Contour name="d01" hidden="false" closed="true" simplified="true" border="1 1 0" fill="1 0.5 0" mode="9"
 points="5.34154 4.40256,
	5.37476 4.36934,
	5.38362 4.36048,
	5.38804 4.35606,
	5.39469 4.32062,
	5.39469 4.30291,
	5.39026 4.28519,
	5.39247 4.27633,
	5.39247 4.2719,
	5.41019 4.25861,
	5.42791 4.25419,
	5.43676 4.24976,
	5.4722 4.24976,
	5.50763 4.25861,
	5.54306 4.26083,
	5.55192 4.26304,
	5.56078 4.26969,
	5.56521 4.26969,
	5.58293 4.28297,
	5.60064 4.29183,
	5.63608 4.30291,
	5.67151 4.30734,
	5.68701 4.31841,
	5.68923 4.31619,
	5.70694 4.32948,
	5.7158 4.33391,
	5.73352 4.33391,
	5.74238 4.33391,
	5.75123 4.32948,
	5.76895 4.3317,
	5.77338 4.3317,
	5.7911 4.34941,
	5.79552 4.36713,
	5.79774 4.37599,
	5.81546 4.39149,
	5.85089 4.40921,
	5.86861 4.41585,
	5.88411 4.42914,
	5.91068 4.46457,
	5.92397 4.48229,
	5.9594 4.51772,
	5.96162 4.52658,
	5.96605 4.53101,
	5.96605 4.53986,
	5.96605 4.54429,
	5.9594 4.55315,
	5.95497 4.57087,
	5.94612 4.58859,
	5.9439 4.6063,
	5.97048 4.67495,
	5.97933 4.69267,
	6.00812 4.72367,
	6.01477 4.74139,
	6.02141 4.77682,
	6.02363 4.79454,
	6.02584 4.8034,
	6.02141 4.82111,
	6.02141 4.82997,
	6.01255 4.84769,
	5.99927 4.86541,
	5.99262 4.88312,
	5.99041 4.89198,
	5.99705 4.92741,
	5.99705 4.93627,
	5.98376 4.95399,
	5.96605 4.96063,
	5.94833 4.96285,
	5.9129 4.97392,
	5.90404 4.97392,
	5.88854 4.95842,
	5.87303 4.92299,
	5.87746 4.90527,
	5.86861 4.88755,
	5.86418 4.87869,
	5.86639 4.86098,
	5.87082 4.85655,
	5.87525 4.82111,
	5.88189 4.8034,
	5.87525 4.78568,
	5.85532 4.75025,
	5.8531 4.73253,
	5.85532 4.72367,
	5.84867 4.70596,
	5.84646 4.6971,
	5.84646 4.69267,
	5.82874 4.6816,
	5.79552 4.64616,
	5.77781 4.61073,
	5.76674 4.59301,
	5.74902 4.57973,
	5.74016 4.57751,
	5.73795 4.57308,
	5.73352 4.57308,
	5.72909 4.56865,
	5.72023 4.56644,
	5.71137 4.5598,
	5.67594 4.54651,
	5.65822 4.53765,
	5.65379 4.53322,
	5.58293 4.52215,
	5.54749 4.5155,
	5.47663 4.51329,
	5.45891 4.51329,
	5.42348 4.50222,
	5.40576 4.49336,
	5.38804 4.48007,
	5.35926 4.44464,
	5.34818 4.42692,
	5.34375 4.42249,
	5.34154 4.40478,
	"/>
<Contour name="d01" hidden="false" closed="true" simplified="true" border="1 1 0" fill="1 0.5 0" mode="9"
 points="4.12574 4.16339,
	4.13017 4.15453,
	4.14789 4.13681,
	4.16117 4.12574,
	4.16782 4.11688,
	4.17225 4.09917,
	4.17225 4.09031,
	4.17668 4.08588,
	4.1811 4.06816,
	4.19218 4.05045,
	4.19661 4.04159,
	4.20546 4.03273,
	4.22983 3.99951,
	4.23425 3.99508,
	4.23647 3.98622,
	4.23647 3.98179,
	4.25197 3.97294,
	4.26083 3.96629,
	4.26526 3.96629,
	4.26969 3.96186,
	4.2874 3.95522,
	4.30512 3.94415,
	4.31841 3.92643,
	4.32727 3.90871,
	4.34055 3.891,
	4.35827 3.87992,
	4.3937 3.86664,
	4.42914 3.86442,
	4.44685 3.86221,
	4.48229 3.87549,
	4.5 3.87328,
	4.51772 3.87771,
	4.53544 3.88657,
	4.54429 3.89321,
	4.54872 3.89321,
	4.55537 3.89985,
	4.56423 3.90207,
	4.57308 3.90871,
	4.5908 3.91093,
	4.62623 3.92643,
	4.64395 3.93307,
	4.65281 3.9375,
	4.68603 3.97072,
	4.71039 4.00615,
	4.74139 4.07702,
	4.74582 4.08588,
	4.74582 4.10359,
	4.74582 4.11245,
	4.76354 4.14789,
	4.79233 4.1811,
	4.80561 4.19661,
	4.80561 4.20546,
	4.81226 4.22318,
	4.81447 4.25861,
	4.81226 4.27633,
	4.81004 4.28519,
	4.8034 4.29405,
	4.79675 4.32948,
	4.78568 4.36491,
	4.77682 4.37156,
	4.77904 4.40699,
	4.80783 4.47786,
	4.81004 4.48672,
	4.81447 4.49114,
	4.82111 4.50886,
	4.83219 4.57973,
	4.8344 4.61516,
	4.84105 4.63288,
	4.84326 4.66831,
	4.84769 4.68603,
	4.84548 4.72146,
	4.82333 4.79233,
	4.79897 4.82333,
	4.78568 4.83883,
	4.77682 4.85655,
	4.77239 4.86541,
	4.76797 4.86984,
	4.73918 4.9407,
	4.73696 4.95842,
	4.73475 4.96728,
	4.71924 4.98278,
	4.71039 4.99164,
	4.70596 4.99607,
	4.6971 4.99828,
	4.67938 5.00935,
	4.66167 5.00935,
	4.65281 5.00935,
	4.61737 4.98942,
	4.6063 4.97171,
	4.60409 4.96285,
	4.58859 4.95177,
	4.57087 4.94513,
	4.5 4.93406,
	4.49557 4.92963,
	4.48672 4.92963,
	4.469 4.92299,
	4.46457 4.91856,
	4.42914 4.90748,
	4.35827 4.89641,
	4.34055 4.88755,
	4.32505 4.86984,
	4.32062 4.86098,
	4.32062 4.85655,
	4.31398 4.84769,
	4.30734 4.82997,
	4.28297 4.79675,
	4.28297 4.7879,
	4.29183 4.78125,
	4.30069 4.77904,
	4.31841 4.78125,
	4.33612 4.7879,
	4.35384 4.79897,
	4.37156 4.80561,
	4.38927 4.80561,
	4.42471 4.79675,
	4.46014 4.79454,
	4.49557 4.8034,
	4.50443 4.80783,
	4.53986 4.80561,
	4.55758 4.8034,
	4.62845 4.77904,
	4.64616 4.77018,
	4.65502 4.76797,
	4.69046 4.74803,
	4.71924 4.71924,
	4.73032 4.70153,
	4.73475 4.69267,
	4.75025 4.67495,
	4.76132 4.65724,
	4.76797 4.6218,
	4.77018 4.60409,
	4.77461 4.59523,
	4.77904 4.5908,
	4.77682 4.57308,
	4.77239 4.56423,
	4.77239 4.54651,
	4.77018 4.53765,
	4.74803 4.50443,
	4.74361 4.49557,
	4.74139 4.49114,
	4.73696 4.49114,
	4.72146 4.48007,
	4.68603 4.46678,
	4.65059 4.45793,
	4.61516 4.45571,
	4.59744 4.45128,
	4.52658 4.4535,
	4.50886 4.45571,
	4.5 4.46014,
	4.46457 4.46457,
	4.42914 4.48007,
	4.42028 4.48229,
	4.41585 4.48672,
	4.39813 4.49336,
	4.36491 4.51772,
	4.34941 4.53544,
	4.33391 4.54872,
	4.32505 4.55758,
	4.32062 4.56423,
	4.31176 4.57308,
	4.29183 4.60852,
	4.28297 4.62623,
	4.28076 4.63066,
	4.2719 4.63066,
	4.24754 4.59744,
	4.23425 4.57973,
	4.2254 4.57308,
	4.22097 4.56865,
	4.21654 4.56865,
	4.20104 4.55094,
	4.18996 4.53322,
	4.16782 4.46235,
	4.14124 4.42914,
	4.13681 4.42028,
	4.13903 4.38485,
	4.14346 4.36713,
	4.15896 4.3317,
	4.15896 4.32284,
	4.1656 4.30512,
	4.16782 4.26969,
	4.17225 4.26526,
	4.1656 4.22983,
	4.16339 4.22097,
	4.16339 4.21654,
	4.12796 4.18332,
	4.12574 4.1656,
	"/>
</Transform>

<Transform dim="6"
 xcoef=" 0.0925077492284508 0.998543026644729 -0.0100712961618164 0 0 0"
 ycoef=" 0.224452645116536 -0.00237123459751437 0.975240597849761 0 0 0">
<Contour name="d02" hidden="false" closed="true" simplified="true" border="0.5 0 1" fill="0.5 0 1" mode="11"
 points="5.54151 3.59817,
	5.54661 3.59138,
	5.54491 3.56422,
	5.55 3.53706,
	5.57037 3.50991,
	5.62468 3.47087,
	5.63826 3.46408,
	5.64505 3.45899,
	5.66372 3.40468,
	5.66711 3.37752,
	5.66711 3.35037,
	5.67051 3.32321,
	5.66881 3.29606,
	5.65862 3.2689,
	5.66032 3.24174,
	5.65862 3.22817,
	5.65353 3.21459,
	5.65184 3.2078,
	5.64844 3.2044,
	5.64505 3.19083,
	5.64674 3.17725,
	5.66032 3.16367,
	5.6739 3.15688,
	5.68748 3.15349,
	5.71463 3.13482,
	5.74179 3.11954,
	5.75537 3.11275,
	5.76895 3.10257,
	5.77743 3.08899,
	5.79101 3.07881,
	5.81817 3.06862,
	5.84532 3.06184,
	5.87248 3.05844,
	5.88606 3.05505,
	5.94037 3.05674,
	5.95395 3.05674,
	6.00826 3.04486,
	6.02184 3.03807,
	6.03541 3.02789,
	6.06257 3.0211,
	6.08973 3.01771,
	6.11688 3.0194,
	6.14404 3.02789,
	6.15762 3.03638,
	6.1644 3.04147,
	6.17798 3.04486,
	6.18138 3.04486,
	6.18477 3.04826,
	6.21193 3.05335,
	6.23908 3.05335,
	6.25266 3.04995,
	6.25945 3.04656,
	6.26624 3.04656,
	6.29339 3.07202,
	6.32055 3.09069,
	6.32734 3.09408,
	6.33073 3.09408,
	6.33413 3.09748,
	6.34771 3.09917,
	6.37486 3.11106,
	6.38844 3.11445,
	6.40202 3.12124,
	6.42917 3.12803,
	6.44275 3.13312,
	6.44954 3.13482,
	6.45633 3.13991,
	6.45973 3.13991,
	6.51234 3.18404,
	6.52083 3.19761,
	6.53101 3.22477,
	6.53271 3.23156,
	6.53101 3.23835,
	6.53101 3.24174,
	6.54459 3.25532,
	6.57174 3.2672,
	6.57853 3.2689,
	6.58702 3.28078,
	6.59211 3.30794,
	6.5972 3.32151,
	6.6006 3.3283,
	6.61248 3.34188,
	6.61927 3.34867,
	6.62945 3.37583,
	6.63284 3.38261,
	6.64642 3.3911,
	6.65151 3.39789,
	6.66 3.4522,
	6.66339 3.46578,
	6.67697 3.49294,
	6.68376 3.50651,
	6.70243 3.53367,
	6.71431 3.54555,
	6.7211 3.55234,
	6.72959 3.5795,
	6.72789 3.60665,
	6.72619 3.61344,
	6.7245 3.61684,
	6.72789 3.62023,
	6.72959 3.62702,
	6.73807 3.6406,
	6.74147 3.66775,
	6.75335 3.72206,
	6.75505 3.73564,
	6.75674 3.74243,
	6.75674 3.74583,
	6.76862 3.7594,
	6.77202 3.76619,
	6.79578 3.79165,
	6.80936 3.80353,
	6.81784 3.81711,
	6.82463 3.8222,
	6.85179 3.8239,
	6.87895 3.8222,
	6.89252 3.8205,
	6.9061 3.8239,
	6.91289 3.82899,
	6.91968 3.83069,
	6.92647 3.83578,
	6.93326 3.83748,
	6.95362 3.86463,
	6.9672 3.87651,
	6.97399 3.88161,
	6.97739 3.88161,
	6.98417 3.8867,
	7.01133 3.89518,
	7.01812 3.89858,
	7.0283 3.91216,
	7.0334 3.91725,
	7.04697 3.91725,
	7.06055 3.92234,
	7.07413 3.92404,
	7.08771 3.93083,
	7.10128 3.94101,
	7.10807 3.9461,
	7.16239 3.9478,
	7.17596 3.9444,
	7.18954 3.9444,
	7.2167 3.95289,
	7.23028 3.9495,
	7.23706 3.9478,
	7.26422 3.95119,
	7.2778 3.95119,
	7.28119 3.9478,
	7.30835 3.9478,
	7.31514 3.9478,
	7.32872 3.94101,
	7.33551 3.94101,
	7.3389 3.93761,
	7.39321 3.92573,
	7.42037 3.91725,
	7.43395 3.91725,
	7.4611 3.92404,
	7.47468 3.93252,
	7.48826 3.93761,
	7.50184 3.93931,
	7.51541 3.93422,
	7.54257 3.93252,
	7.54936 3.93422,
	7.55615 3.93931,
	7.55954 3.93931,
	7.57142 3.95289,
	7.57482 3.96647,
	7.56463 3.98005,
	7.55784 3.98684,
	7.54427 3.99362,
	7.5239 4.02078,
	7.51541 4.03436,
	7.51032 4.06151,
	7.51202 4.08867,
	7.51372 4.09546,
	7.51881 4.10225,
	7.51881 4.10564,
	7.5239 4.11243,
	7.5256 4.11922,
	7.53069 4.12601,
	7.53578 4.13959,
	7.55106 4.16674,
	7.55954 4.18032,
	7.56463 4.1939,
	7.57312 4.20748,
	7.5833 4.23463,
	7.585 4.24821,
	7.58161 4.26179,
	7.56803 4.27537,
	7.55445 4.28216,
	7.52729 4.28046,
	7.50184 4.255,
	7.44752 4.21596,
	7.44243 4.20917,
	7.43904 4.1956,
	7.42716 4.18541,
	7.4 4.17693,
	7.37284 4.16335,
	7.36606 4.15995,
	7.35248 4.14807,
	7.32532 4.1311,
	7.29817 4.12092,
	7.29138 4.11752,
	7.26422 4.12092,
	7.25064 4.12092,
	7.24385 4.12092,
	7.24046 4.12092,
	7.23367 4.11413,
	7.23367 4.10734,
	7.22009 4.09716,
	7.19294 4.08867,
	7.16578 4.09037,
	7.1522 4.09037,
	7.12505 4.09546,
	7.11826 4.09546,
	7.11147 4.09206,
	7.09789 4.09037,
	7.08431 4.08528,
	7.05716 4.08018,
	7.04358 4.07,
	7.03679 4.06491,
	7.0283 4.05133,
	7.02151 4.04454,
	6.9672 4.01399,
	6.91289 3.99193,
	6.88743 3.97495,
	6.86028 3.9495,
	6.84839 3.93592,
	6.84161 3.92913,
	6.82803 3.92064,
	6.82463 3.91725,
	6.82124 3.91725,
	6.81954 3.91385,
	6.79239 3.90876,
	6.76523 3.90028,
	6.75165 3.90197,
	6.7245 3.91725,
	6.71092 3.91895,
	6.69734 3.91725,
	6.69055 3.91725,
	6.66339 3.92913,
	6.63624 3.93761,
	6.58193 3.96647,
	6.52762 3.98853,
	6.51573 4.00041,
	6.50385 4.0089,
	6.49706 4.0106,
	6.48349 4.0089,
	6.4767 4.0089,
	6.44954 4.02417,
	6.43596 4.03266,
	6.38165 4.04963,
	6.3545 4.05473,
	6.3511 4.05473,
	6.34431 4.05982,
	6.31716 4.06491,
	6.30358 4.06491,
	6.27642 4.07,
	6.22211 4.06321,
	6.19495 4.05812,
	6.18138 4.05303,
	6.17459 4.04794,
	6.16101 4.04454,
	6.15422 4.04284,
	6.14064 4.04624,
	6.12706 4.04454,
	6.11349 4.03945,
	6.11009 4.03606,
	6.1033 4.03436,
	6.07615 4.01229,
	6.05069 3.98684,
	6.03711 3.97495,
	6.02353 3.96986,
	6.01844 3.96477,
	6.01505 3.96477,
	6.01165 3.96138,
	6.00486 3.95968,
	5.99128 3.9478,
	5.9811 3.93422,
	5.95395 3.91046,
	5.94037 3.90028,
	5.93358 3.89349,
	5.92 3.8867,
	5.86739 3.84087,
	5.8606 3.82729,
	5.84872 3.81541,
	5.83514 3.80693,
	5.82835 3.80353,
	5.80119 3.77807,
	5.78762 3.76619,
	5.77404 3.7594,
	5.76725 3.75601,
	5.75537 3.74243,
	5.74858 3.73734,
	5.73161 3.71018,
	5.72651 3.69661,
	5.72312 3.68982,
	5.70954 3.67794,
	5.70275 3.67284,
	5.68408 3.64739,
	5.65693 3.63211,
	5.64335 3.62702,
	5.63995 3.62362,
	5.58564 3.62023,
	5.57206 3.62023,
	5.55849 3.61344,
	5.55509 3.61344,
	5.54151 3.59986,
	"/>
<Contour name="d02" hidden="false" closed="true" simplified="true" border="0.5 0 1" fill="0.5 0 1" mode="11"
 points="7.05716 4.15826,
	7.08431 4.14977,
	7.09789 4.15147,
	7.11147 4.15656,
	7.12505 4.15486,
	7.1522 4.13959,
	7.16578 4.1311,
	7.16917 4.1311,
	7.17257 4.12771,
	7.17596 4.12771,
	7.18106 4.12261,
	7.19463 4.11752,
	7.20821 4.11752,
	7.22179 4.12092,
	7.22858 4.12431,
	7.23706 4.13789,
	7.24216 4.15147,
	7.24216 4.17862,
	7.24216 4.18541,
	7.23537 4.19899,
	7.23028 4.20578,
	7.20312 4.20748,
	7.14881 4.20239,
	7.12165 4.20917,
	7.0945 4.20917,
	7.08092 4.20408,
	7.06904 4.1939,
	7.06564 4.1905,
	7.06904 4.18372,
	7.06225 4.17862,
	7.05716 4.16505,
	7.05716 4.15995,
	"/>
<Contour name="d02" hidden="false" closed="true" simplified="true" border="0.5 0 1" fill="0.5 0 1" mode="11"
 points="6.08124 4.51977,
	6.08294 4.50619,
	6.09142 4.47904,
	6.09651 4.46546,
	6.09991 4.46206,
	6.09991 4.45867,
	6.10839 4.44509,
	6.11179 4.41794,
	6.11179 4.39078,
	6.11688 4.36362,
	6.12367 4.35005,
	6.12876 4.29573,
	6.13895 4.24142,
	6.14404 4.22784,
	6.14404 4.22106,
	6.15083 4.20748,
	6.15252 4.1939,
	6.15422 4.18711,
	6.16271 4.17353,
	6.1678 4.16674,
	6.18138 4.16165,
	6.19495 4.15995,
	6.20174 4.15656,
	6.2289 4.15147,
	6.25606 4.14977,
	6.26284 4.15147,
	6.28661 4.17353,
	6.30528 4.19899,
	6.31376 4.21257,
	6.31716 4.21936,
	6.33073 4.23124,
	6.33922 4.24312,
	6.34262 4.24991,
	6.34262 4.2533,
	6.3511 4.26349,
	6.36128 4.27706,
	6.36638 4.28385,
	6.37995 4.28555,
	6.40711 4.28385,
	6.42069 4.28895,
	6.43427 4.29743,
	6.44106 4.30252,
	6.45294 4.32968,
	6.45463 4.33647,
	6.45973 4.34326,
	6.45973 4.34665,
	6.46651 4.35005,
	6.48009 4.35005,
	6.49367 4.34495,
	6.50725 4.34326,
	6.51404 4.34326,
	6.52762 4.35174,
	6.52422 4.3789,
	6.52083 4.39248,
	6.52083 4.40606,
	6.51404 4.43321,
	6.50385 4.46037,
	6.49876 4.47395,
	6.49706 4.48752,
	6.48688 4.51468,
	6.46991 4.54014,
	6.46651 4.54693,
	6.46482 4.5605,
	6.45294 4.58766,
	6.43257 4.61312,
	6.42578 4.6267,
	6.42239 4.63349,
	6.42069 4.64706,
	6.4156 4.66064,
	6.40541 4.67422,
	6.39862 4.68101,
	6.38505 4.6878,
	6.37826 4.69289,
	6.36468 4.69628,
	6.36128 4.69968,
	6.33413 4.70477,
	6.30697 4.71326,
	6.25266 4.71835,
	6.22551 4.71835,
	6.21193 4.71835,
	6.20514 4.71835,
	6.19156 4.70986,
	6.18817 4.70986,
	6.17628 4.69798,
	6.1678 4.6861,
	6.15592 4.67592,
	6.12876 4.66404,
	6.12028 4.65216,
	6.11349 4.64706,
	6.09651 4.62161,
	6.08803 4.60803,
	6.08463 4.60124,
	6.08124 4.57408,
	6.08124 4.52147,
	"/>
<Contour name="d02" hidden="false" closed="true" simplified="true" border="0.5 0 1" fill="0.5 0 1" mode="11"
 points="4.8694 3.72037,
	4.8728 3.71358,
	4.89995 3.69491,
	4.91353 3.68982,
	4.92711 3.68133,
	4.9339 3.67624,
	4.93729 3.67284,
	4.94069 3.67284,
	4.96784 3.64908,
	4.98142 3.6355,
	5.00858 3.61684,
	5.02216 3.60835,
	5.02895 3.60665,
	5.03573 3.60156,
	5.06289 3.59477,
	5.07647 3.58798,
	5.08326 3.58628,
	5.08665 3.58289,
	5.09344 3.58119,
	5.10023 3.5761,
	5.11381 3.57271,
	5.1172 3.56931,
	5.17151 3.54555,
	5.18509 3.54385,
	5.19867 3.53876,
	5.21225 3.53706,
	5.21904 3.53367,
	5.27335 3.52518,
	5.28014 3.52179,
	5.29202 3.50821,
	5.29881 3.50651,
	5.31748 3.53197,
	5.32766 3.54555,
	5.35312 3.56761,
	5.36161 3.5795,
	5.3667 3.59307,
	5.37009 3.59986,
	5.37009 3.60665,
	5.35821 3.63381,
	5.35821 3.6372,
	5.34633 3.64739,
	5.33954 3.65078,
	5.33615 3.65417,
	5.32257 3.65927,
	5.29541 3.66266,
	5.29202 3.66606,
	5.28523 3.66775,
	5.25977 3.68982,
	5.23771 3.71358,
	5.21904 3.74073,
	5.20037 3.7645,
	5.17661 3.78656,
	5.16812 3.80014,
	5.15624 3.81372,
	5.14945 3.81711,
	5.14606 3.8205,
	5.09174 3.8239,
	5.06459 3.82729,
	5.0578 3.82899,
	5.05101 3.83408,
	5.02385 3.83917,
	4.9967 3.83917,
	4.98991 3.83748,
	4.98651 3.83748,
	4.98312 3.83408,
	4.97633 3.83239,
	4.95087 3.81372,
	4.93899 3.80184,
	4.91184 3.78486,
	4.90505 3.78147,
	4.88128 3.75601,
	4.8728 3.74243,
	4.8694 3.72885,
	4.8694 3.72206,
	"/>
</Transform>

<Transform dim="6"
 xcoef=" 0.0925077492284508 0.998543026644729 -0.0100712961618164 0 0 0"
 ycoef=" 0.224452645116536 -0.00237123459751437 0.975240597849761 0 0 0">
<Contour name="d01ax02ssvda" hidden="false" closed="true" simplified="false" border="1 0 0" fill="0 0 1" mode="-11"
 points="4.67948 4.524,
	4.67244 4.51696,
	4.67948 4.50991,
	4.68653 4.51696,
	"/>
<Contour name="d01ax02ssvda" hidden="false" closed="true" simplified="false" border="1 0 0" fill="0 0 1" mode="-11"
 points="4.57484 4.53507,
	4.5678 4.52803,
	4.57484 4.52098,
	4.58188 4.52803,
	"/>
<Contour name="d01ax02ssvda" hidden="false" closed="true" simplified="false" border="1 0 0" fill="0 0 1" mode="-11"
 points="4.45611 4.56022,
	4.44906 4.55318,
	4.45611 4.54614,
	4.46315 4.55318,
	"/>
<Contour name="d01ax02ssvr" hidden="false" closed="true" simplified="false" border="0 1 0.25098" fill="0 0 1" mode="-11"
 points="4.66137 4.61154,
	4.65433 4.6045,
	4.66137 4.59745,
	4.66842 4.6045,
	"/>
<Contour name="d01ax02ssvr" hidden="false" closed="true" simplified="false" border="0 1 0.25098" fill="0 0 1" mode="-11"
 points="4.65936 4.65179,
	4.65232 4.64474,
	4.65936 4.6377,
	4.6664 4.64474,
	"/>
<Contour name="d01ax02ssvr" hidden="false" closed="true" simplified="false" border="0 1 0.25098" fill="0 0 1" mode="-11"
 points="4.63924 4.69807,
	4.63219 4.69103,
	4.63924 4.68399,
	4.64628 4.69103,
	"/>
<Contour name="d01ax02ssvr" hidden="false" closed="true" simplified="false" border="0 1 0.25098" fill="0 0 1" mode="-11"
 points="4.58893 4.72323,
	4.58188 4.71618,
	4.58893 4.70914,
	4.59597 4.71618,
	"/>
<Contour name="d01ax02ssvr" hidden="false" closed="true" simplified="false" border="0 1 0.25098" fill="0 0 1" mode="-11"
 points="4.58993 4.69807,
	4.58289 4.69103,
	4.58993 4.68399,
	4.59698 4.69103,
	"/>
<Contour name="d01ax02ssvr" hidden="false" closed="true" simplified="false" border="0 1 0.25098" fill="0 0 1" mode="-11"
 points="4.53761 4.69505,
	4.53057 4.68801,
	4.53761 4.68097,
	4.54465 4.68801,
	"/>
<Contour name="d01ax02ssvr" hidden="false" closed="true" simplified="false" border="0 1 0.25098" fill="0 0 1" mode="-11"
 points="4.54164 4.67895,
	4.53459 4.67191,
	4.54164 4.66487,
	4.54868 4.67191,
	"/>
<Contour name="d01ax02ssvr" hidden="false" closed="true" simplified="false" border="0 1 0.25098" fill="0 0 1" mode="-11"
 points="4.58691 4.57632,
	4.57987 4.56928,
	4.58691 4.56224,
	4.59396 4.56928,
	"/>
<Contour name="d01ax02ssvr" hidden="false" closed="true" simplified="false" border="0 1 0.25098" fill="0 0 1" mode="-11"
 points="4.51547 4.5884,
	4.50843 4.58135,
	4.51547 4.57431,
	4.52252 4.58135,
	"/>
<Contour name="d01ax02ssvr" hidden="false" closed="true" simplified="false" border="0 1 0.25098" fill="0 0 1" mode="-11"
 points="4.48831 4.6206,
	4.48126 4.61355,
	4.48831 4.60651,
	4.49535 4.61355,
	"/>
<Contour name="d01ax02ssvr" hidden="false" closed="true" simplified="false" border="0 1 0.25098" fill="0 0 1" mode="-11"
 points="4.4229 4.61355,
	4.41586 4.60651,
	4.4229 4.59947,
	4.42995 4.60651,
	"/>
<Contour name="d01ax02ssvr" hidden="false" closed="true" simplified="false" border="0 1 0.25098" fill="0 0 1" mode="-11"
 points="4.44605 4.65078,
	4.439 4.64374,
	4.44605 4.63669,
	4.45309 4.64374,
	"/>
<Contour name="d01ax02ssvr" hidden="false" closed="true" simplified="false" border="0 1 0.25098" fill="0 0 1" mode="-11"
 points="4.45711 4.67895,
	4.45007 4.67191,
	4.45711 4.66487,
	4.46416 4.67191,
	"/>
<Contour name="d01ax02ssvr" hidden="false" closed="true" simplified="false" border="0 1 0.25098" fill="0 0 1" mode="-11"
 points="4.43699 4.72423,
	4.42995 4.71719,
	4.43699 4.71015,
	4.44403 4.71719,
	"/>
<Contour name="d01ax02ssvr" hidden="false" closed="true" simplified="false" border="0 1 0.25098" fill="0 0 1" mode="-11"
 points="4.49535 4.75039,
	4.48831 4.74335,
	4.49535 4.73631,
	4.50239 4.74335,
	"/>
<Contour name="d01ax02ssvr" hidden="false" closed="true" simplified="false" border="0 1 0.25098" fill="0 0 1" mode="-11"
 points="4.44303 4.76247,
	4.43598 4.75543,
	4.44303 4.74838,
	4.45007 4.75543,
	"/>
<Contour name="d01ax02ssvr" hidden="false" closed="true" simplified="false" border="0 1 0.25098" fill="0 0 1" mode="-11"
 points="4.39976 4.7182,
	4.39272 4.71115,
	4.39976 4.70411,
	4.4068 4.71115,
	"/>
</Transform>

<Transform dim="6"
 xcoef=" 0.0925077492284508 0.998543026644729 -0.0100712961618164 0 0 0"
 ycoef=" 0.224452645116536 -0.00237123459751437 0.975240597849761 0 0 0">
<Contour name="d01ax03ssvda" hidden="false" closed="true" simplified="false" border="1 0 0" fill="0 0 1" mode="-11"
 points="5.70528 4.65046,
	5.69511 4.64029,
	5.70528 4.63011,
	5.71545 4.64029,
	"/>
<Contour name="d01ax03ssvr" hidden="false" closed="true" simplified="false" border="0 1 0.25098" fill="0 0 1" mode="-11"
 points="5.69947 4.69986,
	5.6893 4.68969,
	5.69947 4.67952,
	5.70964 4.68969,
	"/>
<Contour name="d01ax03ssvr" hidden="false" closed="true" simplified="false" border="0 1 0.25098" fill="0 0 1" mode="-11"
 points="5.67913 4.68242,
	5.66895 4.67225,
	5.67913 4.66208,
	5.6893 4.67225,
	"/>
<Contour name="d01ax03ssvr" hidden="false" closed="true" simplified="false" border="0 1 0.25098" fill="0 0 1" mode="-11"
 points="5.65152 4.67371,
	5.64135 4.66353,
	5.65152 4.65336,
	5.66169 4.66353,
	"/>
<Contour name="d01ax03ssvr" hidden="false" closed="true" simplified="false" border="0 1 0.25098" fill="0 0 1" mode="-11"
 points="5.63989 4.70858,
	5.62972 4.69841,
	5.63989 4.68824,
	5.65006 4.69841,
	"/>
<Contour name="d01ax03ssvr" hidden="false" closed="true" simplified="false" border="0 1 0.25098" fill="0 0 1" mode="-11"
 points="5.68058 4.74636,
	5.67041 4.73619,
	5.68058 4.72602,
	5.69075 4.73619,
	"/>
<Contour name="d01ax03ssvr" hidden="false" closed="true" simplified="false" border="0 1 0.25098" fill="0 0 1" mode="-11"
 points="5.71255 4.75217,
	5.70238 4.742,
	5.71255 4.73183,
	5.72272 4.742,
	"/>
<Contour name="d01ax03ssvr" hidden="false" closed="true" simplified="false" border="0 1 0.25098" fill="0 0 1" mode="-11"
 points="5.70528 4.79431,
	5.69511 4.78414,
	5.70528 4.77397,
	5.71545 4.78414,
	"/>
<Contour name="d01ax03ssvr" hidden="false" closed="true" simplified="false" border="0 1 0.25098" fill="0 0 1" mode="-11"
 points="5.714 4.84372,
	5.70383 4.83354,
	5.714 4.82337,
	5.72417 4.83354,
	"/>
<Contour name="d01ax03ssvr" hidden="false" closed="true" simplified="false" border="0 1 0.25098" fill="0 0 1" mode="-11"
 points="5.74597 4.84226,
	5.7358 4.83209,
	5.74597 4.82192,
	5.75614 4.83209,
	"/>
<Contour name="d01ax03ssvr" hidden="false" closed="true" simplified="false" border="0 1 0.25098" fill="0 0 1" mode="-11"
 points="5.78811 4.87568,
	5.77794 4.86551,
	5.78811 4.85534,
	5.79828 4.86551,
	"/>
<Contour name="d01ax03ssvr" hidden="false" closed="true" simplified="false" border="0 1 0.25098" fill="0 0 1" mode="-11"
 points="5.80118 4.91782,
	5.79101 4.90765,
	5.80118 4.89748,
	5.81136 4.90765,
	"/>
<Contour name="d01ax03ssvr" hidden="false" closed="true" simplified="false" border="0 1 0.25098" fill="0 0 1" mode="-11"
 points="5.74161 4.88876,
	5.73144 4.87859,
	5.74161 4.86842,
	5.75178 4.87859,
	"/>
<Contour name="d01ax03ssvr" hidden="false" closed="true" simplified="false" border="0 1 0.25098" fill="0 0 1" mode="-11"
 points="5.74306 4.9527,
	5.73289 4.94253,
	5.74306 4.93235,
	5.75323 4.94253,
	"/>
<Contour name="d01ax03ssvr" hidden="false" closed="true" simplified="false" border="0 1 0.25098" fill="0 0 1" mode="-11"
 points="5.70964 4.97159,
	5.69947 4.96142,
	5.70964 4.95124,
	5.71981 4.96142,
	"/>
<Contour name="d01ax03ssvr" hidden="false" closed="true" simplified="false" border="0 1 0.25098" fill="0 0 1" mode="-11"
 points="5.70238 4.92945,
	5.6922 4.91928,
	5.70238 4.90911,
	5.71255 4.91928,
	"/>
<Contour name="d01ax03ssvr" hidden="false" closed="true" simplified="false" border="0 1 0.25098" fill="0 0 1" mode="-11"
 points="5.67767 4.92509,
	5.6675 4.91492,
	5.67767 4.90475,
	5.68784 4.91492,
	"/>
<Contour name="d01ax03ssvr" hidden="false" closed="true" simplified="false" border="0 1 0.25098" fill="0 0 1" mode="-11"
 points="5.6675 4.89022,
	5.65733 4.88004,
	5.6675 4.86987,
	5.67767 4.88004,
	"/>
<Contour name="d01ax03ssvr" hidden="false" closed="true" simplified="false" border="0 1 0.25098" fill="0 0 1" mode="-11"
 points="5.621 4.82919,
	5.61083 4.81901,
	5.621 4.80884,
	5.63117 4.81901,
	"/>
<Contour name="d01ax03ssvr" hidden="false" closed="true" simplified="false" border="0 1 0.25098" fill="0 0 1" mode="-11"
 points="5.62536 4.78995,
	5.61519 4.77978,
	5.62536 4.76961,
	5.63553 4.77978,
	"/>
<Contour name="d01ax03ssvr" hidden="false" closed="true" simplified="false" border="0 1 0.25098" fill="0 0 1" mode="-11"
 points="5.5963 4.75944,
	5.58613 4.74927,
	5.5963 4.73909,
	5.60647 4.74927,
	"/>
<Contour name="d01ax03ssvr" hidden="false" closed="true" simplified="false" border="0 1 0.25098" fill="0 0 1" mode="-11"
 points="5.58758 4.79722,
	5.57741 4.78705,
	5.58758 4.77687,
	5.59775 4.78705,
	"/>
<Contour name="d01ax03ssvr" hidden="false" closed="true" simplified="false" border="0 1 0.25098" fill="0 0 1" mode="-11"
 points="5.57741 4.82773,
	5.56724 4.81756,
	5.57741 4.80739,
	5.58758 4.81756,
	"/>
<Contour name="d01ax03ssvr" hidden="false" closed="true" simplified="false" border="0 1 0.25098" fill="0 0 1" mode="-11"
 points="5.60211 4.86261,
	5.59194 4.85244,
	5.60211 4.84226,
	5.61228 4.85244,
	"/>
<Contour name="d01ax03ssvr" hidden="false" closed="true" simplified="false" border="0 1 0.25098" fill="0 0 1" mode="-11"
 points="5.58613 4.8844,
	5.57596 4.87423,
	5.58613 4.86406,
	5.5963 4.87423,
	"/>
<Contour name="d01ax03ssvr" hidden="false" closed="true" simplified="false" border="0 1 0.25098" fill="0 0 1" mode="-11"
 points="5.5469 4.86115,
	5.53672 4.85098,
	5.5469 4.84081,
	5.55707 4.85098,
	"/>
<Contour name="d01ax03ssvr" hidden="false" closed="true" simplified="false" border="0 1 0.25098" fill="0 0 1" mode="-11"
 points="5.54399 4.8132,
	5.53382 4.80303,
	5.54399 4.79286,
	5.55416 4.80303,
	"/>
<Contour name="d01ax03ssvr" hidden="false" closed="true" simplified="false" border="0 1 0.25098" fill="0 0 1" mode="-11"
 points="5.52801 4.76525,
	5.51783 4.75508,
	5.52801 4.74491,
	5.53818 4.75508,
	"/>
<Contour name="d01ax03ssvr" hidden="false" closed="true" simplified="false" border="0 1 0.25098" fill="0 0 1" mode="-11"
 points="5.56724 4.7202,
	5.55707 4.71003,
	5.56724 4.69986,
	5.57741 4.71003,
	"/>
<Contour name="d01ax03ssvr" hidden="false" closed="true" simplified="false" border="0 1 0.25098" fill="0 0 1" mode="-11"
 points="5.59775 4.69114,
	5.58758 4.68097,
	5.59775 4.6708,
	5.60792 4.68097,
	"/>
<Contour name="d01ax03ssvr" hidden="false" closed="true" simplified="false" border="0 1 0.25098" fill="0 0 1" mode="-11"
 points="5.52946 4.66353,
	5.51929 4.65336,
	5.52946 4.64319,
	5.53963 4.65336,
	"/>
<Contour name="d01ax03ssvr" hidden="false" closed="true" simplified="false" border="0 1 0.25098" fill="0 0 1" mode="-11"
 points="5.50185 4.68969,
	5.49168 4.67952,
	5.50185 4.66935,
	5.51202 4.67952,
	"/>
<Contour name="d01ax03ssvr" hidden="false" closed="true" simplified="false" border="0 1 0.25098" fill="0 0 1" mode="-11"
 points="5.49894 4.64319,
	5.48877 4.63302,
	5.49894 4.62285,
	5.50912 4.63302,
	"/>
<Contour name="d01ax03ssvr" hidden="false" closed="true" simplified="false" border="0 1 0.25098" fill="0 0 1" mode="-11"
 points="5.44663 4.68678,
	5.43646 4.67661,
	5.44663 4.66644,
	5.4568 4.67661,
	"/>
<Contour name="d01ax03ssvr" hidden="false" closed="true" simplified="false" border="0 1 0.25098" fill="0 0 1" mode="-11"
 points="5.44663 4.72747,
	5.43646 4.7173,
	5.44663 4.70713,
	5.4568 4.7173,
	"/>
<Contour name="d01ax03ssvr" hidden="false" closed="true" simplified="false" border="0 1 0.25098" fill="0 0 1" mode="-11"
 points="5.46698 4.77106,
	5.4568 4.76089,
	5.46698 4.75072,
	5.47715 4.76089,
	"/>
<Contour name="d01ax03ssvr" hidden="false" closed="true" simplified="false" border="0 1 0.25098" fill="0 0 1" mode="-11"
 points="5.5033 4.80012,
	5.49313 4.78995,
	5.5033 4.77978,
	5.51347 4.78995,
	"/>
<Contour name="d01ax03ssvr" hidden="false" closed="true" simplified="false" border="0 1 0.25098" fill="0 0 1" mode="-11"
 points="5.49749 4.835,
	5.48732 4.82483,
	5.49749 4.81465,
	5.50766 4.82483,
	"/>
<Contour name="d01ax03ssvr" hidden="false" closed="true" simplified="false" border="0 1 0.25098" fill="0 0 1" mode="-11"
 points="5.48877 4.8815,
	5.4786 4.87133,
	5.48877 4.86115,
	5.49894 4.87133,
	"/>
<Contour name="d01ax03ssvr" hidden="false" closed="true" simplified="false" border="0 1 0.25098" fill="0 0 1" mode="-11"
 points="5.45245 4.8815,
	5.44227 4.87133,
	5.45245 4.86115,
	5.46262 4.87133,
	"/>
<Contour name="d01ax03ssvr" hidden="false" closed="true" simplified="false" border="0 1 0.25098" fill="0 0 1" mode="-11"
 points="5.44373 4.91492,
	5.43356 4.90475,
	5.44373 4.89457,
	5.4539 4.90475,
	"/>
<Contour name="d01ax03ssvr" hidden="false" closed="true" simplified="false" border="0 1 0.25098" fill="0 0 1" mode="-11"
 points="5.44809 4.95996,
	5.43791 4.94979,
	5.44809 4.93962,
	5.45826 4.94979,
	"/>
<Contour name="d01ax03ssvr" hidden="false" closed="true" simplified="false" border="0 1 0.25098" fill="0 0 1" mode="-11"
 points="5.49749 4.93962,
	5.48732 4.92945,
	5.49749 4.91928,
	5.50766 4.92945,
	"/>
<Contour name="d01ax03ssvr" hidden="false" closed="true" simplified="false" border="0 1 0.25098" fill="0 0 1" mode="-11"
 points="5.50766 4.97304,
	5.49749 4.96287,
	5.50766 4.9527,
	5.51783 4.96287,
	"/>
<Contour name="d01ax03ssvr" hidden="false" closed="true" simplified="false" border="0 1 0.25098" fill="0 0 1" mode="-11"
 points="5.55561 4.97885,
	5.54544 4.96868,
	5.55561 4.95851,
	5.56579 4.96868,
	"/>
<Contour name="d01ax03ssvr" hidden="false" closed="true" simplified="false" border="0 1 0.25098" fill="0 0 1" mode="-11"
 points="5.55997 4.94398,
	5.5498 4.93381,
	5.55997 4.92364,
	5.57014 4.93381,
	"/>
<Contour name="d01ax03ssvr" hidden="false" closed="true" simplified="false" border="0 1 0.25098" fill="0 0 1" mode="-11"
 points="5.54108 4.91346,
	5.53091 4.90329,
	5.54108 4.89312,
	5.55125 4.90329,
	"/>
<Contour name="d01ax03ssvr" hidden="false" closed="true" simplified="false" border="0 1 0.25098" fill="0 0 1" mode="-11"
 points="5.60066 4.95851,
	5.59049 4.94834,
	5.60066 4.93817,
	5.61083 4.94834,
	"/>
<Contour name="d01ax03ssvr" hidden="false" closed="true" simplified="false" border="0 1 0.25098" fill="0 0 1" mode="-11"
 points="5.63699 4.98757,
	5.62681 4.9774,
	5.63699 4.96723,
	5.64716 4.9774,
	"/>
<Contour name="d01ax03ssvr" hidden="false" closed="true" simplified="false" border="0 1 0.25098" fill="0 0 1" mode="-11"
 points="5.65152 4.9774,
	5.64135 4.96723,
	5.65152 4.95706,
	5.66169 4.96723,
	"/>
<Contour name="d01ax03ssvr" hidden="false" closed="true" simplified="false" border="0 1 0.25098" fill="0 0 1" mode="-11"
 points="5.62827 4.94107,
	5.6181 4.9309,
	5.62827 4.92073,
	5.63844 4.9309,
	"/>
<Contour name="d01ax03ssvr" hidden="false" closed="true" simplified="false" border="0 1 0.25098" fill="0 0 1" mode="-11"
 points="5.67041 5.01082,
	5.66024 5.00065,
	5.67041 4.99048,
	5.68058 5.00065,
	"/>
<Contour name="d01ax03ssvr" hidden="false" closed="true" simplified="false" border="0 1 0.25098" fill="0 0 1" mode="-11"
 points="5.714 5.03407,
	5.70383 5.0239,
	5.714 5.01373,
	5.72417 5.0239,
	"/>
<Contour name="d01ax03ssvr" hidden="false" closed="true" simplified="false" border="0 1 0.25098" fill="0 0 1" mode="-11"
 points="5.714 5.08347,
	5.70383 5.0733,
	5.714 5.06313,
	5.72417 5.0733,
	"/>
<Contour name="d01ax03ssvr" hidden="false" closed="true" simplified="false" border="0 1 0.25098" fill="0 0 1" mode="-11"
 points="5.7387 5.11399,
	5.72853 5.10382,
	5.7387 5.09365,
	5.74887 5.10382,
	"/>
<Contour name="d01ax03ssvr" hidden="false" closed="true" simplified="false" border="0 1 0.25098" fill="0 0 1" mode="-11"
 points="5.70238 5.14741,
	5.6922 5.13724,
	5.70238 5.12707,
	5.71255 5.13724,
	"/>
<Contour name="d01ax03ssvr" hidden="false" closed="true" simplified="false" border="0 1 0.25098" fill="0 0 1" mode="-11"
 points="5.67767 5.06313,
	5.6675 5.05296,
	5.67767 5.04279,
	5.68784 5.05296,
	"/>
<Contour name="d01ax03ssvr" hidden="false" closed="true" simplified="false" border="0 1 0.25098" fill="0 0 1" mode="-11"
 points="5.64135 5.07912,
	5.63117 5.06894,
	5.64135 5.05877,
	5.65152 5.06894,
	"/>
<Contour name="d01ax03ssvr" hidden="false" closed="true" simplified="false" border="0 1 0.25098" fill="0 0 1" mode="-11"
 points="5.61374 5.06604,
	5.60357 5.05587,
	5.61374 5.04569,
	5.62391 5.05587,
	"/>
<Contour name="d01ax03ssvr" hidden="false" closed="true" simplified="false" border="0 1 0.25098" fill="0 0 1" mode="-11"
 points="5.59339 5.06458,
	5.58322 5.05441,
	5.59339 5.04424,
	5.60357 5.05441,
	"/>
<Contour name="d01ax03ssvr" hidden="false" closed="true" simplified="false" border="0 1 0.25098" fill="0 0 1" mode="-11"
 points="5.55707 5.05005,
	5.5469 5.03988,
	5.55707 5.02971,
	5.56724 5.03988,
	"/>
<Contour name="d01ax03ssvr" hidden="false" closed="true" simplified="false" border="0 1 0.25098" fill="0 0 1" mode="-11"
 points="5.53091 5.02245,
	5.52074 5.01227,
	5.53091 5.0021,
	5.54108 5.01227,
	"/>
<Contour name="d01ax03ssvr" hidden="false" closed="true" simplified="false" border="0 1 0.25098" fill="0 0 1" mode="-11"
 points="5.59339 5.01954,
	5.58322 5.00937,
	5.59339 4.9992,
	5.60357 5.00937,
	"/>
<Contour name="d01ax03ssvr" hidden="false" closed="true" simplified="false" border="0 1 0.25098" fill="0 0 1" mode="-11"
 points="5.59194 5.09365,
	5.58177 5.08347,
	5.59194 5.0733,
	5.60211 5.08347,
	"/>
<Contour name="d01ax03ssvr" hidden="false" closed="true" simplified="false" border="0 1 0.25098" fill="0 0 1" mode="-11"
 points="5.59049 5.12416,
	5.58032 5.11399,
	5.59049 5.10382,
	5.60066 5.11399,
	"/>
<Contour name="d01ax03ssvr" hidden="false" closed="true" simplified="false" border="0 1 0.25098" fill="0 0 1" mode="-11"
 points="5.56288 5.10091,
	5.55271 5.09074,
	5.56288 5.08057,
	5.57305 5.09074,
	"/>
<Contour name="d01ax03ssvr" hidden="false" closed="true" simplified="false" border="0 1 0.25098" fill="0 0 1" mode="-11"
 points="5.52365 5.07912,
	5.51347 5.06894,
	5.52365 5.05877,
	5.53382 5.06894,
	"/>
<Contour name="d01ax03ssvr" hidden="false" closed="true" simplified="false" border="0 1 0.25098" fill="0 0 1" mode="-11"
 points="5.48587 5.05441,
	5.47569 5.04424,
	5.48587 5.03407,
	5.49604 5.04424,
	"/>
<Contour name="d01ax03ssvr" hidden="false" closed="true" simplified="false" border="0 1 0.25098" fill="0 0 1" mode="-11"
 points="5.49168 5.01954,
	5.48151 5.00937,
	5.49168 4.9992,
	5.50185 5.00937,
	"/>
<Contour name="d01ax03ssvr" hidden="false" closed="true" simplified="false" border="0 1 0.25098" fill="0 0 1" mode="-11"
 points="5.45826 5.02245,
	5.44809 5.01227,
	5.45826 5.0021,
	5.46843 5.01227,
	"/>
<Contour name="d01ax03ssvr" hidden="false" closed="true" simplified="false" border="0 1 0.25098" fill="0 0 1" mode="-11"
 points="5.41902 5.04279,
	5.40885 5.03262,
	5.41902 5.02245,
	5.4292 5.03262,
	"/>
<Contour name="d01ax03ssvr" hidden="false" closed="true" simplified="false" border="0 1 0.25098" fill="0 0 1" mode="-11"
 points="5.45245 5.08493,
	5.44227 5.07476,
	5.45245 5.06458,
	5.46262 5.07476,
	"/>
<Contour name="d01ax03ssvr" hidden="false" closed="true" simplified="false" border="0 1 0.25098" fill="0 0 1" mode="-11"
 points="5.47279 5.11254,
	5.46262 5.10236,
	5.47279 5.09219,
	5.48296 5.10236,
	"/>
<Contour name="d01ax03ssvr" hidden="false" closed="true" simplified="false" border="0 1 0.25098" fill="0 0 1" mode="-11"
 points="5.52219 5.13288,
	5.51202 5.12271,
	5.52219 5.11254,
	5.53236 5.12271,
	"/>
<Contour name="d01ax03ssvr" hidden="false" closed="true" simplified="false" border="0 1 0.25098" fill="0 0 1" mode="-11"
 points="5.55416 5.15322,
	5.54399 5.14305,
	5.55416 5.13288,
	5.56433 5.14305,
	"/>
<Contour name="d01ax03ssvr" hidden="false" closed="true" simplified="false" border="0 1 0.25098" fill="0 0 1" mode="-11"
 points="5.58322 5.18519,
	5.57305 5.17502,
	5.58322 5.16485,
	5.59339 5.17502,
	"/>
<Contour name="d01ax03ssvr" hidden="false" closed="true" simplified="false" border="0 1 0.25098" fill="0 0 1" mode="-11"
 points="5.62827 5.16775,
	5.6181 5.15758,
	5.62827 5.14741,
	5.63844 5.15758,
	"/>
<Contour name="d01ax03ssvr" hidden="false" closed="true" simplified="false" border="0 1 0.25098" fill="0 0 1" mode="-11"
 points="5.53818 5.22442,
	5.52801 5.21425,
	5.53818 5.20408,
	5.54835 5.21425,
	"/>
<Contour name="d01ax03ssvr" hidden="false" closed="true" simplified="false" border="0 1 0.25098" fill="0 0 1" mode="-11"
 points="5.51202 5.20553,
	5.50185 5.19536,
	5.51202 5.18519,
	5.52219 5.19536,
	"/>
<Contour name="d01ax03ssvr" hidden="false" closed="true" simplified="false" border="0 1 0.25098" fill="0 0 1" mode="-11"
 points="5.52946 5.17502,
	5.51929 5.16485,
	5.52946 5.15468,
	5.53963 5.16485,
	"/>
<Contour name="d01ax03ssvr" hidden="false" closed="true" simplified="false" border="0 1 0.25098" fill="0 0 1" mode="-11"
 points="5.49458 5.16775,
	5.48441 5.15758,
	5.49458 5.14741,
	5.50476 5.15758,
	"/>
<Contour name="d01ax03ssvr" hidden="false" closed="true" simplified="false" border="0 1 0.25098" fill="0 0 1" mode="-11"
 points="5.45535 5.16049,
	5.44518 5.15032,
	5.45535 5.14014,
	5.46552 5.15032,
	"/>
<Contour name="d01ax03ssvr" hidden="false" closed="true" simplified="false" border="0 1 0.25098" fill="0 0 1" mode="-11"
 points="5.41467 5.18374,
	5.40449 5.17357,
	5.41467 5.16339,
	5.42484 5.17357,
	"/>
<Contour name="d01ax03ssvr" hidden="false" closed="true" simplified="false" border="0 1 0.25098" fill="0 0 1" mode="-11"
 points="5.40885 5.13869,
	5.39868 5.12852,
	5.40885 5.11835,
	5.41902 5.12852,
	"/>
</Transform>

<Transform dim="6"
 xcoef=" 0.0925077492284508 0.998543026644729 -0.0100712961618164 0 0 0"
 ycoef=" 0.224452645116536 -0.00237123459751437 0.975240597849761 0 0 0">
<Contour name="d13" hidden="false" closed="true" simplified="true" border="1 1 0" fill="1 1 0" mode="11"
 points="-0.237766 1.10529,
	-0.23134 1.07959,
	-0.208849 1.06352,
	-0.176718 1.01211,
	-0.151014 0.999262,
	-0.0996049 0.960705,
	-0.0481959 0.928574,
	-0.0353437 0.915722,
	-0.0224914 0.864313,
	-0.0224914 0.761495,
	-0.0289175 0.735791,
	-0.0321306 0.684382,
	-0.0353437 0.67153,
	-0.0321306 0.658677,
	0.0160653 0.607268,
	0.0706873 0.50445,
	0.0996049 0.453041,
	0.112457 0.427337,
	0.118883 0.414485,
	0.11567 0.311667,
	0.128522 0.285962,
	0.154227 0.266684,
	0.179931 0.257045,
	0.192784 0.253832,
	0.244193 0.221701,
	0.269897 0.215275,
	0.295602 0.23134,
	0.311667 0.257045,
	0.363076 0.285962,
	0.38878 0.302028,
	0.398419 0.31488,
	0.449828 0.295602,
	0.501237 0.289175,
	0.51409 0.285962,
	0.539794 0.292388,
	0.530155 0.318093,
	0.526942 0.330945,
	0.523729 0.337371,
	0.530155 0.363076,
	0.54622 0.38878,
	0.568712 0.414485,
	0.584777 0.440189,
	0.597629 0.453041,
	0.639399 0.555859,
	0.655464 0.581564,
	0.681169 0.604055,
	0.694021 0.616908,
	0.700447 0.623334,
	0.726152 0.62976,
	0.748643 0.681169,
	0.764708 0.783987,
	0.771134 0.809691,
	0.7872 0.835396,
	0.790413 0.8611,
	0.777561 0.870739,
	0.726152 0.873952,
	0.674743 0.883592,
	0.649038 0.890018,
	0.54622 0.963918,
	0.494811 0.992836,
	0.469107 1.0089,
	0.366289 1.0089,
	0.340584 1.0089,
	0.237766 0.97677,
	0.212062 0.967131,
	0.160653 0.960705,
	0.134949 0.960705,
	0.109244 0.954279,
	0.102818 0.954279,
	0.0771134 0.97677,
	0.0674743 0.983196,
	0.0353437 1.08601,
	0.0321306 1.11172,
	0.0224914 1.13742,
	0.0192784 1.15028,
	-0.0289175 1.19526,
	-0.0803265 1.20168,
	-0.106031 1.20168,
	-0.131735 1.20811,
	-0.144588 1.21132,
	-0.151014 1.21454,
	-0.154227 1.24024,
	-0.141375 1.24667,
	-0.134949 1.25309,
	-0.141375 1.2788,
	-0.154227 1.28844,
	-0.179931 1.29165,
	-0.192784 1.28844,
	-0.218488 1.26273,
	-0.23134 1.25309,
	-0.237766 1.20168,
	-0.237766 1.15028,
	-0.237766 1.12457,
	-0.237766 1.11172,
	-0.237766 1.10851,
	"/>
</Transform>

<Transform dim="6"
 xcoef=" 0.0925077492284508 0.998543026644729 -0.0100712961618164 0 0 0"
 ycoef=" 0.224452645116536 -0.00237123459751437 0.975240597849761 0 0 0">
<Contour name="d01ax08b2ssvr809" hidden="false" closed="true" simplified="false" border="0.5 0 1" fill="0.5 0 1" mode="9"
 points="4.01755 4.80818,
	4.00976 4.80558,
	4.01755 4.80298,
	4.01236 4.79519,
	4.02015 4.80038,
	4.02275 4.79259,
	4.02535 4.80038,
	4.03314 4.79519,
	4.02794 4.80298,
	4.03574 4.80558,
	4.02794 4.80818,
	4.03314 4.81597,
	4.02535 4.81077,
	4.02275 4.81857,
	4.02015 4.81077,
	4.01236 4.81597,
	"/>
<Contour name="d01ax08b2ssvr810" hidden="false" closed="true" simplified="false" border="0.5 0 1" fill="0.5 0 1" mode="9"
 points="4.05132 4.87312,
	4.04353 4.87052,
	4.05132 4.86792,
	4.04613 4.86013,
	4.05392 4.86532,
	4.05652 4.85753,
	4.05911 4.86532,
	4.06691 4.86013,
	4.06171 4.86792,
	4.0695 4.87052,
	4.06171 4.87312,
	4.06691 4.88091,
	4.05911 4.87571,
	4.05652 4.88351,
	4.05392 4.87571,
	4.04613 4.88091,
	"/>
<Contour name="d01ax08b2ssvr811" hidden="false" closed="true" simplified="false" border="0.5 0 1" fill="0.5 0 1" mode="9"
 points="4.00976 4.90948,
	4.00197 4.90688,
	4.00976 4.90429,
	4.00457 4.89649,
	4.01236 4.90169,
	4.01496 4.8939,
	4.01755 4.90169,
	4.02535 4.89649,
	4.02015 4.90429,
	4.02794 4.90688,
	4.02015 4.90948,
	4.02535 4.91727,
	4.01755 4.91208,
	4.01496 4.91987,
	4.01236 4.91208,
	4.00457 4.91727,
	"/>
<Contour name="d01ax08b2ssvr812" hidden="false" closed="true" simplified="false" border="0.5 0 1" fill="0.5 0 1" mode="9"
 points="3.99677 4.94325,
	3.98898 4.94065,
	3.99677 4.93805,
	3.99158 4.93026,
	3.99937 4.93546,
	4.00197 4.92766,
	4.00457 4.93546,
	4.01236 4.93026,
	4.00716 4.93805,
	4.01496 4.94065,
	4.00716 4.94325,
	4.01236 4.95104,
	4.00457 4.94585,
	4.00197 4.95364,
	3.99937 4.94585,
	3.99158 4.95104,
	"/>
<Contour name="d01ax08b2ssvr813" hidden="false" closed="true" simplified="false" border="0.5 0 1" fill="0.5 0 1" mode="9"
 points="4.03314 5.03416,
	4.02535 5.03157,
	4.03314 5.02897,
	4.02794 5.02118,
	4.03574 5.02637,
	4.03833 5.01858,
	4.04093 5.02637,
	4.04872 5.02118,
	4.04353 5.02897,
	4.05132 5.03157,
	4.04353 5.03416,
	4.04872 5.04196,
	4.04093 5.03676,
	4.03833 5.04455,
	4.03574 5.03676,
	4.02794 5.04196,
	"/>
<Contour name="d01ax08b2ssvr814" hidden="false" closed="true" simplified="false" border="0.5 0 1" fill="0.5 0 1" mode="9"
 points="3.92664 5.01858,
	3.91885 5.01598,
	3.92664 5.01338,
	3.92144 5.00559,
	3.92924 5.01079,
	3.93183 5.00299,
	3.93443 5.01079,
	3.94222 5.00559,
	3.93703 5.01338,
	3.94482 5.01598,
	3.93703 5.01858,
	3.94222 5.02637,
	3.93443 5.02118,
	3.93183 5.02897,
	3.92924 5.02118,
	3.92144 5.02637,
	"/>
<Contour name="d01ax08b2ssvr815" hidden="false" closed="true" simplified="false" border="0.5 0 1" fill="0.5 0 1" mode="9"
 points="3.90326 5.06014,
	3.89547 5.05754,
	3.90326 5.05494,
	3.89807 5.04715,
	3.90586 5.05235,
	3.90846 5.04455,
	3.91105 5.05235,
	3.91885 5.04715,
	3.91365 5.05494,
	3.92144 5.05754,
	3.91365 5.06014,
	3.91885 5.06793,
	3.91105 5.06274,
	3.90846 5.07053,
	3.90586 5.06274,
	3.89807 5.06793,
	"/>
<Contour name="d01ax08b2ssvr816" hidden="false" closed="true" simplified="false" border="0.5 0 1" fill="0.5 0 1" mode="9"
 points="3.8617 5.0991,
	3.85391 5.0965,
	3.8617 5.09391,
	3.85651 5.08611,
	3.8643 5.09131,
	3.8669 5.08352,
	3.86949 5.09131,
	3.87729 5.08611,
	3.87209 5.09391,
	3.87988 5.0965,
	3.87209 5.0991,
	3.87729 5.10689,
	3.86949 5.1017,
	3.8669 5.10949,
	3.8643 5.1017,
	3.85651 5.10689,
	"/>
<Contour name="d01ax08b2ssvr817" hidden="false" closed="true" simplified="false" border="0.5 0 1" fill="0.5 0 1" mode="9"
 points="3.83053 5.07313,
	3.82274 5.07053,
	3.83053 5.06793,
	3.82533 5.06014,
	3.83313 5.06533,
	3.83573 5.05754,
	3.83832 5.06533,
	3.84612 5.06014,
	3.84092 5.06793,
	3.84871 5.07053,
	3.84092 5.07313,
	3.84612 5.08092,
	3.83832 5.07572,
	3.83573 5.08352,
	3.83313 5.07572,
	3.82533 5.08092,
	"/>
<Contour name="d01ax08b2ssvr818" hidden="false" closed="true" simplified="false" border="0.5 0 1" fill="0.5 0 1" mode="9"
 points="3.8669 5.03676,
	3.8591 5.03416,
	3.8669 5.03157,
	3.8617 5.02377,
	3.86949 5.02897,
	3.87209 5.02118,
	3.87469 5.02897,
	3.88248 5.02377,
	3.87729 5.03157,
	3.88508 5.03416,
	3.87729 5.03676,
	3.88248 5.04455,
	3.87469 5.03936,
	3.87209 5.04715,
	3.86949 5.03936,
	3.8617 5.04455,
	"/>
<Contour name="d01ax08b2ssvr819" hidden="false" closed="true" simplified="false" border="0.5 0 1" fill="0.5 0 1" mode="9"
 points="3.85391 4.9952,
	3.84612 4.9926,
	3.85391 4.99001,
	3.84871 4.98221,
	3.85651 4.98741,
	3.8591 4.97962,
	3.8617 4.98741,
	3.86949 4.98221,
	3.8643 4.99001,
	3.87209 4.9926,
	3.8643 4.9952,
	3.86949 5.00299,
	3.8617 4.9978,
	3.8591 5.00559,
	3.85651 4.9978,
	3.84871 5.00299,
	"/>
<Contour name="d01ax08b2ssvr820" hidden="false" closed="true" simplified="false" border="0.5 0 1" fill="0.5 0 1" mode="9"
 points="3.79416 4.97962,
	3.78637 4.97702,
	3.79416 4.97442,
	3.78897 4.96663,
	3.79676 4.97182,
	3.79936 4.96403,
	3.80196 4.97182,
	3.80975 4.96663,
	3.80455 4.97442,
	3.81235 4.97702,
	3.80455 4.97962,
	3.80975 4.98741,
	3.80196 4.98221,
	3.79936 4.99001,
	3.79676 4.98221,
	3.78897 4.98741,
	"/>
<Contour name="d01ax08b2ssvr821" hidden="false" closed="true" simplified="false" border="0.5 0 1" fill="0.5 0 1" mode="9"
 points="3.78637 5.02118,
	3.77858 5.01858,
	3.78637 5.01598,
	3.78118 5.00819,
	3.78897 5.01338,
	3.79157 5.00559,
	3.79416 5.01338,
	3.80196 5.00819,
	3.79676 5.01598,
	3.80455 5.01858,
	3.79676 5.02118,
	3.80196 5.02897,
	3.79416 5.02377,
	3.79157 5.03157,
	3.78897 5.02377,
	3.78118 5.02897,
	"/>
<Contour name="d01ax08b2ssvr822" hidden="false" closed="true" simplified="false" border="0.5 0 1" fill="0.5 0 1" mode="9"
 points="3.74221 5.06533,
	3.73442 5.06274,
	3.74221 5.06014,
	3.73702 5.05235,
	3.74481 5.05754,
	3.74741 5.04975,
	3.75001 5.05754,
	3.7578 5.05235,
	3.7526 5.06014,
	3.7604 5.06274,
	3.7526 5.06533,
	3.7578 5.07313,
	3.75001 5.06793,
	3.74741 5.07572,
	3.74481 5.06793,
	3.73702 5.07313,
	"/>
<Contour name="d01ax08b2ssvr823" hidden="false" closed="true" simplified="false" border="0.5 0 1" fill="0.5 0 1" mode="9"
 points="3.7526 5.13807,
	3.74481 5.13547,
	3.7526 5.13287,
	3.74741 5.12508,
	3.7552 5.13027,
	3.7578 5.12248,
	3.7604 5.13027,
	3.76819 5.12508,
	3.76299 5.13287,
	3.77079 5.13547,
	3.76299 5.13807,
	3.76819 5.14586,
	3.7604 5.14066,
	3.7578 5.14846,
	3.7552 5.14066,
	3.74741 5.14586,
	"/>
<Contour name="d01ax08b2ssvr824" hidden="false" closed="true" simplified="false" border="0.5 0 1" fill="0.5 0 1" mode="9"
 points="3.69286 5.12508,
	3.68507 5.12248,
	3.69286 5.11988,
	3.68767 5.11209,
	3.69546 5.11728,
	3.69806 5.10949,
	3.70065 5.11728,
	3.70845 5.11209,
	3.70325 5.11988,
	3.71104 5.12248,
	3.70325 5.12508,
	3.70845 5.13287,
	3.70065 5.12767,
	3.69806 5.13547,
	3.69546 5.12767,
	3.68767 5.13287,
	"/>
<Contour name="d01ax08b2ssvr825" hidden="false" closed="true" simplified="false" border="0.5 0 1" fill="0.5 0 1" mode="9"
 points="3.60195 5.01338,
	3.59415 5.01079,
	3.60195 5.00819,
	3.59675 5.0004,
	3.60454 5.00559,
	3.60714 4.9978,
	3.60974 5.00559,
	3.61753 5.0004,
	3.61234 5.00819,
	3.62013 5.01079,
	3.61234 5.01338,
	3.61753 5.02118,
	3.60974 5.01598,
	3.60714 5.02377,
	3.60454 5.01598,
	3.59675 5.02118,
	"/>
<Contour name="d01ax08b2ssvr826" hidden="false" closed="true" simplified="false" border="0.5 0 1" fill="0.5 0 1" mode="9"
 points="3.57337 4.94065,
	3.56558 4.93805,
	3.57337 4.93546,
	3.56818 4.92766,
	3.57597 4.93286,
	3.57857 4.92507,
	3.58117 4.93286,
	3.58896 4.92766,
	3.58376 4.93546,
	3.59156 4.93805,
	3.58376 4.94065,
	3.58896 4.94844,
	3.58117 4.94325,
	3.57857 4.95104,
	3.57597 4.94325,
	3.56818 4.94844,
	"/>
<Contour name="d01ax08b2ssvr827" hidden="false" closed="true" simplified="false" border="0.5 0 1" fill="0.5 0 1" mode="9"
 points="3.58376 4.89649,
	3.57597 4.8939,
	3.58376 4.8913,
	3.57857 4.88351,
	3.58636 4.8887,
	3.58896 4.88091,
	3.59156 4.8887,
	3.59935 4.88351,
	3.59415 4.8913,
	3.60195 4.8939,
	3.59415 4.89649,
	3.59935 4.90429,
	3.59156 4.89909,
	3.58896 4.90688,
	3.58636 4.89909,
	3.57857 4.90429,
	"/>
<Contour name="d01ax08b2ssvr828" hidden="false" closed="true" simplified="false" border="0.5 0 1" fill="0.5 0 1" mode="9"
 points="3.52402 4.90688,
	3.51623 4.90429,
	3.52402 4.90169,
	3.51883 4.8939,
	3.52662 4.89909,
	3.52922 4.8913,
	3.53181 4.89909,
	3.53961 4.8939,
	3.53441 4.90169,
	3.5422 4.90429,
	3.53441 4.90688,
	3.53961 4.91468,
	3.53181 4.90948,
	3.52922 4.91727,
	3.52662 4.90948,
	3.51883 4.91468,
	"/>
<Contour name="d01ax08b2ssvr829" hidden="false" closed="true" simplified="false" border="0.5 0 1" fill="0.5 0 1" mode="9"
 points="3.55519 4.86013,
	3.5474 4.85753,
	3.55519 4.85493,
	3.55 4.84714,
	3.55779 4.85234,
	3.56039 4.84454,
	3.56298 4.85234,
	3.57078 4.84714,
	3.56558 4.85493,
	3.57337 4.85753,
	3.56558 4.86013,
	3.57078 4.86792,
	3.56298 4.86273,
	3.56039 4.87052,
	3.55779 4.86273,
	3.55 4.86792,
	"/>
<Contour name="d01ax08b2ssvr830" hidden="false" closed="true" simplified="false" border="0.5 0 1" fill="0.5 0 1" mode="9"
 points="3.48506 4.92247,
	3.47726 4.91987,
	3.48506 4.91727,
	3.47986 4.90948,
	3.48765 4.91468,
	3.49025 4.90688,
	3.49285 4.91468,
	3.50064 4.90948,
	3.49545 4.91727,
	3.50324 4.91987,
	3.49545 4.92247,
	3.50064 4.93026,
	3.49285 4.92507,
	3.49025 4.93286,
	3.48765 4.92507,
	3.47986 4.93026,
	"/>
<Contour name="d01ax08b2ssvr831" hidden="false" closed="true" simplified="false" border="0.5 0 1" fill="0.5 0 1" mode="9"
 points="3.52402 4.78999,
	3.51623 4.7874,
	3.52402 4.7848,
	3.51883 4.77701,
	3.52662 4.7822,
	3.52922 4.77441,
	3.53181 4.7822,
	3.53961 4.77701,
	3.53441 4.7848,
	3.5422 4.7874,
	3.53441 4.78999,
	3.53961 4.79779,
	3.53181 4.79259,
	3.52922 4.80038,
	3.52662 4.79259,
	3.51883 4.79779,
	"/>
<Contour name="d01ax08b2ssvr832" hidden="false" closed="true" simplified="false" border="0.5 0 1" fill="0.5 0 1" mode="9"
 points="3.65649 4.93286,
	3.6487 4.93026,
	3.65649 4.92766,
	3.6513 4.91987,
	3.65909 4.92507,
	3.66169 4.91727,
	3.66429 4.92507,
	3.67208 4.91987,
	3.66688 4.92766,
	3.67468 4.93026,
	3.66688 4.93286,
	3.67208 4.94065,
	3.66429 4.93546,
	3.66169 4.94325,
	3.65909 4.93546,
	3.6513 4.94065,
	"/>
<Contour name="d01ax08b2ssvr833" hidden="false" closed="true" simplified="false" border="0.5 0 1" fill="0.5 0 1" mode="9"
 points="3.77338 4.89909,
	3.76559 4.89649,
	3.77338 4.8939,
	3.76819 4.8861,
	3.77598 4.8913,
	3.77858 4.88351,
	3.78118 4.8913,
	3.78897 4.8861,
	3.78377 4.8939,
	3.79157 4.89649,
	3.78377 4.89909,
	3.78897 4.90688,
	3.78118 4.90169,
	3.77858 4.90948,
	3.77598 4.90169,
	3.76819 4.90688,
	"/>
<Contour name="d01ax08b2ssvr834" hidden="false" closed="true" simplified="false" border="0.5 0 1" fill="0.5 0 1" mode="9"
 points="3.72403 4.95104,
	3.71624 4.94844,
	3.72403 4.94585,
	3.71884 4.93805,
	3.72663 4.94325,
	3.72923 4.93546,
	3.73182 4.94325,
	3.73962 4.93805,
	3.73442 4.94585,
	3.74221 4.94844,
	3.73442 4.95104,
	3.73962 4.95883,
	3.73182 4.95364,
	3.72923 4.96143,
	3.72663 4.95364,
	3.71884 4.95883,
	"/>
<Contour name="d01ax08b2ssvr835" hidden="false" closed="true" simplified="false" border="0.5 0 1" fill="0.5 0 1" mode="9"
 points="3.73962 5.00819,
	3.73182 5.00559,
	3.73962 5.00299,
	3.73442 4.9952,
	3.74221 5.0004,
	3.74481 4.9926,
	3.74741 5.0004,
	3.7552 4.9952,
	3.75001 5.00299,
	3.7578 5.00559,
	3.75001 5.00819,
	3.7552 5.01598,
	3.74741 5.01079,
	3.74481 5.01858,
	3.74221 5.01079,
	3.73442 5.01598,
	"/>
<Contour name="d01ax08b2ssvr836" hidden="false" closed="true" simplified="false" border="0.5 0 1" fill="0.5 0 1" mode="9"
 points="3.66169 5.00819,
	3.6539 5.00559,
	3.66169 5.00299,
	3.65649 4.9952,
	3.66429 5.0004,
	3.66688 4.9926,
	3.66948 5.0004,
	3.67728 4.9952,
	3.67208 5.00299,
	3.67987 5.00559,
	3.67208 5.00819,
	3.67728 5.01598,
	3.66948 5.01079,
	3.66688 5.01858,
	3.66429 5.01079,
	3.65649 5.01598,
	"/>
<Contour name="d01ax08b2ssvr837" hidden="false" closed="true" simplified="false" border="0.5 0 1" fill="0.5 0 1" mode="9"
 points="3.56818 5.06793,
	3.56039 5.06533,
	3.56818 5.06274,
	3.56298 5.05494,
	3.57078 5.06014,
	3.57337 5.05235,
	3.57597 5.06014,
	3.58376 5.05494,
	3.57857 5.06274,
	3.58636 5.06533,
	3.57857 5.06793,
	3.58376 5.07572,
	3.57597 5.07053,
	3.57337 5.07832,
	3.57078 5.07053,
	3.56298 5.07572,
	"/>
</Transform>

<Transform dim="6"
 xcoef=" 0.0925077492284508 0.998543026644729 -0.0100712961618164 0 0 0"
 ycoef=" 0.224452645116536 -0.00237123459751437 0.975240597849761 0 0 0">
<Contour name="d01ax08b2ssvd1" hidden="false" closed="true" simplified="false" border="1 0.5 0" fill="1 0.5 0" mode="-9"
 points="4.09288 4.96922,
	4.09288 4.96403,
	4.09808 4.95883,
	4.10327 4.95883,
	4.10847 4.96403,
	4.10847 4.96922,
	4.10327 4.97442,
	4.09808 4.97442,
	"/>
</Transform>

<Transform dim="6"
 xcoef=" 0.0925077492284508 0.998543026644729 -0.0100712961618164 0 0 0"
 ycoef=" 0.224452645116536 -0.00237123459751437 0.975240597849761 0 0 0">
<Contour name="d01ax08b2c01" hidden="false" closed="true" simplified="true" border="0 1 0" fill="0 1 0" mode="-9"
 points="4.12017 4.81924,
	4.13285 4.80657,
	4.14734 4.80838,
	4.15458 4.812,
	4.1582 4.812,
	4.17994 4.84098,
	4.19443 4.86995,
	4.20167 4.89893,
	4.19805 4.92791,
	4.18175 4.98586,
	4.18175 4.98948,
	4.17813 4.99311,
	4.17813 4.99673,
	4.16726 5.01122,
	4.15458 5.02208,
	4.14734 5.02752,
	4.14009 5.02933,
	4.13285 5.02752,
	4.12923 5.02027,
	4.13104 4.99129,
	4.14009 4.96232,
	4.14553 4.90436,
	4.14734 4.88987,
	4.13828 4.8609,
	4.13466 4.85365,
	4.13466 4.85003,
	4.12561 4.83735,
	4.12017 4.83011,
	4.12017 4.82287,
	4.12017 4.82105,
	"/>
<Contour name="d01ax08b2cfa01" hidden="false" closed="false" simplified="false" border="0 1 1" fill="0 1 1" mode="-9"
 points="4.13603 5.02076,
	4.165 4.95013,
	4.17949 4.88856,
	4.16682 4.85596,
	4.12878 4.81249,
	"/>
</Transform>

<Transform dim="6"
 xcoef=" 0.0925077492284508 0.998543026644729 -0.0100712961618164 0 0 0"
 ycoef=" 0.224452645116536 -0.00237123459751437 0.975240597849761 0 0 0">
<Contour name="d01SER" hidden="false" closed="true" simplified="true" border="0 1 0" fill="0 1 0" mode="-9"
 points="4.17771 4.14007,
	4.20377 4.09665,
	4.21245 4.08507,
	4.22403 4.08217,
	4.22982 4.08507,
	4.23272 4.10823,
	4.23272 4.11981,
	4.22693 4.13139,
	4.22403 4.15455,
	4.22114 4.16613,
	4.21535 4.17192,
	4.21535 4.17771,
	4.20377 4.1864,
	4.19219 4.18929,
	4.1864 4.18929,
	4.17771 4.17771,
	4.17771 4.15455,
	4.17771 4.14297,
	"/>
<Contour name="d01SER" hidden="false" closed="true" simplified="true" border="0 1 0" fill="0 1 0" mode="-9"
 points="4.65831 4.004,
	4.66989 4.00111,
	4.69305 4.01269,
	4.70752 4.03585,
	4.71621 4.05901,
	4.7191 4.08217,
	4.71621 4.09375,
	4.70463 4.09086,
	4.69015 4.06769,
	4.68436 4.05611,
	4.68436 4.05032,
	4.67857 4.04743,
	4.67568 4.03585,
	4.65831 4.01558,
	4.65831 4.0069,
	"/>
<Contour name="d01SER" hidden="false" closed="true" simplified="true" border="0 1 0" fill="0 1 0" mode="-9"
 points="4.70752 4.36879,
	4.71621 4.35721,
	4.722 4.26457,
	4.72779 4.2414,
	4.73937 4.21824,
	4.75095 4.21245,
	4.76253 4.21535,
	4.77701 4.23561,
	4.7799 4.24719,
	4.77411 4.29352,
	4.76832 4.29931,
	4.74806 4.34273,
	4.73069 4.3659,
	4.72489 4.37748,
	4.71331 4.38327,
	4.70752 4.38037,
	4.70752 4.37169,
	"/>
</Transform>

<Transform dim="6"
 xcoef=" 0.281305186768566 0.907401072349535 0.0410003833948631 0 0 0"
 ycoef=" 0.839981033381577 -0.0591777038630034 0.983094027316788 0 0 0">
<Image mag="0.00220626" contrast="1.21551" brightness="-0.285" red="true" green="true" blue="true"
 src="FPNCT.19.jpg" />
<Contour name="domain1" hidden="false" closed="true" simplified="false" border="1 0 1" fill="1 0 1" mode="11"
 points="0 0,
	4096 0,
	4096 4096,
	0 4096,
	"/>
</Transform>

<Transform dim="6"
 xcoef=" 0.0925077492284508 0.998543026644729 -0.0100712961618164 0 0 0"
 ycoef=" 0.224452645116536 -0.00237123459751437 0.975240597849761 0 0 0">
<Contour name="d01p02" hidden="false" closed="true" simplified="false" border="0.5 0 1" fill="0.5 0 1" mode="-9"
 points="4.50974 4.41038,
	4.50165 4.40768,
	4.50974 4.40499,
	4.50435 4.3969,
	4.51243 4.40229,
	4.51513 4.39421,
	4.51782 4.40229,
	4.52591 4.3969,
	4.52052 4.40499,
	4.5286 4.40768,
	4.52052 4.41038,
	4.52591 4.41846,
	4.51782 4.41307,
	4.51513 4.42116,
	4.51243 4.41307,
	4.50435 4.41846,
	"/>
</Transform>

<Transform dim="6"
 xcoef=" 0.0925077492284508 0.998543026644729 -0.0100712961618164 0 0 0"
 ycoef=" 0.224452645116536 -0.00237123459751437 0.975240597849761 0 0 0">
<Contour name="mito02_mw_KH(ok)" hidden="false" closed="false" simplified="false" border="0.501961 1 0" fill="0.5 0 1" mode="-9"
 points="3.28528 5.67629,
	3.02802 5.667,
	"/>
</Transform>

<Transform dim="0"
 xcoef=" 0 1 0 0 0 0"
 ycoef=" 0 0 1 0 0 0">
<Contour name="d01cfa03" hidden="false" closed="false" simplified="false" border="0 1 1" fill="0 1 1" mode="9"
 points="5.75257 4.5824,
	5.72842 4.53388,
	5.69017 4.49502,
	5.61885 4.46094,
	5.52396 4.43648,
	5.45766 4.43148,
	5.35804 4.40701,
	"/>
</Transform>

<Transform dim="0"
 xcoef=" 0 1 0 0 0 0"
 ycoef=" 0 0 1 0 0 0">
<Contour name="d01ax03" comment="LK bouton trace named after cfa" hidden="false" closed="true" simplified="true" border="0 1 1" fill="0.501961 1 1" mode="-9"
 points="5.05169 4.81698,
	5.056 4.79975,
	5.06784 4.7653,
	5.07107 4.75669,
	5.07215 4.74807,
	5.07538 4.73946,
	5.07645 4.73085,
	5.08614 4.69639,
	5.0883 4.67917,
	5.1066 4.64471,
	5.11629 4.62749,
	5.1249 4.61887,
	5.15936 4.60057,
	5.17658 4.5898,
	5.1852 4.5855,
	5.19381 4.57904,
	5.20888 4.56181,
	5.2175 4.54458,
	5.22288 4.52736,
	5.22611 4.51013,
	5.22288 4.47568,
	5.22396 4.46706,
	5.22826 4.45845,
	5.24011 4.44122,
	5.24872 4.424,
	5.25195 4.41538,
	5.25733 4.40677,
	5.27456 4.39708,
	5.28317 4.39277,
	5.29179 4.3917,
	5.3004 4.39493,
	5.30901 4.39385,
	5.32624 4.396,
	5.36069 4.41,
	5.39515 4.42615,
	5.40376 4.43153,
	5.40807 4.43369,
	5.47697 4.43907,
	5.51143 4.44661,
	5.52865 4.45199,
	5.54588 4.45522,
	5.61478 4.47675,
	5.63201 4.48214,
	5.64924 4.48967,
	5.68369 4.51013,
	5.6923 4.51551,
	5.72568 4.54674,
	5.73752 4.56396,
	5.75367 4.58119,
	5.76229 4.58873,
	5.76659 4.59088,
	5.78167 4.60811,
	5.7892 4.62533,
	5.79459 4.64256,
	5.79459 4.64687,
	5.80428 4.66409,
	5.80966 4.67271,
	5.81289 4.68132,
	5.81935 4.71577,
	5.82043 4.72439,
	5.81504 4.75884,
	5.80966 4.77607,
	5.80643 4.79329,
	5.80535 4.7976,
	5.81397 4.81483,
	5.81827 4.82344,
	5.82258 4.85789,
	5.82473 4.87512,
	5.82904 4.89235,
	5.8355 4.90957,
	5.8355 4.94403,
	5.82904 4.96125,
	5.82366 4.96986,
	5.80643 4.98601,
	5.7892 4.99463,
	5.78059 4.99893,
	5.77198 5.00539,
	5.76229 5.02154,
	5.75475 5.03877,
	5.75044 5.04738,
	5.73645 5.06461,
	5.71922 5.07968,
	5.69015 5.11306,
	5.65893 5.14644,
	5.62447 5.16259,
	5.61586 5.16582,
	5.59863 5.16797,
	5.59002 5.16797,
	5.57279 5.17335,
	5.56418 5.17443,
	5.54695 5.18197,
	5.53834 5.1852,
	5.52112 5.18735,
	5.48666 5.19812,
	5.46944 5.19489,
	5.43498 5.18089,
	5.40053 5.18412,
	5.3833 5.18412,
	5.36608 5.18089,
	5.34885 5.16905,
	5.33701 5.15182,
	5.33485 5.14321,
	5.31978 5.10875,
	5.30794 5.09153,
	5.3004 5.08291,
	5.29179 5.07645,
	5.27456 5.0603,
	5.25733 5.04846,
	5.24011 5.03877,
	5.1712 5.01078,
	5.15397 5.00216,
	5.13675 4.98494,
	5.12813 4.96771,
	5.12275 4.9591,
	5.10768 4.94187,
	5.09906 4.93326,
	5.09476 4.92465,
	5.09476 4.91603,
	5.09476 4.91388,
	5.08076 4.89665,
	5.06892 4.87943,
	5.06353 4.87081,
	5.056 4.85359,
	5.05384 4.84928,
	5.05169 4.83205,
	5.05169 4.82344,
	5.05169 4.81913,
	5.05169 4.81806,
	"/>
</Transform>

</Section>