<?xml version="1.0"?>
<!DOCTYPE Section SYSTEM "section.dtd">

<Section index="192" thickness="0.048" alignLocked="true">
<Transform dim="6"
 xcoef=" 1.56937360756953 0.846455232618333 -0.0428213084394615 0 0 0"
 ycoef=" 0.0984535983120377 -0.0048953593711783 0.953821325969845 0 0 0">
<Contour name="D06" hidden="true" closed="true" simplified="true" border="0 0 1" fill="0 0 1" mode="9"
 points="4.93552 3.7183,
	4.93884 3.67871,
	4.94871 3.64014,
	4.96488 3.60359,
	4.98692 3.57002,
	5.01428 3.54028,
	5.04623 3.51516,
	5.08196 3.4953,
	5.12053 3.48121,
	5.16095 3.47327,
	5.20216 3.47167,
	5.24312 3.47646,
	5.28274 3.48751,
	5.32001 3.50454,
	5.35396 3.5271,
	5.38371 3.55462,
	5.40849 3.58638,
	5.42766 3.62155,
	5.44072 3.65923,
	5.44734 3.69844,
	5.44734 3.73816,
	5.44072 3.77737,
	5.42766 3.81505,
	5.40849 3.85023,
	5.38371 3.88198,
	5.35396 3.9095,
	5.32001 3.93207,
	5.28274 3.94909,
	5.24312 3.96015,
	5.20216 3.96493,
	5.16095 3.96334,
	5.12053 3.95539,
	5.08196 3.9413,
	5.04623 3.92144,
	5.01428 3.89632,
	4.98692 3.86658,
	4.96488 3.83301,
	4.94871 3.79647,
	"/>
</Transform>

<Transform dim="6"
 xcoef=" 1.56937360756953 0.846455232618333 -0.0428213084394615 0 0 0"
 ycoef=" 0.0984535983120377 -0.0048953593711783 0.953821325969845 0 0 0">
<Contour name="d09c16" hidden="false" closed="true" simplified="true" border="1 0 0" fill="1 0 0" mode="9"
 points="7.43929 0.0040387,
	7.47968 -0.0605806,
	7.49583 -0.0767354,
	7.52814 -0.0928902,
	7.5443 -0.105006,
	7.55238 -0.105006,
	7.56853 -0.117122,
	7.58469 -0.121161,
	7.60084 -0.117122,
	7.60488 -0.0848128,
	7.60084 -0.068658,
	7.5968 -0.0605806,
	7.60084 -0.0444257,
	7.58469 -0.0121161,
	7.58469 0.0201935,
	7.55641 0.0484644,
	7.54026 0.0646193,
	7.50795 0.0807741,
	7.47564 0.0807741,
	7.45949 0.0726967,
	7.44333 0.0565419,
	7.43929 0.0242322,
	7.43929 0.00807741,
	"/>
<Contour name="d09cfa16" hidden="false" closed="false" simplified="false" border="0 1 1" fill="0 1 1" mode="9"
 points="7.45078 0.0683998,
	7.48713 0.0482062,
	7.50329 0.0441675,
	7.54771 0.0118579,
	7.57194 -0.00833561,
	7.5881 -0.0729549,
	7.5881 -0.117381,
	"/>
</Transform>

<Transform dim="6"
 xcoef=" 1.56937360756953 0.846455232618333 -0.0428213084394615 0 0 0"
 ycoef=" 0.0984535983120377 -0.0048953593711783 0.953821325969845 0 0 0">
<Contour name="D14" hidden="true" closed="true" simplified="true" border="1 0 0.5" fill="1 0 0.5" mode="9"
 points="2.90012 -1.72635,
	2.91 -1.8101,
	2.93866 -1.88564,
	2.98331 -1.9456,
	3.03957 -1.98409,
	3.10193 -1.99735,
	3.16429 -1.98409,
	3.22055 -1.9456,
	3.2652 -1.88564,
	3.29386 -1.8101,
	3.30374 -1.72635,
	3.29386 -1.64261,
	3.2652 -1.56706,
	3.22055 -1.50711,
	3.16429 -1.46862,
	3.10193 -1.45535,
	3.03957 -1.46862,
	2.98331 -1.50711,
	2.93866 -1.56706,
	"/>
<Contour name="D13" hidden="true" closed="true" simplified="true" border="0.5 0 1" fill="0.5 0 1" mode="9"
 points="2.03438 0.48344,
	2.04248 0.40517,
	2.06636 0.33083,
	2.10483 0.26414,
	2.15596 0.20845,
	2.21718 0.166545,
	2.28543 0.140532,
	2.35728 0.131713,
	2.42913 0.140532,
	2.49737 0.166545,
	2.5586 0.20845,
	2.60972 0.26414,
	2.64819 0.33083,
	2.67207 0.40517,
	2.68017 0.48344,
	2.67207 0.5617,
	2.64819 0.63604,
	2.60972 0.70273,
	2.5586 0.75842,
	2.49737 0.80033,
	2.42913 0.82634,
	2.35728 0.83516,
	2.28543 0.82634,
	2.21718 0.80033,
	2.15596 0.75842,
	2.10483 0.70273,
	2.06636 0.63604,
	"/>
</Transform>

<Transform dim="6"
 xcoef=" 1.56937360756953 0.846455232618333 -0.0428213084394615 0 0 0"
 ycoef=" 0.0984535983120377 -0.0048953593711783 0.953821325969845 0 0 0">
<Contour name="D18" hidden="true" closed="true" simplified="true" border="1 0 1" fill="1 0 1" mode="9"
 points="6.56729 -1.98046,
	6.57803 -2.06204,
	6.60947 -2.13757,
	6.65928 -2.20144,
	6.72375 -2.24893,
	6.79811 -2.27651,
	6.87684 -2.28213,
	6.9541 -2.26537,
	7.02417 -2.22749,
	7.08185 -2.17128,
	7.12285 -2.10092,
	7.14414 -2.02163,
	7.14414 -1.93928,
	7.12285 -1.85999,
	7.08185 -1.78963,
	7.02417 -1.73343,
	6.9541 -1.69554,
	6.87684 -1.67879,
	6.79811 -1.68441,
	6.72375 -1.71198,
	6.65928 -1.75947,
	6.60947 -1.82335,
	6.57803 -1.89888,
	"/>
</Transform>

<Transform dim="6"
 xcoef=" 1.72937360756953 0.846455232618333 -0.0428213084394615 0 0 0"
 ycoef=" 1.44845359831205 -0.0048953593711783 0.953821325969845 0 0 0">
<Contour name="D17" hidden="true" closed="true" simplified="true" border="0 0 1" fill="0 0 1" mode="-13"
 points="5.33474 -1.48592,
	5.34525 -1.56732,
	5.37589 -1.64181,
	5.42407 -1.70309,
	5.4857 -1.74595,
	5.55555 -1.76676,
	5.62771 -1.76375,
	5.69604 -1.73719,
	5.75476 -1.68932,
	5.79888 -1.6242,
	5.82468 -1.54735,
	5.82995 -1.4653,
	5.81425 -1.38499,
	5.77891 -1.31325,
	5.72693 -1.25614,
	5.66273 -1.21853,
	5.59173 -1.20358,
	5.51996 -1.21258,
	5.45351 -1.24476,
	5.39802 -1.29739,
	5.35818 -1.366,
	"/>
</Transform>

<Transform dim="6"
 xcoef=" 1.56937360756953 0.846455232618333 -0.0428213084394615 0 0 0"
 ycoef=" 0.0984535983120377 -0.0048953593711783 0.953821325969845 0 0 0">
<Contour name="d14" hidden="true" closed="true" simplified="true" border="1 0 1" fill="1 0 1" mode="-11"
 points="4.39502 -0.742559,
	4.42287 -0.816815,
	4.42983 -0.823777,
	4.46696 -0.816815,
	4.48552 -0.812174,
	4.4948 -0.809854,
	4.49944 -0.809854,
	4.54121 -0.735598,
	4.54585 -0.726316,
	4.52961 -0.689188,
	4.52265 -0.670624,
	4.52033 -0.65206,
	4.51801 -0.642778,
	4.51801 -0.638137,
	4.50873 -0.633496,
	4.50409 -0.633496,
	4.46696 -0.60797,
	4.45768 -0.60565,
	4.43911 -0.610291,
	4.43447 -0.610291,
	4.43215 -0.614932,
	4.42287 -0.612611,
	4.41823 -0.612611,
	4.4043 -0.686867,
	4.39734 -0.723995,
	4.39502 -0.740239,
	"/>
<Contour name="d14" hidden="true" closed="true" simplified="true" border="1 0 1" fill="1 0 1" mode="-11"
 points="4.66188 -1.90745,
	4.68044 -1.92369,
	4.68973 -1.93065,
	4.69437 -1.93529,
	4.73149 -1.92137,
	4.75006 -1.91441,
	4.76166 -1.89817,
	4.81967 -1.74966,
	4.8336 -1.71253,
	4.84056 -1.69396,
	4.84288 -1.54545,
	4.84288 -1.50832,
	4.84288 -1.49904,
	4.89857 -1.35053,
	4.90785 -1.33197,
	4.94034 -1.29484,
	4.95658 -1.27627,
	4.96354 -1.25771,
	4.97979 -1.18345,
	4.98211 -1.17417,
	5.01924 -1.13704,
	5.03548 -1.11848,
	5.0494 -1.08135,
	5.05636 -1.06279,
	5.09349 -1.0303,
	5.10277 -1.02102,
	5.10742 -1.01638,
	5.1167 -0.97925,
	5.12134 -0.960686,
	5.12366 -0.951404,
	5.12366 -0.946763,
	5.08653 -0.925879,
	5.08189 -0.923558,
	4.93338 -1.01406,
	4.85912 -1.07439,
	4.82199 -1.10456,
	4.78487 -1.13008,
	4.7663 -1.14168,
	4.75934 -1.15097,
	4.73846 -1.22522,
	4.73149 -1.26235,
	4.73614 -1.33661,
	4.74078 -1.37373,
	4.73614 -1.52225,
	4.73382 -1.55937,
	4.69205 -1.70789,
	4.67116 -1.78214,
	4.66188 -1.81927,
	4.66188 -1.89353,
	4.66188 -1.90281,
	4.66188 -1.90513,
	"/>
</Transform>

<Transform dim="6"
 xcoef=" 1.56937360756953 0.846455232618333 -0.0428213084394615 0 0 0"
 ycoef=" 0.0984535983120377 -0.0048953593711783 0.953821325969845 0 0 0">
<Contour name="d14" hidden="true" closed="true" simplified="true" border="1 0 1" fill="1 0 1" mode="-11"
 points="2.19386 -2.15355,
	2.2073 -2.20729,
	2.21737 -2.26103,
	2.23081 -2.36851,
	2.23752 -2.42225,
	2.25264 -2.47599,
	2.3047 -2.52974,
	2.31142 -2.53309,
	2.36516 -2.53477,
	2.39203 -2.54317,
	2.40546 -2.54821,
	2.51294 -2.56164,
	2.53981 -2.565,
	2.59355 -2.54653,
	2.60699 -2.54149,
	2.66073 -2.53981,
	2.67417 -2.53477,
	2.6876 -2.52638,
	2.69432 -2.52134,
	2.72119 -2.51462,
	2.82867 -2.51462,
	2.8421 -2.51462,
	2.85554 -2.5079,
	2.96302 -2.42225,
	2.97646 -2.41386,
	3.08394 -2.37523,
	3.11081 -2.36683,
	3.11752 -2.36348,
	3.12256 -2.35676,
	3.12424 -2.35004,
	3.15111 -2.33325,
	3.16455 -2.32821,
	3.19142 -2.30806,
	3.20149 -2.29462,
	3.22836 -2.26943,
	3.25523 -2.25432,
	3.25859 -2.2476,
	3.27035 -2.23416,
	3.27371 -2.22745,
	3.30058 -2.20225,
	3.32577 -2.1821,
	3.32913 -2.15523,
	3.32913 -2.10149,
	3.33081 -2.08806,
	3.33249 -2.08134,
	3.35768 -2.05447,
	3.37111 -2.04439,
	3.38455 -2.03935,
	3.39798 -2.03767,
	3.41142 -2.03264,
	3.42485 -2.02424,
	3.43829 -2.0192,
	3.44165 -2.02088,
	3.45172 -2.00912,
	3.46516 -2.0108,
	3.47187 -2.01248,
	3.47691 -2.0108,
	3.48363 -1.98393,
	3.48699 -1.9705,
	3.49539 -1.95706,
	3.50546 -1.93019,
	3.53905 -1.87645,
	3.5676 -1.82271,
	3.57264 -1.8076,
	3.5592 -1.70012,
	3.55584 -1.67325,
	3.58103 -1.56577,
	3.58439 -1.55233,
	3.47859 -1.48012,
	3.42485 -1.44989,
	3.37111 -1.39615,
	3.34424 -1.36928,
	3.33081 -1.35584,
	3.31737 -1.34577,
	3.31065 -1.34073,
	3.25691 -1.33905,
	3.23004 -1.33569,
	3.12256 -1.28363,
	3.11584 -1.28195,
	3.00836 -1.33401,
	2.98149 -1.34577,
	2.96806 -1.35248,
	2.91432 -1.3592,
	2.88745 -1.36256,
	2.77997 -1.35416,
	2.72623 -1.3508,
	2.67249 -1.376,
	2.5818 -1.48348,
	2.53646 -1.53722,
	2.52302 -1.54897,
	2.46928 -1.58256,
	2.44241 -1.59935,
	2.41554 -1.62455,
	2.4021 -1.63798,
	2.36684 -1.69172,
	2.3047 -1.7992,
	2.29126 -1.82607,
	2.22577 -2.04103,
	2.2073 -2.09477,
	2.19386 -2.14851,
	2.19386 -2.15187,
	"/>
</Transform>

<Transform dim="6"
 xcoef=" 1.56937360756953 0.846455232618333 -0.0428213084394615 0 0 0"
 ycoef=" 0.0984535983120377 -0.0048953593711783 0.953821325969845 0 0 0">
<Contour name="d14" hidden="true" closed="true" simplified="true" border="1 0 1" fill="1 0 1" mode="-11"
 points="3.60617 -2.4764,
	3.61223 -2.50066,
	3.61223 -2.50672,
	3.61526 -2.51279,
	3.66379 -2.54919,
	3.67592 -2.55677,
	3.70019 -2.56738,
	3.70625 -2.57042,
	3.70929 -2.57193,
	3.72142 -2.56283,
	3.74568 -2.54009,
	3.75781 -2.52947,
	3.82302 -2.43242,
	3.8306 -2.42029,
	3.83364 -2.41422,
	3.88216 -2.41877,
	3.90643 -2.4218,
	3.91856 -2.42332,
	3.94282 -2.41725,
	3.95495 -2.4127,
	3.95799 -2.41119,
	3.97012 -2.31413,
	3.97467 -2.26561,
	3.9777 -2.24134,
	3.97315 -2.21708,
	3.97164 -2.20495,
	3.96102 -2.19585,
	3.95495 -2.1913,
	3.90643 -2.18978,
	3.8943 -2.18978,
	3.88823 -2.18978,
	3.8397 -2.21708,
	3.82757 -2.22315,
	3.78056 -2.27167,
	3.75781 -2.29594,
	3.73355 -2.31717,
	3.72142 -2.32778,
	3.68502 -2.37631,
	3.67592 -2.38844,
	3.62891 -2.41725,
	3.6183 -2.42484,
	3.60617 -2.47336,
	3.60617 -2.47488,
	"/>
</Transform>

<Transform dim="6"
 xcoef=" 1.56937360756953 0.846455232618333 -0.0428213084394615 0 0 0"
 ycoef=" 0.0984535983120377 -0.0048953593711783 0.953821325969845 0 0 0">
<Contour name="d14" hidden="true" closed="true" simplified="true" border="1 0 1" fill="1 0 1" mode="-11"
 points="3.74797 -1.78411,
	3.77365 -1.82324,
	3.77977 -1.83302,
	3.78343 -1.83791,
	3.803 -1.84892,
	3.80789 -1.85136,
	3.84702 -1.84403,
	3.88615 -1.82079,
	3.9265 -1.74253,
	3.93629 -1.72297,
	3.94974 -1.68384,
	3.95218 -1.67405,
	3.95463 -1.66916,
	3.95585 -1.63003,
	3.95708 -1.61047,
	3.95585 -1.5909,
	3.95463 -1.58601,
	3.95463 -1.58356,
	3.93506 -1.56889,
	3.92528 -1.56278,
	3.90572 -1.55788,
	3.86659 -1.55666,
	3.8568 -1.55666,
	3.85191 -1.55666,
	3.814 -1.59457,
	3.79444 -1.61413,
	3.78466 -1.62392,
	3.78221 -1.62636,
	3.74797 -1.78288,
	"/>
</Transform>

<Transform dim="6"
 xcoef=" 1.56937360756953 0.846455232618333 -0.0428213084394615 0 0 0"
 ycoef=" 0.0984535983120377 -0.0048953593711783 0.953821325969845 0 0 0">
<Contour name="d14" hidden="true" closed="true" simplified="true" border="1 0 1" fill="1 0 1" mode="-11"
 points="2.18282 -1.43273,
	2.20068 -1.55973,
	2.20664 -1.5756,
	2.21061 -1.58354,
	2.21854 -1.58552,
	2.25029 -1.56766,
	2.26418 -1.55377,
	2.30189 -1.49027,
	2.30387 -1.45852,
	2.30387 -1.45059,
	2.29792 -1.43471,
	2.29395 -1.42677,
	2.2622 -1.40494,
	2.23045 -1.40693,
	2.21457 -1.40693,
	2.18282 -1.42479,
	2.18282 -1.43074,
	"/>
</Transform>

<Transform dim="6"
 xcoef=" 1.56937360756953 0.846455232618333 -0.0428213084394615 0 0 0"
 ycoef=" 0.0984535983120377 -0.0048953593711783 0.953821325969845 0 0 0">
<Contour name="d14" hidden="true" closed="true" simplified="true" border="1 0 1" fill="1 0 1" mode="-11"
 points="3.90394 -0.196491,
	3.91133 -0.235912,
	3.91318 -0.245767,
	3.95199 -0.266094,
	3.95692 -0.267942,
	3.99634 -0.267326,
	4.00619 -0.267326,
	4.04561 -0.258086,
	4.04808 -0.25747,
	4.0875 -0.229752,
	4.10721 -0.211274,
	4.11214 -0.206962,
	4.12446 -0.187251,
	4.13062 -0.177396,
	4.13185 -0.174932,
	4.12014 -0.135511,
	4.11275 -0.1158,
	4.10906 -0.105945,
	4.10659 -0.0862341,
	4.10659 -0.0813065,
	4.10598 -0.0788426,
	4.09797 -0.0689873,
	4.09612 -0.0665235,
	4.08627 -0.0659075,
	4.0838 -0.0659075,
	4.06409 -0.073915,
	4.05916 -0.0757628,
	4.0567 -0.0769948,
	4.01728 -0.1158,
	3.99757 -0.135511,
	3.9951 -0.137975,
	3.95568 -0.155221,
	3.94583 -0.158917,
	3.94336 -0.160149,
	3.90394 -0.195259,
	3.90394 -0.195875,
	"/>
</Transform>

<Transform dim="6"
 xcoef=" 1.56937360756953 0.846455232618333 -0.0428213084394615 0 0 0"
 ycoef=" 0.0984535983120377 -0.0048953593711783 0.953821325969845 0 0 0">
<Contour name="d14c36" hidden="true" closed="true" simplified="true" border="0 0 1" fill="0 0 1" mode="11"
 points="3.94592 -0.141116,
	3.96012 -0.149104,
	3.96722 -0.152654,
	3.99562 -0.152654,
	4.00272 -0.151766,
	4.05953 -0.101178,
	4.06663 -0.0949649,
	4.07284 -0.0807645,
	4.04888 -0.0523638,
	4.02048 -0.0576889,
	4.01338 -0.0630141,
	3.98497 -0.0896397,
	3.97077 -0.102953,
	3.95214 -0.131353,
	3.9477 -0.138453,
	3.94681 -0.140229,
	"/>
</Transform>

<Transform dim="6"
 xcoef=" 1.56937360756953 0.846455232618333 -0.0428213084394615 0 0 0"
 ycoef=" 0.0984535983120377 -0.0048953593711783 0.953821325969845 0 0 0">
<Contour name="d14c27a" hidden="true" closed="true" simplified="true" border="1 0 1" fill="1 0 1" mode="-11"
 points="4.8523 -1.52237,
	4.85631 -1.52438,
	4.88845 -1.5063,
	4.91656 -1.47417,
	4.94066 -1.4099,
	4.95272 -1.37776,
	4.95472 -1.36973,
	4.93263 -1.33759,
	4.92861 -1.33157,
	4.89648 -1.35165,
	4.86234 -1.41592,
	4.85832 -1.42396,
	4.8543 -1.48822,
	4.8523 -1.52036,
	"/>
<Contour name="d14c27a" hidden="true" closed="true" simplified="true" border="1 0 1" fill="1 0 1" mode="-11"
 points="4.95272 -1.20705,
	4.95673 -1.27132,
	4.95874 -1.27935,
	4.99087 -1.27935,
	5.00092 -1.26529,
	5.02903 -1.20102,
	5.03506 -1.18496,
	5.04309 -1.12069,
	5.04108 -1.11667,
	5.00895 -1.11265,
	4.99288 -1.11667,
	4.95472 -1.18094,
	4.95272 -1.19701,
	4.95272 -1.20504,
	"/>
</Transform>

<Transform dim="6"
 xcoef=" 1.56937360756953 0.846455232618333 -0.0428213084394615 0 0 0"
 ycoef=" 0.0984535983120377 -0.0048953593711783 0.953821325969845 0 0 0">
<Contour name="d14cfa27a" hidden="true" closed="false" simplified="false" border="1 0 1" fill="1 0 1" mode="-11"
 points="4.96527 -1.28013,
	4.97403 -1.22881,
	5.03285 -1.11742,
	"/>
<Contour name="d14cfa27a" hidden="true" closed="false" simplified="false" border="1 0 1" fill="1 0 1" mode="-11"
 points="4.85638 -1.52294,
	4.89893 -1.42782,
	4.92522 -1.3377,
	"/>
</Transform>

<Transform dim="6"
 xcoef=" 1.56937360756953 0.846455232618333 -0.0428213084394615 0 0 0"
 ycoef=" 0.0984535983120377 -0.0048953593711783 0.953821325969845 0 0 0">
<Contour name="d14c31" hidden="true" closed="true" simplified="true" border="1 0.5 0" fill="1 0.5 0" mode="11"
 points="3.77846 -2.51799,
	3.78632 -2.51897,
	3.79419 -2.51799,
	3.79812 -2.51701,
	3.82958 -2.48849,
	3.84532 -2.47473,
	3.85318 -2.46785,
	3.85711 -2.4649,
	3.88858 -2.46293,
	3.90431 -2.46195,
	3.91217 -2.46096,
	3.91709 -2.4295,
	3.91906 -2.42852,
	3.92201 -2.43048,
	3.92299 -2.4295,
	3.89153 -2.40295,
	3.88759 -2.4,
	3.88563 -2.39804,
	3.8227 -2.39902,
	3.81877 -2.4,
	3.78632 -2.46293,
	3.77944 -2.47866,
	3.77846 -2.51012,
	3.77846 -2.51701,
	"/>
<Contour name="d14cfa31" hidden="true" closed="false" simplified="false" border="1 0.5 0" fill="1 0.5 0" mode="11"
 points="3.91894 -2.4288,
	3.91453 -2.42495,
	3.85458 -2.4211,
	3.81222 -2.44365,
	3.77756 -2.51186,
	"/>
</Transform>

<Transform dim="6"
 xcoef=" 1.56937360756953 0.846455232618333 -0.0428213084394615 0 0 0"
 ycoef=" 0.0984535983120377 -0.0048953593711783 0.953821325969845 0 0 0">
<Contour name="d14dia31" hidden="true" closed="false" simplified="true" border="1 0.5 0" fill="1 0.5 0" mode="13"
 points="3.61089 -2.50251,
	3.97504 -2.27643,
	"/>
</Transform>

<Transform dim="6"
 xcoef=" 1.56937360756953 0.846455232618333 -0.0428213084394615 0 0 0"
 ycoef=" 0.0984535983120377 -0.0048953593711783 0.953821325969845 0 0 0">
<Contour name="d14cfa36" hidden="true" closed="false" simplified="false" border="0 0 1" fill="0 0 1" mode="11"
 points="4.06226 -0.0706523,
	4.00606 -0.131415,
	3.95689 -0.148625,
	"/>
</Transform>

<Transform dim="6"
 xcoef=" 1.56937360756953 0.846455232618333 -0.0428213084394615 0 0 0"
 ycoef=" 0.0984535983120377 -0.0048953593711783 0.953821325969845 0 0 0">
<Contour name="d14dia36" hidden="true" closed="false" simplified="false" border="0 0 1" fill="0 0 1" mode="9"
 points="4.10844 -0.0803529,
	3.91275 -0.239242,
	"/>
</Transform>

<Transform dim="6"
 xcoef=" 1.56937360756953 0.846455232618333 -0.0428213084394615 0 0 0"
 ycoef=" 0.0984535983120377 -0.0048953593711783 0.953821325969845 0 0 0">
<Contour name="d01" hidden="false" closed="true" simplified="true" border="1 1 0" fill="1 0.5 0" mode="11"
 points="5.16656 0.0799657,
	5.17632 0.0487596,
	5.18607 0.0331565,
	5.19387 0.00195038,
	5.19387 -0.0292557,
	5.19387 -0.0370573,
	5.18412 -0.0682634,
	5.18217 -0.0838665,
	5.18997 -0.115073,
	5.19582 -0.122874,
	5.19972 -0.138477,
	5.20752 -0.144328,
	5.23873 -0.156031,
	5.29919 -0.196989,
	5.32845 -0.224294,
	5.33625 -0.228195,
	5.346 -0.241847,
	5.35965 -0.25355,
	5.38696 -0.282805,
	5.39476 -0.286706,
	5.42596 -0.282805,
	5.43377 -0.282805,
	5.44157 -0.278905,
	5.44352 -0.275004,
	5.44742 -0.275004,
	5.45132 -0.271103,
	5.46692 -0.269153,
	5.49813 -0.271103,
	5.51373 -0.269153,
	5.52153 -0.271103,
	5.52543 -0.271103,
	5.53324 -0.276954,
	5.54884 -0.278905,
	5.55664 -0.278905,
	5.56444 -0.275004,
	5.56834 -0.275004,
	5.5976 -0.249649,
	5.6054 -0.247699,
	5.621 -0.237947,
	5.64636 -0.208691,
	5.65221 -0.193088,
	5.65416 -0.177485,
	5.65026 -0.146279,
	5.65221 -0.115073,
	5.66391 -0.0838665,
	5.66586 -0.0526603,
	5.67171 -0.0214542,
	5.66976 0.00975191,
	5.65806 0.040958,
	5.65416 0.0565611,
	5.65221 0.118973,
	5.66001 0.181386,
	5.66391 0.243798,
	5.66781 0.275004,
	5.66781 0.30621,
	5.67366 0.337416,
	5.67951 0.353019,
	5.68342 0.35692,
	5.70682 0.419332,
	5.70682 0.450538,
	5.70292 0.466141,
	5.69707 0.473943,
	5.69512 0.489546,
	5.68146 0.520752,
	5.67366 0.536355,
	5.66196 0.550008,
	5.65416 0.555859,
	5.62295 0.56171,
	5.59175 0.56171,
	5.58395 0.56171,
	5.55274 0.548058,
	5.53714 0.546107,
	5.47472 0.522703,
	5.45912 0.524653,
	5.44547 0.530504,
	5.43767 0.534405,
	5.43182 0.542206,
	5.42401 0.546107,
	5.40841 0.544157,
	5.39281 0.538306,
	5.3616 0.540256,
	5.346 0.528554,
	5.33625 0.518802,
	5.33625 0.514901,
	5.3265 0.499298,
	5.32064 0.483695,
	5.31089 0.468092,
	5.30894 0.46029,
	5.29919 0.444687,
	5.29724 0.436886,
	5.27774 0.40568,
	5.25238 0.378374,
	5.25043 0.347168,
	5.24848 0.331565,
	5.24848 0.323764,
	5.24848 0.319863,
	5.22703 0.290607,
	5.21337 0.278905,
	5.20167 0.263302,
	5.19972 0.2555,
	5.19582 0.251599,
	5.18607 0.189187,
	5.17437 0.157981,
	5.16656 0.126775,
	5.16656 0.0955687,
	5.16656 0.0819161,
	"/>
</Transform>

<Transform dim="6"
 xcoef=" 1.56937360756953 0.846455232618333 -0.0428213084394615 0 0 0"
 ycoef=" 0.0984535983120377 -0.0048953593711783 0.953821325969845 0 0 0">
<Contour name="d03" hidden="false" closed="true" simplified="true" border="1 0 0.5" fill="1 0 0.5" mode="11"
 points="7.60737 -0.241904,
	7.60989 -0.282221,
	7.61493 -0.2923,
	7.63257 -0.312459,
	7.63508 -0.332618,
	7.63257 -0.352776,
	7.63257 -0.362856,
	7.6376 -0.372935,
	7.6376 -0.383014,
	7.64264 -0.393093,
	7.64768 -0.395613,
	7.6376 -0.435931,
	7.63508 -0.456089,
	7.64012 -0.496407,
	7.65272 -0.536724,
	7.65272 -0.556882,
	7.65272 -0.566962,
	7.65776 -0.572001,
	7.6628 -0.59216,
	7.6628 -0.602239,
	7.68044 -0.642557,
	7.72832 -0.720671,
	7.73588 -0.74083,
	7.75352 -0.758469,
	7.7636 -0.763508,
	7.7762 -0.783667,
	7.78124 -0.823984,
	7.79383 -0.864302,
	7.79635 -0.88446,
	7.79131 -0.924778,
	7.79383 -0.944936,
	7.80139 -0.965095,
	7.80391 -0.975174,
	7.81147 -0.985254,
	7.81399 -0.995333,
	7.81903 -1.00037,
	7.81903 -1.00541,
	7.83667 -1.02557,
	7.84423 -1.03565,
	7.84927 -1.04069,
	7.85431 -1.06085,
	7.85431 -1.07093,
	7.86187 -1.09109,
	7.86439 -1.11125,
	7.86943 -1.12132,
	7.86943 -1.16164,
	7.86943 -1.17172,
	7.86187 -1.19188,
	7.85935 -1.20196,
	7.85935 -1.207,
	7.84423 -1.22464,
	7.83667 -1.23472,
	7.82911 -1.27503,
	7.83163 -1.31535,
	7.83415 -1.32543,
	7.85179 -1.34307,
	7.88959 -1.36575,
	7.90975 -1.37835,
	7.92991 -1.38591,
	7.95006 -1.38843,
	7.96014 -1.39599,
	7.97274 -1.41362,
	7.98282 -1.42118,
	8.00298 -1.4237,
	8.02314 -1.41362,
	8.03322 -1.39347,
	8.03826 -1.38339,
	8.0433 -1.37835,
	8.04834 -1.33803,
	8.0559 -1.31787,
	8.0685 -1.30023,
	8.07354 -1.29519,
	8.07354 -1.29015,
	8.08865 -1.26999,
	8.08865 -1.26495,
	8.09621 -1.25488,
	8.09873 -1.23472,
	8.10377 -1.22464,
	8.09873 -1.18432,
	8.10377 -1.17424,
	8.10629 -1.13392,
	8.11385 -1.09361,
	8.11385 -1.08353,
	8.10629 -1.06337,
	8.05338 -0.985254,
	8.0181 -0.952496,
	8.00298 -0.934857,
	7.9929 -0.924778,
	7.98282 -0.904619,
	7.97778 -0.88446,
	7.9803 -0.803826,
	7.98282 -0.793746,
	7.98282 -0.788707,
	7.98786 -0.783667,
	7.9929 -0.763508,
	8.01054 -0.723191,
	8.0181 -0.703033,
	8.03826 -0.687914,
	8.0559 -0.667755,
	8.06346 -0.58712,
	8.0685 -0.546803,
	8.08613 -0.506486,
	8.09117 -0.425851,
	8.10881 -0.388054,
	8.13905 -0.350256,
	8.14661 -0.340177,
	8.14409 -0.29986,
	8.10629 -0.262062,
	8.09369 -0.241904,
	8.08109 -0.201586,
	8.07606 -0.181428,
	8.07354 -0.171348,
	8.06094 -0.15119,
	8.04582 -0.110873,
	8.03826 -0.0907139,
	8.03826 -0.0856742,
	8.0307 -0.0755949,
	8.02314 -0.0554363,
	8.00046 -0.015119,
	7.97022 0.0251983,
	7.96014 0.0453569,
	7.95006 0.0856742,
	7.94502 0.105833,
	7.93998 0.115912,
	7.92991 0.125991,
	7.91227 0.138591,
	7.89715 0.158749,
	7.89463 0.168829,
	7.87951 0.186467,
	7.87195 0.194027,
	7.83163 0.191507,
	7.79131 0.181428,
	7.78124 0.178908,
	7.77116 0.171348,
	7.751 0.163789,
	7.73084 0.163789,
	7.71068 0.168829,
	7.69052 0.166309,
	7.67288 0.14867,
	7.66532 0.14111,
	7.66028 0.120952,
	7.66784 0.0806346,
	7.66532 0.0705552,
	7.66784 0.0604759,
	7.67036 0.0629957,
	7.67036 0.0529164,
	7.6628 0.0327578,
	7.66028 0.0226785,
	7.66028 0.0176388,
	7.65524 0.0125991,
	7.6502 -0.00755949,
	7.64768 -0.0478768,
	7.64012 -0.0680354,
	7.64012 -0.108353,
	7.63508 -0.118432,
	7.63508 -0.128511,
	7.63005 -0.138591,
	7.61997 -0.14867,
	7.61745 -0.15371,
	7.62249 -0.163789,
	7.62501 -0.168829,
	7.61997 -0.188987,
	7.60989 -0.209146,
	7.60737 -0.229305,
	7.60737 -0.239384,
	"/>
</Transform>

<Transform dim="6"
 xcoef=" 1.56937360756953 0.846455232618333 -0.0428213084394615 0 0 0"
 ycoef=" 0.0984535983120377 -0.0048953593711783 0.953821325969845 0 0 0">
<Contour name="d05" hidden="false" closed="true" simplified="true" border="1 1 0" fill="1 1 0" mode="11"
 points="7.21112 2.48222,
	7.22118 2.45001,
	7.21514 2.4339,
	7.21514 2.42585,
	7.21917 2.4178,
	7.2232 2.41377,
	7.22722 2.41377,
	7.23125 2.40974,
	7.24735 2.40974,
	7.26346 2.41578,
	7.27755 2.42786,
	7.2856 2.4339,
	7.29366 2.45001,
	7.29768 2.45806,
	7.30171 2.46209,
	7.30171 2.46611,
	7.31983 2.49832,
	7.32587 2.51443,
	7.32788 2.52248,
	7.32788 2.52651,
	7.33191 2.53053,
	7.33191 2.54664,
	7.33191 2.55067,
	7.32788 2.55469,
	7.32788 2.55872,
	7.31983 2.56677,
	7.31177 2.59898,
	7.30976 2.61509,
	7.30976 2.62314,
	7.29768 2.63924,
	7.28158 2.64126,
	7.26547 2.63522,
	7.25138 2.62314,
	7.24131 2.59093,
	7.23527 2.55872,
	7.21917 2.52852,
	7.21112 2.51242,
	7.21112 2.49631,
	7.21112 2.48826,
	7.21112 2.48423,
	"/>
<Contour name="d05" hidden="false" closed="true" simplified="true" border="1 1 0" fill="1 1 0" mode="11"
 points="6.63737 2.92914,
	6.64945 2.91303,
	6.65549 2.89693,
	6.65549 2.88888,
	6.67159 2.87478,
	6.6877 2.86673,
	6.71991 2.8627,
	6.78433 2.84257,
	6.81654 2.84459,
	6.83264 2.84257,
	6.8407 2.83855,
	6.88096 2.77413,
	6.89505 2.75802,
	6.92726 2.74192,
	6.99168 2.73185,
	7.00779 2.72581,
	7.04 2.71977,
	7.07221 2.7097,
	7.08831 2.70769,
	7.10442 2.71373,
	7.1165 2.72782,
	7.12254 2.73588,
	7.12455 2.74393,
	7.13462 2.76003,
	7.13663 2.77614,
	7.14267 2.78419,
	7.14267 2.78822,
	7.17085 2.82043,
	7.193 2.85264,
	7.20306 2.86874,
	7.21716 2.88485,
	7.22521 2.8929,
	7.2393 2.92511,
	7.24534 2.95732,
	7.24534 2.97343,
	7.26145 3.03785,
	7.2695 3.07006,
	7.2997 3.13448,
	7.30976 3.15059,
	7.33794 3.18078,
	7.35405 3.19286,
	7.37016 3.20897,
	7.38022 3.22507,
	7.39029 3.28949,
	7.39633 3.35391,
	7.40035 3.36197,
	7.41646 3.37606,
	7.42451 3.39216,
	7.42854 3.40827,
	7.45471 3.47269,
	7.48088 3.5049,
	7.49497 3.51899,
	7.50302 3.52302,
	7.50705 3.52302,
	7.53523 3.55523,
	7.54731 3.57133,
	7.56342 3.60153,
	7.57952 3.6116,
	7.59563 3.61764,
	7.61173 3.62972,
	7.62784 3.66193,
	7.64998 3.72635,
	7.65602 3.74245,
	7.65804 3.75856,
	7.65602 3.77466,
	7.64998 3.79077,
	7.63589 3.80486,
	7.62784 3.8109,
	7.61777 3.82701,
	7.60972 3.83103,
	7.60167 3.86324,
	7.59764 3.87935,
	7.59563 3.8874,
	7.59362 3.89143,
	7.60368 3.92364,
	7.60972 3.95585,
	7.61576 3.97195,
	7.61576 3.98,
	7.6218 3.99611,
	7.62381 4.01222,
	7.62985 4.02832,
	7.63187 4.06053,
	7.64193 4.09274,
	7.64797 4.12495,
	7.64596 4.14106,
	7.6379 4.15716,
	7.62381 4.17327,
	7.60771 4.18333,
	7.5755 4.19743,
	7.55939 4.20145,
	7.54329 4.20145,
	7.52718 4.19541,
	7.51913 4.19139,
	7.51108 4.17528,
	7.50906 4.14307,
	7.51309 4.11086,
	7.5151 4.09475,
	7.53121 4.06254,
	7.53926 4.04644,
	7.54329 4.03839,
	7.54731 4.00618,
	7.54933 3.99007,
	7.54329 3.95786,
	7.53926 3.94175,
	7.53725 3.9337,
	7.54329 3.90149,
	7.54933 3.88539,
	7.55134 3.86928,
	7.54933 3.86123,
	7.55335 3.84512,
	7.54731 3.7807,
	7.53322 3.74849,
	7.51309 3.71628,
	7.50504 3.70018,
	7.48289 3.66797,
	7.45471 3.63576,
	7.4225 3.60757,
	7.38022 3.54315,
	7.37619 3.52705,
	7.36613 3.51094,
	7.33593 3.50893,
	7.30372 3.51295,
	7.28762 3.52101,
	7.27956 3.52503,
	7.27151 3.52503,
	7.26346 3.52906,
	7.23125 3.52906,
	7.16683 3.53912,
	7.13462 3.54114,
	7.11851 3.54516,
	7.10241 3.55322,
	7.0702 3.56127,
	7.03799 3.5653,
	7.02188 3.56731,
	6.98967 3.58341,
	6.97356 3.58945,
	6.95746 3.59147,
	6.94941 3.59348,
	6.94135 3.59147,
	6.92525 3.57536,
	6.9172 3.55926,
	6.91317 3.5512,
	6.91518 3.51899,
	6.91921 3.50289,
	6.9172 3.48678,
	6.90512 3.45457,
	6.89706 3.43847,
	6.89304 3.43041,
	6.88901 3.42639,
	6.88901 3.42236,
	6.88499 3.41833,
	6.88297 3.41028,
	6.87089 3.39418,
	6.86485 3.37807,
	6.82862 3.31365,
	6.82258 3.3056,
	6.81654 3.28949,
	6.8105 3.28144,
	6.80043 3.24923,
	6.79641 3.2452,
	6.79439 3.23715,
	6.77225 3.20494,
	6.76621 3.18884,
	6.75614 3.17273,
	6.7501 3.15662,
	6.72192 3.12441,
	6.71387 3.10831,
	6.71185 3.10026,
	6.70581 3.0922,
	6.7038 3.08415,
	6.69776 3.0761,
	6.69172 3.05999,
	6.69172 3.05194,
	6.69575 3.0459,
	6.69172 3.04188,
	6.69172 3.02577,
	6.67562 2.99356,
	6.64341 2.96336,
	6.63737 2.94726,
	6.63737 2.93115,
	"/>
</Transform>

<Transform dim="6"
 xcoef=" 1.56937360756953 0.846455232618333 -0.0428213084394615 0 0 0"
 ycoef=" 0.0984535983120377 -0.0048953593711783 0.953821325969845 0 0 0">
<Contour name="d09" hidden="false" closed="true" simplified="true" border="0 1 0" fill="0 1 0" mode="11"
 points="7.4431 0.0956451,
	7.44884 0.0803419,
	7.46414 0.0688645,
	7.47753 0.0612129,
	7.48518 0.0554742,
	7.50049 0.0554742,
	7.51579 0.0516483,
	7.54257 0.0344322,
	7.56553 0.00573871,
	7.57892 -0.0248677,
	7.58657 -0.0554742,
	7.59039 -0.0707774,
	7.60378 -0.0841677,
	7.61144 -0.0899064,
	7.61909 -0.0879935,
	7.62291 -0.0841677,
	7.63057 -0.0229548,
	7.62865 0.038258,
	7.62291 0.0688645,
	7.61909 0.0841677,
	7.61144 0.0994709,
	7.60952 0.114774,
	7.59996 0.145381,
	7.59805 0.153032,
	7.59422 0.156858,
	7.59039 0.187464,
	7.58657 0.195116,
	7.58657 0.210419,
	7.58083 0.241026,
	7.57892 0.248677,
	7.57127 0.254416,
	7.56744 0.254416,
	7.55405 0.239113,
	7.5464 0.225722,
	7.54257 0.219984,
	7.51388 0.189377,
	7.5024 0.174074,
	7.49858 0.170248,
	7.49858 0.166422,
	7.47179 0.145381,
	7.45649 0.13199,
	7.44693 0.116687,
	7.4431 0.109035,
	7.4431 0.101384,
	7.4431 0.097558,
	"/>
</Transform>

<Transform dim="6"
 xcoef=" 1.56937360756953 0.846455232618333 -0.0428213084394615 0 0 0"
 ycoef=" 0.0984535983120377 -0.0048953593711783 0.953821325969845 0 0 0">
<Contour name="d02" hidden="true" closed="true" simplified="true" border="0.5 0 1" fill="0.5 0 1" mode="-11"
 points="5.9442 1.92771,
	5.97188 1.84718,
	5.97943 1.82705,
	5.97691 1.78678,
	5.96433 1.70625,
	5.96684 1.62572,
	5.96684 1.58545,
	5.97691 1.56784,
	5.99453 1.54771,
	6.00711 1.50744,
	6.00711 1.49737,
	6.01214 1.48731,
	6.01214 1.48227,
	6.01718 1.47724,
	6.02473 1.43698,
	6.03228 1.41684,
	6.03228 1.41181,
	6.04738 1.39419,
	6.05493 1.38413,
	6.05744 1.36399,
	6.06499 1.34386,
	6.06499 1.3036,
	6.05493 1.22306,
	6.05241 1.1828,
	6.07003 1.14253,
	6.08009 1.1224,
	6.09519 1.10227,
	6.10526 1.09472,
	6.12539 1.08717,
	6.13546 1.08214,
	6.14049 1.08214,
	6.16062 1.06955,
	6.17069 1.062,
	6.17572 1.04187,
	6.17824 1.0318,
	6.19334 1.01167,
	6.20089 1.0016,
	6.22102 0.994055,
	6.24115 0.994055,
	6.28142 1.0016,
	6.30155 1.00412,
	6.32168 1.01167,
	6.33175 1.01922,
	6.34182 1.02174,
	6.35188 1.02929,
	6.35692 1.03432,
	6.35692 1.03935,
	6.36195 1.04439,
	6.35943 1.06452,
	6.35943 1.06955,
	6.36447 1.07459,
	6.36195 1.09472,
	6.36447 1.10478,
	6.37202 1.11485,
	6.37453 1.12492,
	6.37453 1.12995,
	6.3846 1.14002,
	6.38963 1.15008,
	6.39467 1.15512,
	6.39467 1.16015,
	6.43241 1.18783,
	6.44248 1.1979,
	6.45506 1.213,
	6.4903 1.24823,
	6.50288 1.26836,
	6.5205 1.28598,
	6.55824 1.30863,
	6.57838 1.3187,
	6.59599 1.33379,
	6.60606 1.34386,
	6.63374 1.42439,
	6.63878 1.43446,
	6.63878 1.43949,
	6.64381 1.44453,
	6.65891 1.48479,
	6.66394 1.48731,
	6.66394 1.50744,
	6.67149 1.52757,
	6.67652 1.53261,
	6.69414 1.57287,
	6.69414 1.5779,
	6.69917 1.58294,
	6.70421 1.60307,
	6.72434 1.64334,
	6.73692 1.66347,
	6.74447 1.6836,
	6.75202 1.72387,
	6.75454 1.73393,
	6.75957 1.73897,
	6.7646 1.7591,
	6.77467 1.77923,
	6.77719 1.7893,
	6.78222 1.79433,
	6.78222 1.79936,
	6.78725 1.8044,
	6.78725 1.80943,
	6.79984 1.82705,
	6.80487 1.83711,
	6.81494 1.84718,
	6.83507 1.88745,
	6.85017 1.90758,
	6.85269 1.92771,
	6.84514 2.00824,
	6.83255 2.04851,
	6.83255 2.05857,
	6.825 2.07871,
	6.83759 2.23977,
	6.83507 2.28003,
	6.82752 2.30017,
	6.81494 2.3203,
	6.8099 2.34043,
	6.7948 2.35805,
	6.77467 2.37063,
	6.7646 2.37818,
	6.75202 2.41845,
	6.75202 2.42348,
	6.74196 2.43355,
	6.72182 2.44613,
	6.71679 2.4562,
	6.71427 2.47633,
	6.71176 2.48639,
	6.69414 2.50401,
	6.67401 2.51659,
	6.65387 2.52414,
	6.61361 2.52666,
	6.59348 2.53421,
	6.57334 2.53421,
	6.49281 2.48639,
	6.47268 2.47633,
	6.43493 2.44865,
	6.42486 2.4411,
	6.4148 2.43858,
	6.40977 2.43355,
	6.3997 2.43355,
	6.37957 2.42348,
	6.34685 2.39076,
	6.33175 2.37315,
	6.31162 2.35302,
	6.294 2.34295,
	6.27639 2.32533,
	6.27135 2.32533,
	6.26632 2.3203,
	6.25625 2.31778,
	6.2185 2.29262,
	6.20089 2.28003,
	6.19334 2.26997,
	6.1883 2.24984,
	6.17069 2.23725,
	6.16062 2.23222,
	6.14804 2.2146,
	6.13797 2.20705,
	6.12539 2.18944,
	6.10777 2.17182,
	6.08764 2.16427,
	6.07506 2.14665,
	6.07506 2.14162,
	6.05493 2.12401,
	6.01466 2.10387,
	5.99956 2.08877,
	5.94671 2.00824,
	5.9442 1.93023,
	"/>
<Contour name="d02" hidden="true" closed="true" simplified="true" border="0.5 0 1" fill="0.5 0 1" mode="-11"
 points="7.14209 1.5628,
	7.15468 1.54267,
	7.15719 1.53261,
	7.15719 1.52757,
	7.16223 1.52254,
	7.16474 1.50241,
	7.16726 1.49234,
	7.16726 1.48731,
	7.18236 1.46717,
	7.19494 1.42691,
	7.19998 1.40678,
	7.20501 1.39671,
	7.20501 1.37658,
	7.21759 1.33631,
	7.23017 1.31618,
	7.23521 1.31115,
	7.25031 1.27088,
	7.26541 1.25326,
	7.27044 1.2432,
	7.27044 1.23816,
	7.27547 1.23313,
	7.28806 1.19287,
	7.29309 1.1526,
	7.31574 1.11233,
	7.32832 1.0922,
	7.36607 1.062,
	7.37865 1.04439,
	7.38369 1.03432,
	7.38872 1.02929,
	7.39375 1.02929,
	7.39879 1.02425,
	7.40382 1.02425,
	7.40885 1.01922,
	7.44912 1.01922,
	7.46925 1.01419,
	7.47932 1.00915,
	7.51958 1.00915,
	7.52965 1.01167,
	7.54978 1.0016,
	7.55482 1.0016,
	7.55985 0.996571,
	7.56488 0.996571,
	7.56992 1.0167,
	7.57243 1.02677,
	7.56992 1.03684,
	7.55482 1.05194,
	7.5372 1.07207,
	7.52713 1.0771,
	7.50952 1.09724,
	7.45667 1.17525,
	7.44409 1.19287,
	7.42647 1.213,
	7.41137 1.2281,
	7.39124 1.24823,
	7.36355 1.28598,
	7.36355 1.32625,
	7.36859 1.34638,
	7.36607 1.38664,
	7.35852 1.42691,
	7.35349 1.44704,
	7.31071 1.52506,
	7.28302 1.5628,
	7.26541 1.58042,
	7.24527 1.59049,
	7.23017 1.6081,
	7.21004 1.6081,
	7.18991 1.60055,
	7.16978 1.60307,
	7.15971 1.60559,
	7.15468 1.60559,
	7.14713 1.59552,
	7.14209 1.57539,
	7.14209 1.56532,
	"/>
<Contour name="d02" hidden="true" closed="true" simplified="true" border="0.5 0 1" fill="0.5 0 1" mode="-11"
 points="6.25122 3.15078,
	6.26129 3.13064,
	6.26632 3.12058,
	6.30658 3.08534,
	6.31665 3.08031,
	6.39718 3.06521,
	6.40725 3.0627,
	6.42738 3.06773,
	6.44751 3.05515,
	6.47016 3.01488,
	6.48526 2.99475,
	6.49533 2.97461,
	6.51546 2.95951,
	6.52553 2.94945,
	6.56579 2.93435,
	6.57586 2.93183,
	6.59599 2.93687,
	6.63626 2.95951,
	6.65387 2.97965,
	6.66142 2.98971,
	6.67149 3.02998,
	6.67401 3.05011,
	6.66646 3.09038,
	6.66394 3.11051,
	6.65639 3.13064,
	6.63123 3.17091,
	6.59348 3.20614,
	6.55321 3.22627,
	6.47268 3.29171,
	6.45506 3.31184,
	6.4148 3.33197,
	6.37453 3.33449,
	6.33427 3.31435,
	6.31413 3.29925,
	6.30407 3.27912,
	6.29904 3.25899,
	6.27387 3.21872,
	6.25877 3.19859,
	6.25122 3.17846,
	6.25122 3.15833,
	6.25122 3.15329,
	"/>
</Transform>

<Transform dim="6"
 xcoef=" 1.56937360756953 0.846455232618333 -0.0428213084394615 0 0 0"
 ycoef=" 0.0984535983120377 -0.0048953593711783 0.953821325969845 0 0 0">
<Contour name="d01ax26ssvr" hidden="true" closed="true" simplified="false" border="0 1 0.25098" fill="0 0 1" mode="-11"
 points="5.98679 1.18461,
	5.97549 1.17331,
	5.98679 1.16201,
	5.99809 1.17331,
	"/>
<Contour name="d01ax26ssvr" hidden="true" closed="true" simplified="false" border="0 1 0.25098" fill="0 0 1" mode="-11"
 points="5.95934 1.22336,
	5.94804 1.21205,
	5.95934 1.20075,
	5.97064 1.21205,
	"/>
<Contour name="d01ax26ssvr" hidden="true" closed="true" simplified="false" border="0 1 0.25098" fill="0 0 1" mode="-11"
 points="5.93513 1.19268,
	5.92383 1.18138,
	5.93513 1.17008,
	5.94643 1.18138,
	"/>
<Contour name="d01ax26ssvr" hidden="true" closed="true" simplified="false" border="0 1 0.25098" fill="0 0 1" mode="-11"
 points="5.93513 1.16524,
	5.92383 1.15394,
	5.93513 1.14264,
	5.94643 1.15394,
	"/>
<Contour name="d01ax26ssvr" hidden="true" closed="true" simplified="false" border="0 1 0.25098" fill="0 0 1" mode="-11"
 points="5.92706 1.13134,
	5.91576 1.12004,
	5.92706 1.10874,
	5.93836 1.12004,
	"/>
<Contour name="d01ax26ssvr" hidden="true" closed="true" simplified="false" border="0 1 0.25098" fill="0 0 1" mode="-11"
 points="5.89477 1.10228,
	5.88347 1.09098,
	5.89477 1.07968,
	5.90607 1.09098,
	"/>
<Contour name="d01ax26ssvr" hidden="true" closed="true" simplified="false" border="0 1 0.25098" fill="0 0 1" mode="-11"
 points="5.89154 1.15232,
	5.88024 1.14102,
	5.89154 1.12972,
	5.90284 1.14102,
	"/>
<Contour name="d01ax26ssvr" hidden="true" closed="true" simplified="false" border="0 1 0.25098" fill="0 0 1" mode="-11"
 points="5.86732 1.16201,
	5.85602 1.15071,
	5.86732 1.13941,
	5.87862 1.15071,
	"/>
<Contour name="d01ax26ssvr" hidden="true" closed="true" simplified="false" border="0 1 0.25098" fill="0 0 1" mode="-11"
 points="5.82374 1.19268,
	5.81244 1.18138,
	5.82374 1.17008,
	5.83504 1.18138,
	"/>
<Contour name="d01ax26ssvr" hidden="true" closed="true" simplified="false" border="0 1 0.25098" fill="0 0 1" mode="-11"
 points="5.8641 1.12488,
	5.85279 1.11358,
	5.8641 1.10228,
	5.8754 1.11358,
	"/>
<Contour name="d01ax26ssvr" hidden="true" closed="true" simplified="false" border="0 1 0.25098" fill="0 0 1" mode="-11"
 points="5.98553 1.25705,
	5.97656 1.24808,
	5.98553 1.23911,
	5.9945 1.24808,
	"/>
<Contour name="d01ax26ssvr" hidden="true" closed="true" simplified="false" border="0 1 0.25098" fill="0 0 1" mode="-11"
 points="5.97272 1.29549,
	5.96375 1.28652,
	5.97272 1.27755,
	5.98169 1.28652,
	"/>
<Contour name="d01ax26ssvr" hidden="true" closed="true" simplified="false" border="0 1 0.25098" fill="0 0 1" mode="-11"
 points="5.95222 1.36083,
	5.94325 1.35186,
	5.95222 1.34289,
	5.96119 1.35186,
	"/>
<Contour name="d01ax26ssvr" hidden="true" closed="true" simplified="false" border="0 1 0.25098" fill="0 0 1" mode="-11"
 points="5.93172 1.28908,
	5.92275 1.28011,
	5.93172 1.27115,
	5.94069 1.28011,
	"/>
<Contour name="d01ax26ssvr" hidden="true" closed="true" simplified="false" border="0 1 0.25098" fill="0 0 1" mode="-11"
 points="5.95094 1.26474,
	5.94197 1.25577,
	5.95094 1.2468,
	5.95991 1.25577,
	"/>
<Contour name="d01ax26ssvr" hidden="true" closed="true" simplified="false" border="0 1 0.25098" fill="0 0 1" mode="-11"
 points="5.92403 1.24552,
	5.91506 1.23655,
	5.92403 1.22758,
	5.933 1.23655,
	"/>
<Contour name="d01ax26ssvr" hidden="true" closed="true" simplified="false" border="0 1 0.25098" fill="0 0 1" mode="-11"
 points="5.88816 1.24808,
	5.87919 1.23911,
	5.88816 1.23015,
	5.89713 1.23911,
	"/>
</Transform>

<Transform dim="6"
 xcoef=" 1.56937360756953 0.846455232618333 -0.0428213084394615 0 0 0"
 ycoef=" 0.0984535983120377 -0.0048953593711783 0.953821325969845 0 0 0">
<Contour name="d03ax20ssvr" hidden="false" closed="true" simplified="false" border="0 1 0.25098" fill="0 0 1" mode="-11"
 points="8.72268 -0.0674476,
	8.71131 -0.0788235,
	8.72268 -0.0901994,
	8.73406 -0.0788235,
	"/>
<Contour name="d03ax20ssvr" hidden="false" closed="true" simplified="false" border="0 1 0.25098" fill="0 0 1" mode="-11"
 points="8.73406 -0.106451,
	8.72268 -0.117827,
	8.73406 -0.129203,
	8.74543 -0.117827,
	"/>
<Contour name="d03ax20ssvr" hidden="false" closed="true" simplified="false" border="0 1 0.25098" fill="0 0 1" mode="-11"
 points="8.76331 -0.112951,
	8.75193 -0.124327,
	8.76331 -0.135703,
	8.77469 -0.124327,
	"/>
<Contour name="d03ax20ssvr" hidden="false" closed="true" simplified="false" border="0 1 0.25098" fill="0 0 1" mode="-11"
 points="8.76981 -0.171456,
	8.75844 -0.182832,
	8.76981 -0.194208,
	8.78119 -0.182832,
	"/>
<Contour name="d03ax20ssvr" hidden="false" closed="true" simplified="false" border="0 1 0.25098" fill="0 0 1" mode="-11"
 points="8.73081 -0.15683,
	8.71943 -0.168206,
	8.73081 -0.179582,
	8.74218 -0.168206,
	"/>
<Contour name="d03ax20ssvr" hidden="false" closed="true" simplified="false" border="0 1 0.25098" fill="0 0 1" mode="-11"
 points="8.69831 -0.15683,
	8.68693 -0.168206,
	8.69831 -0.179582,
	8.70968 -0.168206,
	"/>
<Contour name="d03ax20ssvr" hidden="false" closed="true" simplified="false" border="0 1 0.25098" fill="0 0 1" mode="-11"
 points="8.67393 -0.186082,
	8.66255 -0.197458,
	8.67393 -0.208834,
	8.6853 -0.197458,
	"/>
<Contour name="d03ax20ssvr" hidden="false" closed="true" simplified="false" border="0 1 0.25098" fill="0 0 1" mode="-11"
 points="8.67718 -0.121077,
	8.6658 -0.132453,
	8.67718 -0.143829,
	8.68855 -0.132453,
	"/>
<Contour name="d03ax20ssvr" hidden="false" closed="true" simplified="false" border="0 1 0.25098" fill="0 0 1" mode="-11"
 points="8.6463 -0.0869492,
	8.63493 -0.0983251,
	8.6463 -0.109701,
	8.65768 -0.0983251,
	"/>
<Contour name="d03ax20ssvr" hidden="false" closed="true" simplified="false" border="0 1 0.25098" fill="0 0 1" mode="-11"
 points="8.6658 0.00730836,
	8.65443 -0.00406755,
	8.6658 -0.0154435,
	8.67718 -0.00406755,
	"/>
<Contour name="d03ax20ssvr" hidden="false" closed="true" simplified="false" border="0 1 0.25098" fill="0 0 1" mode="-11"
 points="8.74543 -0.231586,
	8.73406 -0.242962,
	8.74543 -0.254338,
	8.75681 -0.242962,
	"/>
<Contour name="d03ax20ssvr" hidden="false" closed="true" simplified="false" border="0 1 0.25098" fill="0 0 1" mode="-11"
 points="8.69668 -0.213709,
	8.6853 -0.225085,
	8.69668 -0.236461,
	8.70806 -0.225085,
	"/>
<Contour name="d03ax20ssvr" hidden="false" closed="true" simplified="false" border="0 1 0.25098" fill="0 0 1" mode="-11"
 points="8.73081 -0.307967,
	8.71943 -0.319343,
	8.73081 -0.330719,
	8.74218 -0.319343,
	"/>
<Contour name="d03ax20ssvr" hidden="false" closed="true" simplified="false" border="0 1 0.25098" fill="0 0 1" mode="-11"
 points="8.6788 -0.285215,
	8.66743 -0.296591,
	8.6788 -0.307967,
	8.69018 -0.296591,
	"/>
<Contour name="d03ax20ssvr" hidden="false" closed="true" simplified="false" border="0 1 0.25098" fill="0 0 1" mode="-11"
 points="8.65768 -0.22346,
	8.6463 -0.234836,
	8.65768 -0.246212,
	8.66905 -0.234836,
	"/>
<Contour name="d03ax20ssvr" hidden="false" closed="true" simplified="false" border="0 1 0.25098" fill="0 0 1" mode="-11"
 points="8.6268 -0.181207,
	8.61542 -0.192583,
	8.6268 -0.203958,
	8.63818 -0.192583,
	"/>
<Contour name="d03ax20ssvr" hidden="false" closed="true" simplified="false" border="0 1 0.25098" fill="0 0 1" mode="-11"
 points="8.61217 -0.242962,
	8.6008 -0.254338,
	8.61217 -0.265713,
	8.62355 -0.254338,
	"/>
<Contour name="d03ax20ssvr" hidden="false" closed="true" simplified="false" border="0 1 0.25098" fill="0 0 1" mode="-11"
 points="8.58942 -0.148704,
	8.57805 -0.16008,
	8.58942 -0.171456,
	8.6008 -0.16008,
	"/>
<Contour name="d03ax20ssvr" hidden="false" closed="true" simplified="false" border="0 1 0.25098" fill="0 0 1" mode="-11"
 points="8.57155 -0.182832,
	8.56017 -0.194208,
	8.57155 -0.205584,
	8.58292 -0.194208,
	"/>
<Contour name="d03ax20ssvr" hidden="false" closed="true" simplified="false" border="0 1 0.25098" fill="0 0 1" mode="-11"
 points="8.51142 -0.164955,
	8.50004 -0.176331,
	8.51142 -0.187707,
	8.52279 -0.176331,
	"/>
<Contour name="d03ax20ssvr" hidden="false" closed="true" simplified="false" border="0 1 0.25098" fill="0 0 1" mode="-11"
 points="8.48541 -0.124327,
	8.47404 -0.135703,
	8.48541 -0.147079,
	8.49679 -0.135703,
	"/>
<Contour name="d03ax20ssvr" hidden="false" closed="true" simplified="false" border="0 1 0.25098" fill="0 0 1" mode="-11"
 points="8.52767 -0.109701,
	8.51629 -0.121077,
	8.52767 -0.132453,
	8.53904 -0.121077,
	"/>
<Contour name="d03ax20ssvr" hidden="false" closed="true" simplified="false" border="0 1 0.25098" fill="0 0 1" mode="-11"
 points="8.55042 -0.111326,
	8.53904 -0.122702,
	8.55042 -0.134078,
	8.56179 -0.122702,
	"/>
<Contour name="d03ax20ssvr" hidden="false" closed="true" simplified="false" border="0 1 0.25098" fill="0 0 1" mode="-11"
 points="8.55692 -0.246212,
	8.54554 -0.257588,
	8.55692 -0.268964,
	8.5683 -0.257588,
	"/>
<Contour name="d03ax20ssvr" hidden="false" closed="true" simplified="false" border="0 1 0.25098" fill="0 0 1" mode="-11"
 points="8.54392 -0.281965,
	8.53254 -0.293341,
	8.54392 -0.304717,
	8.55529 -0.293341,
	"/>
<Contour name="d03ax20ssvr" hidden="false" closed="true" simplified="false" border="0 1 0.25098" fill="0 0 1" mode="-11"
 points="8.56667 -0.333969,
	8.55529 -0.345345,
	8.56667 -0.356721,
	8.57805 -0.345345,
	"/>
<Contour name="d03ax20ssvr" hidden="false" closed="true" simplified="false" border="0 1 0.25098" fill="0 0 1" mode="-11"
 points="8.55042 -0.379472,
	8.53904 -0.390848,
	8.55042 -0.402224,
	8.56179 -0.390848,
	"/>
<Contour name="d03ax20ssvr" hidden="false" closed="true" simplified="false" border="0 1 0.25098" fill="0 0 1" mode="-11"
 points="8.5878 -0.379472,
	8.57642 -0.390848,
	8.5878 -0.402224,
	8.59917 -0.390848,
	"/>
<Contour name="d03ax20ssvr" hidden="false" closed="true" simplified="false" border="0 1 0.25098" fill="0 0 1" mode="-11"
 points="8.62355 -0.397349,
	8.61217 -0.408725,
	8.62355 -0.420101,
	8.63493 -0.408725,
	"/>
<Contour name="d03ax20ssvr" hidden="false" closed="true" simplified="false" border="0 1 0.25098" fill="0 0 1" mode="-11"
 points="8.65118 -0.34697,
	8.6398 -0.358346,
	8.65118 -0.369722,
	8.66255 -0.358346,
	"/>
<Contour name="d03ax20ssvr" hidden="false" closed="true" simplified="false" border="0 1 0.25098" fill="0 0 1" mode="-11"
 points="8.61867 -0.324218,
	8.6073 -0.335594,
	8.61867 -0.34697,
	8.63005 -0.335594,
	"/>
<Contour name="d03ax20ssvr" hidden="false" closed="true" simplified="false" border="0 1 0.25098" fill="0 0 1" mode="-11"
 points="8.71618 -0.356721,
	8.70481 -0.368097,
	8.71618 -0.379472,
	8.72756 -0.368097,
	"/>
<Contour name="d03ax20ssvr" hidden="false" closed="true" simplified="false" border="0 1 0.25098" fill="0 0 1" mode="-11"
 points="8.73568 -0.411975,
	8.72431 -0.423351,
	8.73568 -0.434727,
	8.74706 -0.423351,
	"/>
</Transform>

<Transform dim="6"
 xcoef=" 1.56937360756953 0.846455232618333 -0.0428213084394615 0 0 0"
 ycoef=" 0.0984535983120377 -0.0048953593711783 0.953821325969845 0 0 0">
<Contour name="d05ax18ssvr" hidden="false" closed="true" simplified="false" border="0 1 0.25098" fill="0 0 1" mode="-11"
 points="7.7362 0.984815,
	7.72583 0.974443,
	7.7362 0.964071,
	7.74657 0.974443,
	"/>
<Contour name="d05ax18ssvr" hidden="false" closed="true" simplified="false" border="0 1 0.25098" fill="0 0 1" mode="-11"
 points="7.69916 0.986297,
	7.68878 0.975925,
	7.69916 0.965553,
	7.70953 0.975925,
	"/>
<Contour name="d05ax18ssvr" hidden="false" closed="true" simplified="false" border="0 1 0.25098" fill="0 0 1" mode="-11"
 points="7.74064 1.05297,
	7.73027 1.0426,
	7.74064 1.03223,
	7.75102 1.0426,
	"/>
<Contour name="d05ax18ssvr" hidden="false" closed="true" simplified="false" border="0 1 0.25098" fill="0 0 1" mode="-11"
 points="7.75398 1.09446,
	7.74361 1.08409,
	7.75398 1.07372,
	7.76435 1.08409,
	"/>
<Contour name="d05ax18ssvr" hidden="false" closed="true" simplified="false" border="0 1 0.25098" fill="0 0 1" mode="-11"
 points="7.75398 1.14632,
	7.74361 1.13595,
	7.75398 1.12558,
	7.76435 1.13595,
	"/>
<Contour name="d05ax18ssvr" hidden="false" closed="true" simplified="false" border="0 1 0.25098" fill="0 0 1" mode="-11"
 points="7.72583 1.11965,
	7.71545 1.10928,
	7.72583 1.09891,
	7.7362 1.10928,
	"/>
<Contour name="d05ax18ssvr" hidden="false" closed="true" simplified="false" border="0 1 0.25098" fill="0 0 1" mode="-11"
 points="7.69323 1.16114,
	7.68286 1.15077,
	7.69323 1.1404,
	7.7036 1.15077,
	"/>
<Contour name="d05ax18ssvr" hidden="false" closed="true" simplified="false" border="0 1 0.25098" fill="0 0 1" mode="-11"
 points="7.65026 1.13891,
	7.63989 1.12854,
	7.65026 1.11817,
	7.66063 1.12854,
	"/>
<Contour name="d05ax18ssvr" hidden="false" closed="true" simplified="false" border="0 1 0.25098" fill="0 0 1" mode="-11"
 points="7.66952 1.23078,
	7.65915 1.22041,
	7.66952 1.21004,
	7.67989 1.22041,
	"/>
<Contour name="d05ax18ssvr" hidden="false" closed="true" simplified="false" border="0 1 0.25098" fill="0 0 1" mode="-11"
 points="7.69767 1.20115,
	7.6873 1.19077,
	7.69767 1.1804,
	7.70805 1.19077,
	"/>
<Contour name="d05ax18ssvr" hidden="false" closed="true" simplified="false" border="0 1 0.25098" fill="0 0 1" mode="-11"
 points="7.71694 1.23078,
	7.70656 1.22041,
	7.71694 1.21004,
	7.72731 1.22041,
	"/>
<Contour name="d05ax18ssvr" hidden="false" closed="true" simplified="false" border="0 1 0.25098" fill="0 0 1" mode="-11"
 points="7.75842 1.18929,
	7.74805 1.17892,
	7.75842 1.16855,
	7.7688 1.17892,
	"/>
<Contour name="d05ax18ssvr" hidden="false" closed="true" simplified="false" border="0 1 0.25098" fill="0 0 1" mode="-11"
 points="7.76435 1.25597,
	7.75398 1.2456,
	7.76435 1.23523,
	7.77472 1.2456,
	"/>
<Contour name="d05ax18ssvr" hidden="false" closed="true" simplified="false" border="0 1 0.25098" fill="0 0 1" mode="-11"
 points="7.80436 1.23523,
	7.79399 1.22485,
	7.80436 1.21448,
	7.81473 1.22485,
	"/>
<Contour name="d05ax18ssvr" hidden="false" closed="true" simplified="false" border="0 1 0.25098" fill="0 0 1" mode="-11"
 points="7.84436 1.22634,
	7.83399 1.21596,
	7.84436 1.20559,
	7.85474 1.21596,
	"/>
<Contour name="d05ax18ssvr" hidden="false" closed="true" simplified="false" border="0 1 0.25098" fill="0 0 1" mode="-11"
 points="7.85622 1.27227,
	7.84585 1.2619,
	7.85622 1.25153,
	7.86659 1.2619,
	"/>
<Contour name="d05ax18ssvr" hidden="false" closed="true" simplified="false" border="0 1 0.25098" fill="0 0 1" mode="-11"
 points="7.82955 1.26931,
	7.81918 1.25893,
	7.82955 1.24856,
	7.83992 1.25893,
	"/>
<Contour name="d05ax18ssvr" hidden="false" closed="true" simplified="false" border="0 1 0.25098" fill="0 0 1" mode="-11"
 points="7.81028 1.29598,
	7.79991 1.2856,
	7.81028 1.27523,
	7.82066 1.2856,
	"/>
<Contour name="d05ax18ssvr" hidden="false" closed="true" simplified="false" border="0 1 0.25098" fill="0 0 1" mode="-11"
 points="7.81177 1.35673,
	7.80139 1.34636,
	7.81177 1.33598,
	7.82214 1.34636,
	"/>
<Contour name="d05ax18ssvr" hidden="false" closed="true" simplified="false" border="0 1 0.25098" fill="0 0 1" mode="-11"
 points="7.79695 1.37895,
	7.78658 1.36858,
	7.79695 1.35821,
	7.80732 1.36858,
	"/>
<Contour name="d05ax18ssvr" hidden="false" closed="true" simplified="false" border="0 1 0.25098" fill="0 0 1" mode="-11"
 points="7.77769 1.33302,
	7.76731 1.32265,
	7.77769 1.31228,
	7.78806 1.32265,
	"/>
<Contour name="d05ax18ssvr" hidden="false" closed="true" simplified="false" border="0 1 0.25098" fill="0 0 1" mode="-11"
 points="7.8577 1.40266,
	7.84733 1.39229,
	7.8577 1.38192,
	7.86807 1.39229,
	"/>
<Contour name="d05ax18ssvr" hidden="false" closed="true" simplified="false" border="0 1 0.25098" fill="0 0 1" mode="-11"
 points="7.8577 1.35525,
	7.84733 1.34487,
	7.8577 1.3345,
	7.86807 1.34487,
	"/>
<Contour name="d05ax18ssvr" hidden="false" closed="true" simplified="false" border="0 1 0.25098" fill="0 0 1" mode="-11"
 points="7.88141 1.39229,
	7.87104 1.38192,
	7.88141 1.37154,
	7.89178 1.38192,
	"/>
<Contour name="d05ax18ssvr" hidden="false" closed="true" simplified="false" border="0 1 0.25098" fill="0 0 1" mode="-11"
 points="7.89771 1.42192,
	7.88733 1.41155,
	7.89771 1.40118,
	7.90808 1.41155,
	"/>
<Contour name="d05ax18ssvr" hidden="false" closed="true" simplified="false" border="0 1 0.25098" fill="0 0 1" mode="-11"
 points="7.92141 1.46045,
	7.91104 1.45008,
	7.92141 1.4397,
	7.93179 1.45008,
	"/>
<Contour name="d05ax18ssvr" hidden="false" closed="true" simplified="false" border="0 1 0.25098" fill="0 0 1" mode="-11"
 points="7.94809 1.4323,
	7.93771 1.42192,
	7.94809 1.41155,
	7.95846 1.42192,
	"/>
<Contour name="d05ax18ssvr" hidden="false" closed="true" simplified="false" border="0 1 0.25098" fill="0 0 1" mode="-11"
 points="7.96735 1.48712,
	7.95698 1.47675,
	7.96735 1.46638,
	7.97772 1.47675,
	"/>
<Contour name="d05ax18ssvr" hidden="false" closed="true" simplified="false" border="0 1 0.25098" fill="0 0 1" mode="-11"
 points="8.00439 1.45008,
	7.99402 1.4397,
	8.00439 1.42933,
	8.01476 1.4397,
	"/>
<Contour name="d05ax18ssvr" hidden="false" closed="true" simplified="false" border="0 1 0.25098" fill="0 0 1" mode="-11"
 points="8.0281 1.48712,
	8.01773 1.47675,
	8.0281 1.46638,
	8.03847 1.47675,
	"/>
<Contour name="d05ax18ssvr" hidden="false" closed="true" simplified="false" border="0 1 0.25098" fill="0 0 1" mode="-11"
 points="8.05625 1.49897,
	8.04588 1.4886,
	8.05625 1.47823,
	8.06662 1.4886,
	"/>
<Contour name="d05ax18ssvr" hidden="false" closed="true" simplified="false" border="0 1 0.25098" fill="0 0 1" mode="-11"
 points="8.04292 1.54342,
	8.03254 1.53305,
	8.04292 1.52268,
	8.05329 1.53305,
	"/>
<Contour name="d05ax18ssvr" hidden="false" closed="true" simplified="false" border="0 1 0.25098" fill="0 0 1" mode="-11"
 points="8.05032 1.57454,
	8.03995 1.56417,
	8.05032 1.5538,
	8.0607 1.56417,
	"/>
<Contour name="d05ax18ssvr" hidden="false" closed="true" simplified="false" border="0 1 0.25098" fill="0 0 1" mode="-11"
 points="7.99995 1.57454,
	7.98957 1.56417,
	7.99995 1.5538,
	8.01032 1.56417,
	"/>
<Contour name="d05ax18ssvr" hidden="false" closed="true" simplified="false" border="0 1 0.25098" fill="0 0 1" mode="-11"
 points="7.97031 1.58788,
	7.95994 1.5775,
	7.97031 1.56713,
	7.98068 1.5775,
	"/>
<Contour name="d05ax18ssvr" hidden="false" closed="true" simplified="false" border="0 1 0.25098" fill="0 0 1" mode="-11"
 points="7.93919 1.59084,
	7.92882 1.58047,
	7.93919 1.5701,
	7.94957 1.58047,
	"/>
<Contour name="d05ax18ssvr" hidden="false" closed="true" simplified="false" border="0 1 0.25098" fill="0 0 1" mode="-11"
 points="7.89474 1.51527,
	7.88437 1.5049,
	7.89474 1.49453,
	7.90512 1.5049,
	"/>
<Contour name="d05ax18ssvr" hidden="false" closed="true" simplified="false" border="0 1 0.25098" fill="0 0 1" mode="-11"
 points="7.97772 1.56417,
	7.96735 1.5538,
	7.97772 1.54342,
	7.98809 1.5538,
	"/>
<Contour name="d05ax18ssvr" hidden="false" closed="true" simplified="false" border="0 1 0.25098" fill="0 0 1" mode="-11"
 points="7.8251 1.51675,
	7.81473 1.50638,
	7.8251 1.49601,
	7.83547 1.50638,
	"/>
<Contour name="d05ax18ssvr" hidden="false" closed="true" simplified="false" border="0 1 0.25098" fill="0 0 1" mode="-11"
 points="7.85474 1.45452,
	7.84436 1.44415,
	7.85474 1.43378,
	7.86511 1.44415,
	"/>
<Contour name="d05ax18ssvr" hidden="false" closed="true" simplified="false" border="0 1 0.25098" fill="0 0 1" mode="-11"
 points="8.0844 1.52861,
	8.07403 1.51824,
	8.0844 1.50786,
	8.09478 1.51824,
	"/>
<Contour name="d05ax18ssvr" hidden="false" closed="true" simplified="false" border="0 1 0.25098" fill="0 0 1" mode="-11"
 points="8.10367 1.46934,
	8.09329 1.45897,
	8.10367 1.44859,
	8.11404 1.45897,
	"/>
<Contour name="d05ax18ssvr" hidden="false" closed="true" simplified="false" border="0 1 0.25098" fill="0 0 1" mode="-11"
 points="8.14219 1.5049,
	8.13182 1.49453,
	8.14219 1.48416,
	8.15256 1.49453,
	"/>
<Contour name="d05ax18ssvr" hidden="false" closed="true" simplified="false" border="0 1 0.25098" fill="0 0 1" mode="-11"
 points="8.15849 1.46489,
	8.14812 1.45452,
	8.15849 1.44415,
	8.16886 1.45452,
	"/>
<Contour name="d05ax18ssvr" hidden="false" closed="true" simplified="false" border="0 1 0.25098" fill="0 0 1" mode="-11"
 points="8.09478 1.41896,
	8.0844 1.40859,
	8.09478 1.39822,
	8.10515 1.40859,
	"/>
<Contour name="d05ax18ssvr" hidden="false" closed="true" simplified="false" border="0 1 0.25098" fill="0 0 1" mode="-11"
 points="8.03847 1.41303,
	8.0281 1.40266,
	8.03847 1.39229,
	8.04884 1.40266,
	"/>
<Contour name="d05ax18ssvr" hidden="false" closed="true" simplified="false" border="0 1 0.25098" fill="0 0 1" mode="-11"
 points="8.04588 1.36562,
	8.03551 1.35525,
	8.04588 1.34487,
	8.05625 1.35525,
	"/>
<Contour name="d05ax18ssvr" hidden="false" closed="true" simplified="false" border="0 1 0.25098" fill="0 0 1" mode="-11"
 points="8.07403 1.35376,
	8.06366 1.34339,
	8.07403 1.33302,
	8.0844 1.34339,
	"/>
<Contour name="d05ax18ssvr" hidden="false" closed="true" simplified="false" border="0 1 0.25098" fill="0 0 1" mode="-11"
 points="8.07403 1.30931,
	8.06366 1.29894,
	8.07403 1.28857,
	8.0844 1.29894,
	"/>
<Contour name="d05ax18ssvr" hidden="false" closed="true" simplified="false" border="0 1 0.25098" fill="0 0 1" mode="-11"
 points="8.01624 1.31672,
	8.00587 1.30635,
	8.01624 1.29598,
	8.02662 1.30635,
	"/>
<Contour name="d05ax18ssvr" hidden="false" closed="true" simplified="false" border="0 1 0.25098" fill="0 0 1" mode="-11"
 points="7.91252 1.36858,
	7.90215 1.35821,
	7.91252 1.34784,
	7.9229 1.35821,
	"/>
<Contour name="d05ax18ssvr" hidden="false" closed="true" simplified="false" border="0 1 0.25098" fill="0 0 1" mode="-11"
 points="7.89326 1.34043,
	7.88289 1.33006,
	7.89326 1.31968,
	7.90363 1.33006,
	"/>
<Contour name="d05ax18ssvr" hidden="false" closed="true" simplified="false" border="0 1 0.25098" fill="0 0 1" mode="-11"
 points="7.94364 1.31376,
	7.93327 1.30339,
	7.94364 1.29301,
	7.95401 1.30339,
	"/>
<Contour name="d05ax18ssvr" hidden="false" closed="true" simplified="false" border="0 1 0.25098" fill="0 0 1" mode="-11"
 points="7.99254 1.28116,
	7.98216 1.27079,
	7.99254 1.26042,
	8.00291 1.27079,
	"/>
<Contour name="d05ax18ssvr" hidden="false" closed="true" simplified="false" border="0 1 0.25098" fill="0 0 1" mode="-11"
 points="8.04143 1.25004,
	8.03106 1.23967,
	8.04143 1.2293,
	8.05181 1.23967,
	"/>
<Contour name="d05ax18ssvr" hidden="false" closed="true" simplified="false" border="0 1 0.25098" fill="0 0 1" mode="-11"
 points="7.99995 1.21448,
	7.98957 1.20411,
	7.99995 1.19374,
	8.01032 1.20411,
	"/>
<Contour name="d05ax18ssvr" hidden="false" closed="true" simplified="false" border="0 1 0.25098" fill="0 0 1" mode="-11"
 points="8.02662 1.16262,
	8.01624 1.15225,
	8.02662 1.14188,
	8.03699 1.15225,
	"/>
<Contour name="d05ax18ssvr" hidden="false" closed="true" simplified="false" border="0 1 0.25098" fill="0 0 1" mode="-11"
 points="8.04292 1.0915,
	8.03254 1.08113,
	8.04292 1.07075,
	8.05329 1.08113,
	"/>
<Contour name="d05ax18ssvr" hidden="false" closed="true" simplified="false" border="0 1 0.25098" fill="0 0 1" mode="-11"
 points="7.98513 1.10632,
	7.97476 1.09594,
	7.98513 1.08557,
	7.9955 1.09594,
	"/>
<Contour name="d05ax18ssvr" hidden="false" closed="true" simplified="false" border="0 1 0.25098" fill="0 0 1" mode="-11"
 points="7.97624 1.13891,
	7.96587 1.12854,
	7.97624 1.11817,
	7.98661 1.12854,
	"/>
<Contour name="d05ax18ssvr" hidden="false" closed="true" simplified="false" border="0 1 0.25098" fill="0 0 1" mode="-11"
 points="7.93475 1.19374,
	7.92438 1.18337,
	7.93475 1.17299,
	7.94512 1.18337,
	"/>
<Contour name="d05ax18ssvr" hidden="false" closed="true" simplified="false" border="0 1 0.25098" fill="0 0 1" mode="-11"
 points="7.9303 1.0915,
	7.91993 1.08113,
	7.9303 1.07075,
	7.94068 1.08113,
	"/>
<Contour name="d05ax18ssvr" hidden="false" closed="true" simplified="false" border="0 1 0.25098" fill="0 0 1" mode="-11"
 points="7.91993 1.14188,
	7.90956 1.13151,
	7.91993 1.12113,
	7.9303 1.13151,
	"/>
<Contour name="d05ax18ssvr" hidden="false" closed="true" simplified="false" border="0 1 0.25098" fill="0 0 1" mode="-11"
 points="7.94364 1.02482,
	7.93327 1.01445,
	7.94364 1.00408,
	7.95401 1.01445,
	"/>
<Contour name="d05ax18ssvr" hidden="false" closed="true" simplified="false" border="0 1 0.25098" fill="0 0 1" mode="-11"
 points="7.96587 1.01445,
	7.95549 1.00408,
	7.96587 0.993705,
	7.97624 1.00408,
	"/>
<Contour name="d05ax18ssvr" hidden="false" closed="true" simplified="false" border="0 1 0.25098" fill="0 0 1" mode="-11"
 points="7.89474 1.04705,
	7.88437 1.03668,
	7.89474 1.0263,
	7.90512 1.03668,
	"/>
<Contour name="d05ax18ssvr" hidden="false" closed="true" simplified="false" border="0 1 0.25098" fill="0 0 1" mode="-11"
 points="7.86511 1.00556,
	7.85474 0.995187,
	7.86511 0.984815,
	7.87548 0.995187,
	"/>
<Contour name="d05ax18ssvr" hidden="false" closed="true" simplified="false" border="0 1 0.25098" fill="0 0 1" mode="-11"
 points="7.83547 1.03816,
	7.8251 1.02778,
	7.83547 1.01741,
	7.84585 1.02778,
	"/>
<Contour name="d05ax18ssvr" hidden="false" closed="true" simplified="false" border="0 1 0.25098" fill="0 0 1" mode="-11"
 points="7.81769 1.06779,
	7.80732 1.05742,
	7.81769 1.04705,
	7.82807 1.05742,
	"/>
<Contour name="d05ax18ssvr" hidden="false" closed="true" simplified="false" border="0 1 0.25098" fill="0 0 1" mode="-11"
 points="7.84288 1.11521,
	7.83251 1.10483,
	7.84288 1.09446,
	7.85325 1.10483,
	"/>
<Contour name="d05ax18ssvr" hidden="false" closed="true" simplified="false" border="0 1 0.25098" fill="0 0 1" mode="-11"
 points="7.80436 1.00111,
	7.79399 0.990742,
	7.80436 0.98037,
	7.81473 0.990742,
	"/>
</Transform>

<Transform dim="6"
 xcoef=" 1.56937360756953 0.846455232618333 -0.0428213084394615 0 0 0"
 ycoef=" 0.0984535983120377 -0.0048953593711783 0.953821325969845 0 0 0">
<Contour name="d05ax19ssvdb" hidden="false" closed="true" simplified="false" border="1 0.501961 0" fill="0 0 1" mode="-11"
 points="7.55817 5.02506,
	7.54911 5.016,
	7.55817 5.00694,
	7.56723 5.016,
	"/>
<Contour name="d05ax19ssvdb" hidden="false" closed="true" simplified="false" border="1 0.501961 0" fill="0 0 1" mode="-11"
 points="7.46627 5.04577,
	7.45721 5.03671,
	7.46627 5.02765,
	7.47533 5.03671,
	"/>
<Contour name="d05ax19ssvdb" hidden="false" closed="true" simplified="false" border="1 0.501961 0" fill="0 0 1" mode="-11"
 points="7.50769 5.03282,
	7.49863 5.02376,
	7.50769 5.0147,
	7.51675 5.02376,
	"/>
<Contour name="d05ax19ssvr" hidden="false" closed="true" simplified="false" border="0 1 0.25098" fill="0 0 1" mode="-11"
 points="7.53099 4.9694,
	7.52193 4.96034,
	7.53099 4.95128,
	7.54005 4.96034,
	"/>
<Contour name="d05ax19ssvr" hidden="false" closed="true" simplified="false" border="0 1 0.25098" fill="0 0 1" mode="-11"
 points="7.46627 4.97199,
	7.45721 4.96293,
	7.46627 4.95387,
	7.47533 4.96293,
	"/>
<Contour name="d05ax19ssvr" hidden="false" closed="true" simplified="false" border="0 1 0.25098" fill="0 0 1" mode="-11"
 points="7.54523 4.9008,
	7.53617 4.89174,
	7.54523 4.88268,
	7.55429 4.89174,
	"/>
<Contour name="d05ax19ssvr" hidden="false" closed="true" simplified="false" border="0 1 0.25098" fill="0 0 1" mode="-11"
 points="7.56852 4.84903,
	7.55946 4.83997,
	7.56852 4.83091,
	7.57759 4.83997,
	"/>
<Contour name="d05ax19ssvr" hidden="false" closed="true" simplified="false" border="0 1 0.25098" fill="0 0 1" mode="-11"
 points="7.52322 4.82185,
	7.51416 4.81279,
	7.52322 4.80373,
	7.53228 4.81279,
	"/>
<Contour name="d05ax19ssvr" hidden="false" closed="true" simplified="false" border="0 1 0.25098" fill="0 0 1" mode="-11"
 points="7.48957 4.8555,
	7.48051 4.84644,
	7.48957 4.83738,
	7.49863 4.84644,
	"/>
<Contour name="d05ax19ssvr" hidden="false" closed="true" simplified="false" border="0 1 0.25098" fill="0 0 1" mode="-11"
 points="7.47016 4.88268,
	7.4611 4.87362,
	7.47016 4.86456,
	7.47922 4.87362,
	"/>
<Contour name="d05ax19ssvr" hidden="false" closed="true" simplified="false" border="0 1 0.25098" fill="0 0 1" mode="-11"
 points="7.41709 4.89045,
	7.40803 4.88139,
	7.41709 4.87233,
	7.42615 4.88139,
	"/>
<Contour name="d05ax19ssvr" hidden="false" closed="true" simplified="false" border="0 1 0.25098" fill="0 0 1" mode="-11"
 points="7.37567 4.89045,
	7.36661 4.88139,
	7.37567 4.87233,
	7.38473 4.88139,
	"/>
<Contour name="d05ax19ssvr" hidden="false" closed="true" simplified="false" border="0 1 0.25098" fill="0 0 1" mode="-11"
 points="7.42227 4.84773,
	7.41321 4.83867,
	7.42227 4.82961,
	7.43133 4.83867,
	"/>
<Contour name="d05ax19ssvr" hidden="false" closed="true" simplified="false" border="0 1 0.25098" fill="0 0 1" mode="-11"
 points="7.38085 4.83479,
	7.37179 4.82573,
	7.38085 4.81667,
	7.38991 4.82573,
	"/>
<Contour name="d05ax19ssvr" hidden="false" closed="true" simplified="false" border="0 1 0.25098" fill="0 0 1" mode="-11"
 points="7.41838 4.78172,
	7.40932 4.77266,
	7.41838 4.7636,
	7.42744 4.77266,
	"/>
<Contour name="d05ax19ssvr" hidden="false" closed="true" simplified="false" border="0 1 0.25098" fill="0 0 1" mode="-11"
 points="7.44039 4.79855,
	7.43133 4.78949,
	7.44039 4.78043,
	7.44945 4.78949,
	"/>
<Contour name="d05ax19ssvr" hidden="false" closed="true" simplified="false" border="0 1 0.25098" fill="0 0 1" mode="-11"
 points="7.46757 4.77655,
	7.45851 4.76749,
	7.46757 4.75843,
	7.47663 4.76749,
	"/>
<Contour name="d05ax19ssvr" hidden="false" closed="true" simplified="false" border="0 1 0.25098" fill="0 0 1" mode="-11"
 points="7.47533 4.74548,
	7.46627 4.73642,
	7.47533 4.72736,
	7.48439 4.73642,
	"/>
<Contour name="d05ax19ssvr" hidden="false" closed="true" simplified="false" border="0 1 0.25098" fill="0 0 1" mode="-11"
 points="7.44427 4.75195,
	7.43521 4.74289,
	7.44427 4.73383,
	7.45333 4.74289,
	"/>
<Contour name="d05ax19ssvr" hidden="false" closed="true" simplified="false" border="0 1 0.25098" fill="0 0 1" mode="-11"
 points="7.45074 4.70924,
	7.44168 4.70018,
	7.45074 4.69112,
	7.4598 4.70018,
	"/>
<Contour name="d05ax19ssvr" hidden="false" closed="true" simplified="false" border="0 1 0.25098" fill="0 0 1" mode="-11"
 points="7.41709 4.72736,
	7.40803 4.7183,
	7.41709 4.70924,
	7.42615 4.7183,
	"/>
<Contour name="d05ax19ssvr" hidden="false" closed="true" simplified="false" border="0 1 0.25098" fill="0 0 1" mode="-11"
 points="7.38732 4.74937,
	7.37826 4.7403,
	7.38732 4.73124,
	7.39638 4.7403,
	"/>
<Contour name="d05ax19ssvr" hidden="false" closed="true" simplified="false" border="0 1 0.25098" fill="0 0 1" mode="-11"
 points="7.33166 4.75066,
	7.3226 4.7416,
	7.33166 4.73254,
	7.34072 4.7416,
	"/>
<Contour name="d05ax19ssvr" hidden="false" closed="true" simplified="false" border="0 1 0.25098" fill="0 0 1" mode="-11"
 points="7.34202 4.7869,
	7.33296 4.77784,
	7.34202 4.76878,
	7.35108 4.77784,
	"/>
<Contour name="d05ax19ssvr" hidden="false" closed="true" simplified="false" border="0 1 0.25098" fill="0 0 1" mode="-11"
 points="7.29801 4.75972,
	7.28895 4.75066,
	7.29801 4.7416,
	7.30707 4.75066,
	"/>
<Contour name="d05ax19ssvr" hidden="false" closed="true" simplified="false" border="0 1 0.25098" fill="0 0 1" mode="-11"
 points="7.29801 4.70536,
	7.28895 4.6963,
	7.29801 4.68724,
	7.30707 4.6963,
	"/>
<Contour name="d05ax19ssvr" hidden="false" closed="true" simplified="false" border="0 1 0.25098" fill="0 0 1" mode="-11"
 points="7.34849 4.6963,
	7.33943 4.68724,
	7.34849 4.67818,
	7.35755 4.68724,
	"/>
<Contour name="d05ax19ssvr" hidden="false" closed="true" simplified="false" border="0 1 0.25098" fill="0 0 1" mode="-11"
 points="7.41709 4.66264,
	7.40803 4.65358,
	7.41709 4.64452,
	7.42615 4.65358,
	"/>
<Contour name="d05ax19ssvr" hidden="false" closed="true" simplified="false" border="0 1 0.25098" fill="0 0 1" mode="-11"
 points="7.44039 4.66523,
	7.43133 4.65617,
	7.44039 4.64711,
	7.44945 4.65617,
	"/>
<Contour name="d05ax19ssvr" hidden="false" closed="true" simplified="false" border="0 1 0.25098" fill="0 0 1" mode="-11"
 points="7.46886 4.65747,
	7.4598 4.64841,
	7.46886 4.63935,
	7.47792 4.64841,
	"/>
<Contour name="d05ax19ssvr" hidden="false" closed="true" simplified="false" border="0 1 0.25098" fill="0 0 1" mode="-11"
 points="7.5051 4.63029,
	7.49604 4.62123,
	7.5051 4.61217,
	7.51416 4.62123,
	"/>
<Contour name="d05ax19ssvr" hidden="false" closed="true" simplified="false" border="0 1 0.25098" fill="0 0 1" mode="-11"
 points="7.52711 4.73901,
	7.51805 4.72995,
	7.52711 4.72089,
	7.53617 4.72995,
	"/>
<Contour name="d05ax19ssvr" hidden="false" closed="true" simplified="false" border="0 1 0.25098" fill="0 0 1" mode="-11"
 points="7.40156 4.62899,
	7.3925 4.61993,
	7.40156 4.61087,
	7.41062 4.61993,
	"/>
<Contour name="d05ax19ssvr" hidden="false" closed="true" simplified="false" border="0 1 0.25098" fill="0 0 1" mode="-11"
 points="7.36402 4.62123,
	7.35496 4.61217,
	7.36402 4.60311,
	7.37308 4.61217,
	"/>
<Contour name="d05ax19ssvr" hidden="false" closed="true" simplified="false" border="0 1 0.25098" fill="0 0 1" mode="-11"
 points="7.3912 4.55651,
	7.38214 4.54745,
	7.3912 4.53839,
	7.40026 4.54745,
	"/>
<Contour name="d05ax19ssvr" hidden="false" closed="true" simplified="false" border="0 1 0.25098" fill="0 0 1" mode="-11"
 points="7.42615 4.51121,
	7.41709 4.50215,
	7.42615 4.49309,
	7.43521 4.50215,
	"/>
</Transform>

<Transform dim="6"
 xcoef=" 1.56937360756953 0.846455232618333 -0.0428213084394615 0 0 0"
 ycoef=" 0.0984535983120377 -0.0048953593711783 0.953821325969845 0 0 0">
<Contour name="d01SER" hidden="false" closed="true" simplified="true" border="0 1 0" fill="0 1 0" mode="-9"
 points="5.25471 0.246088,
	5.28076 0.199766,
	5.29235 0.188185,
	5.31261 0.176605,
	5.32419 0.170814,
	5.32998 0.167919,
	5.34446 0.188185,
	5.34446 0.199766,
	5.33867 0.211346,
	5.3184 0.234508,
	5.27497 0.266354,
	5.26339 0.266354,
	5.25471 0.257669,
	5.25471 0.248983,
	"/>
</Transform>

<Transform dim="6"
 xcoef=" 1.56937360756953 0.846455232618333 -0.0428213084394615 0 0 0"
 ycoef=" 0.0984535983120377 -0.0048953593711783 0.953821325969845 0 0 0">
<Contour name="d05p19" hidden="false" closed="true" simplified="false" border="0 1 0" fill="0 1 0" mode="-9"
 points="7.31407 3.42762,
	7.31407 3.40474,
	7.33695 3.40474,
	7.33695 3.38187,
	7.35982 3.38187,
	7.35982 3.40474,
	7.3827 3.40474,
	7.3827 3.42762,
	7.35982 3.42762,
	7.35982 3.4505,
	7.33695 3.4505,
	7.33695 3.42762,
	"/>
</Transform>

<Transform dim="6"
 xcoef=" 0.331999005606071 0.915733107039294 -0.00950552063538065 0 0 0"
 ycoef=" 4.85935973084246 -0.0540817484799238 0.772540417341723 0 0 0">
<Image mag="0.00220626" contrast="1" brightness="0" red="true" green="true" blue="true"
 src="FPNCT.192.jpg" />
<Contour name="domain1" hidden="false" closed="true" simplified="false" border="1 0 1" fill="1 0 1" mode="11"
 points="0 0,
	4096 0,
	4096 4096,
	0 4096,
	"/>
</Transform>

<Transform dim="1"
 xcoef=" -0.01 1 0 0 0 0"
 ycoef=" 0 0 1 0 0 0">
<Contour name="d05ax18ssvr" hidden="false" closed="true" simplified="false" border="0 1 0.25098" fill="0 0 1" mode="-11"
 points="7.1854 1.1013,
	7.17258 1.09036,
	7.18429 1.07955,
	7.1971 1.09049,
	"/>
</Transform>

<Transform dim="0"
 xcoef=" 0 1 0 0 0 0"
 ycoef=" 0 0 1 0 0 0">
<Contour name="d05ax18ssvr" hidden="false" closed="true" simplified="false" border="0 1 0.25098" fill="0 0 1" mode="-11"
 points="7.29987 1.04596,
	7.28707 1.03503,
	7.29877 1.02421,
	7.31158 1.03515,
	"/>
</Transform>

<Transform dim="0"
 xcoef=" 0 1 0 0 0 0"
 ycoef=" 0 0 1 0 0 0">
<Contour name="d05ax18" comment="LK bouton trace named after cfa" hidden="false" closed="true" simplified="true" border="0 1 1" fill="0.502 1 1" mode="-9"
 points="7.16633 1.06773,
	7.16887 1.0576,
	7.17773 1.03733,
	7.18153 1.0272,
	7.18787 1.01707,
	7.19673 1.0082,
	7.21066 0.96767,
	7.22966 0.92714,
	7.26893 0.886609,
	7.27906 0.880276,
	7.31959 0.868877,
	7.33986 0.86381,
	7.34999 0.860011,
	7.39052 0.861277,
	7.40065 0.862544,
	7.44118 0.87521,
	7.48171 0.894208,
	7.49185 0.899275,
	7.53238 0.911941,
	7.57291 0.920807,
	7.59317 0.925873,
	7.61344 0.933473,
	7.6337 0.943605,
	7.65397 0.948672,
	7.6641 0.953738,
	7.68437 0.956271,
	7.7249 0.949938,
	7.73503 0.948672,
	7.7553 0.951205,
	7.79583 0.965137,
	7.81609 0.97147,
	7.82622 0.97527,
	7.84649 0.993002,
	7.85536 1.00313,
	7.85916 1.0082,
	7.88955 1.08926,
	7.90475 1.12979,
	7.92248 1.17032,
	7.94402 1.25139,
	7.94908 1.27165,
	7.95795 1.35271,
	7.96175 1.39324,
	7.95922 1.4743,
	7.95415 1.55537,
	7.95288 1.5959,
	7.95415 1.61616,
	7.95795 1.63643,
	7.97568 1.67696,
	7.97948 1.68709,
	7.98075 1.69216,
	7.98075 1.69469,
	7.98961 1.70482,
	7.99595 1.71496,
	8.00988 1.75549,
	8.01621 1.77575,
	8.01874 1.78588,
	8.02001 1.82641,
	8.02128 1.84668,
	8.01241 1.92774,
	8.00355 1.96827,
	7.99975 1.98854,
	7.99595 2.02907,
	7.99595 2.0392,
	7.99215 2.05947,
	7.99088 2.0696,
	8.00355 2.15066,
	8.00481 2.16079,
	8.06434 2.32292,
	8.08081 2.36345,
	8.08841 2.40398,
	8.09094 2.42424,
	8.09221 2.43437,
	8.10234 2.45464,
	8.14794 2.61676,
	8.15554 2.63703,
	8.15934 2.64716,
	8.17327 2.66743,
	8.18847 2.70796,
	8.20747 2.74849,
	8.21 2.82955,
	8.21 2.83968,
	8.21633 2.88021,
	8.21633 2.89035,
	8.2176 2.89541,
	8.2138 2.91568,
	8.22773 2.93594,
	8.23786 2.95621,
	8.2556 3.03727,
	8.26573 3.0778,
	8.26953 3.08793,
	8.26826 3.1082,
	8.26953 3.14873,
	8.27333 3.18926,
	8.27459 3.20952,
	8.28346 3.25006,
	8.28726 3.27032,
	8.31893 3.35138,
	8.32273 3.35645,
	8.32399 3.36151,
	8.34046 3.38178,
	8.35439 3.42231,
	8.35819 3.44258,
	8.35819 3.46284,
	8.34806 3.48311,
	8.33412 3.50337,
	8.31513 3.52364,
	8.30499 3.53124,
	8.28473 3.53757,
	8.27459 3.53884,
	8.25433 3.53757,
	8.23406 3.53377,
	8.2138 3.52744,
	8.19353 3.51857,
	8.1834 3.51224,
	8.17833 3.50717,
	8.16694 3.48691,
	8.16314 3.48311,
	8.15934 3.47297,
	8.14667 3.45271,
	8.1378 3.43244,
	8.13654 3.42738,
	8.134 3.42484,
	8.13274 3.41471,
	8.09727 3.37418,
	8.09347 3.36405,
	8.07574 3.34378,
	8.06814 3.33365,
	8.05928 3.31338,
	8.05294 3.29312,
	8.05168 3.28299,
	8.05548 3.24246,
	8.05674 3.22219,
	8.05801 3.21206,
	8.06434 3.19179,
	8.06814 3.17153,
	8.06181 3.15126,
	8.05674 3.14113,
	8.05168 3.1006,
	8.04154 3.06007,
	8.03648 3.0398,
	8.03521 3.03474,
	8.00861 2.99421,
	7.98961 2.95367,
	7.94782 2.87261,
	7.93768 2.85235,
	7.93388 2.84222,
	7.92248 2.76115,
	7.91742 2.72062,
	7.91995 2.68009,
	7.92122 2.66996,
	7.92882 2.64969,
	7.93135 2.63956,
	7.93388 2.6345,
	7.93515 2.63196,
	7.92882 2.6117,
	7.92502 2.60156,
	7.91235 2.5813,
	7.89715 2.56103,
	7.88575 2.54077,
	7.87942 2.5205,
	7.87815 2.50024,
	7.88955 2.45971,
	7.88195 2.41918,
	7.88069 2.41411,
	7.87435 2.40398,
	7.86295 2.36345,
	7.85789 2.34318,
	7.85662 2.30265,
	7.85789 2.28238,
	7.84776 2.26212,
	7.83382 2.22159,
	7.82749 2.20132,
	7.81609 2.18106,
	7.80216 2.16079,
	7.79456 2.15066,
	7.77429 2.11013,
	7.76669 2.08986,
	7.75783 2.04933,
	7.7401 2.0088,
	7.6945 1.92774,
	7.68057 1.90748,
	7.6679 1.86695,
	7.66537 1.85681,
	7.62357 1.77575,
	7.62104 1.77068,
	7.53998 1.70862,
	7.51971 1.69216,
	7.50958 1.68202,
	7.47791 1.64149,
	7.46525 1.62123,
	7.44625 1.5807,
	7.43738 1.56043,
	7.42472 1.54017,
	7.41838 1.53003,
	7.38165 1.4895,
	7.37025 1.4705,
	7.36265 1.45024,
	7.35125 1.42997,
	7.31199 1.38944,
	7.29299 1.36918,
	7.27273 1.32865,
	7.24993 1.28812,
	7.23726 1.26785,
	7.2322 1.25772,
	7.22713 1.25392,
	7.217 1.23365,
	7.21066 1.21339,
	7.19926 1.19312,
	7.198 1.18806,
	7.19167 1.17792,
	7.18913 1.16779,
	7.18407 1.15766,
	7.18407 1.15259,
	7.17013 1.11206,
	7.16633 1.0918,
	7.16633 1.07153,
	7.16633 1.069,
	"/>
</Transform>

</Section>