<?xml version="1.0"?>
<!DOCTYPE Section SYSTEM "section.dtd">

<Section index="65" thickness="0.048" alignLocked="true">
<Transform dim="6"
 xcoef=" 0.2180975517453 0.981768968674575 -0.0101441479276766 0 0 0"
 ycoef=" 0.170488000069512 0.00187191137695972 0.96135554390389 0 0 0">
<Contour name="D04" hidden="true" closed="true" simplified="true" border="1 0 0" fill="1 0 0" mode="13"
 points="1.48509 3.96394,
	1.49282 3.91173,
	1.51566 3.86197,
	1.55253 3.81697,
	1.60172 3.77885,
	1.66092 3.74938,
	1.72737 3.72994,
	1.79795 3.72145,
	1.86937 3.72429,
	1.93829 3.73834,
	2.00148 3.76294,
	2.05599 3.79693,
	2.09928 3.83874,
	2.12931 3.88639,
	2.14469 3.93768,
	2.14469 3.99019,
	2.12931 4.04148,
	2.09928 4.08913,
	2.05599 4.13094,
	2.00148 4.16493,
	1.93829 4.18953,
	1.86937 4.20358,
	1.79795 4.20642,
	1.72737 4.19793,
	1.66092 4.17849,
	1.60172 4.14902,
	1.55253 4.1109,
	1.51566 4.0659,
	"/>
</Transform>

<Transform dim="6"
 xcoef=" 0.2180975517453 0.981768968674575 -0.0101441479276766 0 0 0"
 ycoef=" 0.170488000069512 0.00187191137695972 0.96135554390389 0 0 0">
<Contour name="D06" hidden="true" closed="true" simplified="true" border="0 0 1" fill="0 0 1" mode="9"
 points="5.97981 6.79423,
	5.9841 6.75341,
	5.99678 6.7145,
	6.01724 6.67932,
	6.04453 6.64951,
	6.07738 6.62647,
	6.11425 6.61127,
	6.15342 6.60463,
	6.19305 6.60686,
	6.23129 6.61784,
	6.26636 6.63707,
	6.29661 6.66365,
	6.32062 6.69634,
	6.33729 6.7336,
	6.34582 6.7737,
	6.34582 6.81475,
	6.33729 6.85485,
	6.32062 6.89211,
	6.29661 6.9248,
	6.26636 6.95138,
	6.23129 6.97061,
	6.19305 6.9816,
	6.15342 6.98382,
	6.11425 6.97718,
	6.07738 6.96198,
	6.04453 6.93894,
	6.01724 6.90913,
	5.99678 6.87395,
	"/>
</Transform>

<Transform dim="6"
 xcoef=" 0.2180975517453 0.981768968674575 -0.0101441479276766 0 0 0"
 ycoef=" 0.170488000069512 0.00187191137695972 0.96135554390389 0 0 0">
<Contour name="D07" hidden="true" closed="true" simplified="true" border="1 0 1" fill="1 0 1" mode="9"
 points="6.54943 6.37651,
	6.55421 6.3341,
	6.56828 6.29415,
	6.59081 6.25899,
	6.6205 6.23066,
	6.65563 6.21081,
	6.69415 6.20059,
	6.73382 6.20059,
	6.77234 6.21081,
	6.80746 6.23066,
	6.83715 6.25899,
	6.85969 6.29415,
	6.87376 6.3341,
	6.87854 6.37651,
	6.87376 6.41892,
	6.85969 6.45886,
	6.83715 6.49402,
	6.80746 6.52235,
	6.77234 6.54221,
	6.73382 6.55243,
	6.69415 6.55243,
	6.65563 6.54221,
	6.6205 6.52235,
	6.59081 6.49402,
	6.56828 6.45886,
	6.55421 6.41892,
	"/>
</Transform>

<Transform dim="6"
 xcoef=" 0.2180975517453 0.981768968674575 -0.0101441479276766 0 0 0"
 ycoef=" 0.170488000069512 0.00187191137695972 0.96135554390389 0 0 0">
<Contour name="d02c18" hidden="true" closed="true" simplified="true" border="0 1 0" fill="0 1 0" mode="9"
 points="7.19637 1.80103,
	7.20799 1.78554,
	7.23897 1.77392,
	7.25447 1.77392,
	7.26996 1.78166,
	7.28932 1.81265,
	7.2932 1.82814,
	7.30482 1.84363,
	7.30482 1.85138,
	7.34355 1.91335,
	7.3513 1.92884,
	7.34742 1.95983,
	7.32031 1.98694,
	7.31256 1.99081,
	7.30482 1.98694,
	7.30869 1.97145,
	7.27771 1.95208,
	7.22735 1.89011,
	7.20799 1.85913,
	7.19637 1.82814,
	7.19637 1.81265,
	7.19637 1.8049,
	"/>
<Contour name="d02c18" hidden="true" closed="true" simplified="true" border="0 1 0" fill="0 1 0" mode="9"
 points="7.26996 2.30067,
	7.28158 2.26968,
	7.30094 2.2387,
	7.35517 2.1806,
	7.37453 2.15349,
	7.38228 2.138,
	7.39003 2.13025,
	7.42101 2.13412,
	7.43651 2.16511,
	7.44038 2.19609,
	7.44038 2.21159,
	7.42876 2.24257,
	7.38615 2.30454,
	7.37453 2.33553,
	7.37453 2.45947,
	7.37066 2.47496,
	7.35904 2.49045,
	7.32806 2.50207,
	7.31256 2.49045,
	7.30869 2.45947,
	7.31644 2.44398,
	7.31256 2.38201,
	7.2932 2.35102,
	7.28158 2.33553,
	7.27383 2.32778,
	7.26996 2.31229,
	7.26996 2.30454,
	"/>
<Contour name="d02cfa18" hidden="true" closed="false" simplified="false" border="0 1 1" fill="0 1 1" mode="9"
 points="7.33701 2.4914,
	7.34475 2.39844,
	7.34863 2.31323,
	7.37187 2.2164,
	7.40285 2.13894,
	"/>
<Contour name="d02cfa18" hidden="true" closed="false" simplified="false" border="0 1 1" fill="0 1 1" mode="9"
 points="7.34475 1.96465,
	7.30602 1.92591,
	7.26342 1.84845,
	7.21694 1.77486,
	"/>
</Transform>

<Transform dim="6"
 xcoef=" 0.2180975517453 0.981768968674575 -0.0101441479276766 0 0 0"
 ycoef=" 0.170488000069512 0.00187191137695972 0.96135554390389 0 0 0">
<Contour name="d02c19" hidden="true" closed="true" simplified="true" border="0 1 0" fill="0 1 0" mode="9"
 points="6.78968 1.863,
	6.82067 1.84363,
	6.88264 1.82814,
	6.89813 1.81652,
	6.92912 1.80878,
	6.9601 1.81265,
	6.97172 1.82814,
	6.9756 1.84363,
	6.97172 1.85913,
	6.94461 1.88624,
	6.92912 1.89786,
	6.86715 1.90948,
	6.83616 1.9211,
	6.80518 1.91722,
	6.79356 1.90173,
	6.78968 1.87075,
	6.78968 1.86687,
	"/>
<Contour name="d02cfa19" hidden="true" closed="false" simplified="false" border="0 1 1" fill="0 1 1" mode="9"
 points="6.96518 1.82134,
	6.93032 1.86007,
	6.88384 1.87169,
	6.79863 1.87556,
	"/>
</Transform>

<Transform dim="6"
 xcoef=" 0.2180975517453 0.981768968674575 -0.0101441479276766 0 0 0"
 ycoef=" 0.170488000069512 0.00187191137695972 0.96135554390389 0 0 0">
<Contour name="d02c21" hidden="true" closed="true" simplified="true" border="0 1 0" fill="0 1 0" mode="9"
 points="6.06153 4.75627,
	6.06927 4.74852,
	6.10026 4.74465,
	6.16223 4.75627,
	6.19321 4.76014,
	6.25519 4.75627,
	6.28617 4.76014,
	6.31716 4.77176,
	6.3249 4.7795,
	6.35589 4.79112,
	6.37138 4.80274,
	6.37913 4.81049,
	6.38687 4.84148,
	6.383 4.87246,
	6.35202 4.88021,
	6.32103 4.87633,
	6.29004 4.85697,
	6.22807 4.8376,
	6.19709 4.8376,
	6.07315 4.795,
	6.0654 4.79112,
	6.06153 4.76014,
	"/>
<Contour name="d02cfa21" hidden="true" closed="false" simplified="false" border="0 1 1" fill="0 1 1" mode="9"
 points="6.38808 4.85017,
	6.33385 4.83467,
	6.25639 4.80756,
	6.15569 4.78045,
	6.07048 4.76108,
	"/>
</Transform>

<Transform dim="6"
 xcoef=" 0.2180975517453 0.981768968674575 -0.0101441479276766 0 0 0"
 ycoef=" 0.170488000069512 0.00187191137695972 0.96135554390389 0 0 0">
<Contour name="D13" hidden="true" closed="true" simplified="true" border="0.5 0 1" fill="0.5 0 1" mode="9"
 points="2.44438 1.53344,
	2.45248 1.45517,
	2.47636 1.38083,
	2.51483 1.31414,
	2.56596 1.25845,
	2.62718 1.21654,
	2.69543 1.19053,
	2.76728 1.18171,
	2.83913 1.19053,
	2.90737 1.21654,
	2.9686 1.25845,
	3.01972 1.31414,
	3.05819 1.38083,
	3.08207 1.45517,
	3.09017 1.53344,
	3.08207 1.6117,
	3.05819 1.68604,
	3.01972 1.75273,
	2.9686 1.80842,
	2.90737 1.85033,
	2.83913 1.87634,
	2.76728 1.88516,
	2.69543 1.87634,
	2.62718 1.85033,
	2.56596 1.80842,
	2.51483 1.75273,
	2.47636 1.68604,
	"/>
<Contour name="D12" hidden="true" closed="true" simplified="true" border="1 0.5 0" fill="1 0.5 0" mode="9"
 points="3.90362 5.86034,
	3.91389 5.77587,
	3.94389 5.69824,
	3.99118 5.63375,
	4.05193 5.58761,
	4.12121 5.56357,
	4.19342 5.56357,
	4.26271 5.58761,
	4.32346 5.63375,
	4.37074 5.69824,
	4.40074 5.77587,
	4.41102 5.86034,
	4.40074 5.94482,
	4.37074 6.02244,
	4.32346 6.08694,
	4.26271 6.13308,
	4.19342 6.15712,
	4.12121 6.15712,
	4.05193 6.13308,
	3.99118 6.08694,
	3.94389 6.02244,
	3.91389 5.94482,
	"/>
<Contour name="D15" hidden="true" closed="true" simplified="true" border="1 0 0" fill="1 0 0" mode="13"
 points="4.33832 4.43524,
	4.34763 4.36575,
	4.37465 4.30306,
	4.41675 4.25332,
	4.46979 4.22137,
	4.52859 4.21037,
	4.58739 4.22137,
	4.64043 4.25332,
	4.68253 4.30306,
	4.70955 4.36575,
	4.71887 4.43524,
	4.70955 4.50473,
	4.68253 4.56742,
	4.64043 4.61716,
	4.58739 4.64911,
	4.52859 4.66011,
	4.46979 4.64911,
	4.41675 4.61716,
	4.37465 4.56742,
	"/>
</Transform>

<Transform dim="6"
 xcoef=" 0.2180975517453 0.981768968674575 -0.0101441479276766 0 0 0"
 ycoef=" 0.170488000069512 0.00187191137695972 0.96135554390389 0 0 0">
<Contour name="d13" hidden="true" closed="true" simplified="true" border="1 1 0" fill="1 1 0" mode="11"
 points="3.04427 3.17552,
	3.06988 3.15311,
	3.07628 3.14671,
	3.10189 3.17072,
	3.10829 3.17712,
	3.1339 3.19472,
	3.14671 3.20273,
	3.15951 3.22834,
	3.16912 3.25395,
	3.18032 3.30516,
	3.18352 3.35638,
	3.18352 3.36919,
	3.18352 3.37559,
	3.20113 3.42681,
	3.20273 3.43321,
	3.22033 3.45882,
	3.24434 3.47802,
	3.25074 3.48283,
	3.30196 3.48603,
	3.32757 3.49243,
	3.33397 3.49563,
	3.33717 3.49723,
	3.34198 3.54845,
	3.34678 3.57406,
	3.35798 3.59967,
	3.37239 3.62528,
	3.37879 3.63808,
	3.38199 3.64448,
	3.4028 3.67009,
	3.4028 3.6957,
	3.37719 3.7053,
	3.36438 3.71011,
	3.33877 3.73251,
	3.31317 3.74692,
	3.28756 3.74372,
	3.26195 3.73571,
	3.23634 3.72131,
	3.22353 3.71491,
	3.20593 3.66369,
	3.19793 3.63808,
	3.19312 3.62528,
	3.19152 3.57406,
	3.18992 3.54845,
	3.19152 3.52284,
	3.18992 3.51004,
	3.17872 3.48443,
	3.17392 3.47162,
	3.17232 3.44601,
	3.17232 3.43961,
	3.15951 3.414,
	3.14191 3.36278,
	3.1323 3.33717,
	3.1275 3.28596,
	3.09069 3.23474,
	3.05067 3.18352,
	3.04587 3.17712,
	"/>
<Contour name="d13" hidden="true" closed="true" simplified="true" border="1 1 0" fill="1 1 0" mode="11"
 points="3.42681 3.17552,
	3.46362 3.1243,
	3.48603 3.09869,
	3.49723 3.08589,
	3.52284 3.07788,
	3.62528 3.06348,
	3.67649 3.06668,
	3.6893 3.06828,
	3.6925 3.06828,
	3.6941 3.08108,
	3.6925 3.10669,
	3.7037 3.15791,
	3.7069 3.17072,
	3.7085 3.17712,
	3.72611 3.20273,
	3.73411 3.21553,
	3.73892 3.22193,
	3.74052 3.22513,
	3.79173 3.22674,
	3.81734 3.22834,
	3.82054 3.22834,
	3.84615 3.27955,
	3.83335 3.33077,
	3.83175 3.35638,
	3.83015 3.36919,
	3.82855 3.37559,
	3.80774 3.4012,
	3.80134 3.406,
	3.77573 3.4092,
	3.76933 3.4108,
	3.74372 3.4012,
	3.6925 3.37719,
	3.66689 3.36598,
	3.65409 3.36118,
	3.64128 3.35958,
	3.63488 3.35798,
	3.59166 3.30676,
	3.56926 3.28115,
	3.55805 3.26835,
	3.50683 3.23794,
	3.45562 3.21873,
	3.43001 3.20593,
	3.42681 3.20433,
	3.42681 3.17872,
	3.42681 3.17712,
	"/>
</Transform>

<Transform dim="6"
 xcoef=" 0.2180975517453 0.981768968674575 -0.0101441479276766 0 0 0"
 ycoef=" 0.170488000069512 0.00187191137695972 0.96135554390389 0 0 0">
<Contour name="d13" hidden="true" closed="true" simplified="true" border="1 1 0" fill="1 1 0" mode="11"
 points="4.27621 0.995183,
	4.29446 0.974315,
	4.29838 0.969098,
	4.3049 0.927362,
	4.3062 0.916928,
	4.34794 0.885626,
	4.36881 0.873888,
	4.37924 0.867367,
	4.40011 0.877801,
	4.44184 0.907799,
	4.46271 0.922145,
	4.54618 0.970402,
	4.58792 0.989966,
	4.60879 1.0004,
	4.62965 1.01605,
	4.64009 1.02648,
	4.65052 1.04735,
	4.65443 1.05779,
	4.65052 1.07865,
	4.61009 1.11126,
	4.56836 1.13343,
	4.52662 1.153,
	4.50575 1.16213,
	4.50314 1.16734,
	4.50314 1.16995,
	4.48358 1.18299,
	4.48228 1.1856,
	4.47967 1.1856,
	4.47445 1.18951,
	4.46402 1.19212,
	4.4588 1.19212,
	4.45619 1.19343,
	4.44445 1.18691,
	4.36098 1.12169,
	4.31925 1.09039,
	4.31403 1.08648,
	4.29186 1.04474,
	4.28403 1.02388,
	4.27881 1.00301,
	4.27751 0.997791,
	4.27621 0.996487,
	"/>
</Transform>

<Transform dim="6"
 xcoef=" 0.2180975517453 0.981768968674575 -0.0101441479276766 0 0 0"
 ycoef=" 0.170488000069512 0.00187191137695972 0.96135554390389 0 0 0">
<Contour name="d13" hidden="true" closed="true" simplified="true" border="1 1 0" fill="1 1 0" mode="11"
 points="3.91908 1.35055,
	3.94118 1.29399,
	3.94648 1.27985,
	3.95002 1.27277,
	3.97742 1.25245,
	3.98095 1.24979,
	3.9951 1.25068,
	4.00217 1.25156,
	4.0057 1.25156,
	4.03399 1.27719,
	4.04106 1.28338,
	4.04459 1.28603,
	4.05874 1.28868,
	4.06581 1.29134,
	4.07288 1.29575,
	4.07641 1.29752,
	4.08083 1.30459,
	4.09232 1.33288,
	4.09409 1.34702,
	4.09497 1.35055,
	4.09497 1.35232,
	4.08083 1.36381,
	4.05255 1.38237,
	4.04106 1.41066,
	4.03841 1.41773,
	4.02426 1.42745,
	4.01012 1.4301,
	4.00305 1.4301,
	3.97477 1.41154,
	3.9677 1.40712,
	3.9403 1.37972,
	3.93323 1.37354,
	3.92615 1.37,
	3.9235 1.36735,
	3.91997 1.35321,
	3.91908 1.35144,
	"/>
</Transform>

<Transform dim="6"
 xcoef=" 0.2180975517453 0.981768968674575 -0.0101441479276766 0 0 0"
 ycoef=" 0.170488000069512 0.00187191137695972 0.96135554390389 0 0 0">
<Contour name="d13" hidden="true" closed="true" simplified="true" border="1 1 0" fill="1 1 0" mode="11"
 points="3.27709 -0.0711089,
	3.31124 -0.0945876,
	3.31764 -0.0945876,
	3.32191 -0.0903188,
	3.35606 -0.0881843,
	3.371 -0.0775122,
	3.38808 -0.0775122,
	3.39235 -0.0775122,
	3.39875 -0.0732434,
	3.42223 -0.0390925,
	3.45211 -0.00494168,
	3.47559 0.06336,
	3.50547 0.131662,
	3.51187 0.199963,
	3.51187 0.234114,
	3.5076 0.268265,
	3.49693 0.302416,
	3.46492 0.370718,
	3.44784 0.383524,
	3.43076 0.389927,
	3.41369 0.387793,
	3.40515 0.387793,
	3.38381 0.355777,
	3.36887 0.321626,
	3.36673 0.313088,
	3.35179 0.296013,
	3.34325 0.287475,
	3.33472 0.270399,
	3.33045 0.253324,
	3.34539 0.116721,
	3.34752 0.108183,
	3.31977 0.0398813,
	3.30697 0.0228059,
	3.28989 0.00573045,
	3.27709 -0.011345,
	3.27709 -0.0454958,
	3.27709 -0.0625712,
	3.27709 -0.0689745,
	"/>
</Transform>

<Transform dim="6"
 xcoef=" 0.2180975517453 0.981768968674575 -0.0101441479276766 0 0 0"
 ycoef=" 0.170488000069512 0.00187191137695972 0.96135554390389 0 0 0">
<Contour name="d13" hidden="true" closed="true" simplified="true" border="1 1 0.501961" fill="0.5 0 1" mode="11"
 points="1.94396 1.10103,
	1.95641 1.07612,
	1.95797 1.0263,
	1.95641 1.00139,
	1.95797 0.976486,
	1.97042 0.92667,
	1.97353 0.914216,
	1.96886 0.8644,
	1.96108 0.839491,
	1.94707 0.814583,
	1.97198 0.799016,
	1.98443 0.792789,
	1.98755 0.791232,
	1.99533 0.741415,
	1.99844 0.716507,
	2.00156 0.704053,
	2.00311 0.697826,
	2.05293 0.651123,
	2.07784 0.629329,
	2.08873 0.616874,
	2.09963 0.567058,
	2.1043 0.554604,
	2.10742 0.548377,
	2.13232 0.556161,
	2.14478 0.560831,
	2.15101 0.562388,
	2.20082 0.553047,
	2.22573 0.53748,
	2.23818 0.528139,
	2.288 0.543707,
	2.30045 0.548377,
	2.30668 0.55149,
	2.40631 0.54682,
	2.43122 0.545263,
	2.43745 0.545263,
	2.46236 0.557717,
	2.47481 0.562388,
	2.48104 0.565501,
	2.53085 0.556161,
	2.55576 0.55149,
	2.56822 0.549934,
	2.57444 0.548377,
	2.62426 0.562388,
	2.64917 0.570172,
	2.66162 0.573285,
	2.66785 0.576399,
	2.71767 0.623101,
	2.72389 0.629329,
	2.75347 0.679145,
	2.76904 0.704053,
	2.77682 0.716507,
	2.87646 0.76788,
	2.92627 0.797459,
	2.95118 0.809913,
	3.001 0.827037,
	3.05081 0.839491,
	3.10063 0.848832,
	3.12554 0.851945,
	3.17535 0.848832,
	3.20026 0.845718,
	3.21272 0.844162,
	3.26253 0.822367,
	3.28744 0.81147,
	3.2999 0.805243,
	3.3248 0.802129,
	3.33726 0.803686,
	3.34348 0.805243,
	3.37462 0.855059,
	3.3824 0.867513,
	3.38552 0.87374,
	3.38707 0.898648,
	3.38863 0.911102,
	3.38707 0.923557,
	3.38552 0.92667,
	3.39797 0.951578,
	3.40731 1.00139,
	3.41198 1.0263,
	3.41977 1.05121,
	3.47425 1.15084,
	3.48826 1.17575,
	3.55365 1.27538,
	3.5879 1.3252,
	3.63616 1.3719,
	3.66262 1.42172,
	3.67352 1.44663,
	3.68753 1.46998,
	3.69376 1.47465,
	3.69687 1.4871,
	3.69998 1.53692,
	3.69998 1.58674,
	3.7031 1.61165,
	3.70621 1.6241,
	3.72956 1.64589,
	3.75447 1.69571,
	3.7607 1.72062,
	3.78093 1.77043,
	3.79183 1.79534,
	3.7965 1.8078,
	3.77938 1.85761,
	3.76692 1.88252,
	3.73112 1.93234,
	3.61436 2.1316,
	3.58167 2.18142,
	3.56454 2.20633,
	3.51317 2.30596,
	3.49605 2.33087,
	3.48671 2.34332,
	3.47425 2.35422,
	3.46803 2.35889,
	3.46491 2.36045,
	3.45868 2.35733,
	3.45246 2.362,
	3.42755 2.36667,
	3.40264 2.3838,
	3.37773 2.39781,
	3.35283 2.4196,
	3.34037 2.42739,
	3.31546 2.43206,
	3.30301 2.43206,
	3.2781 2.42272,
	3.22828 2.43517,
	3.12865 2.47253,
	3.07884 2.49433,
	3.05548 2.49433,
	3.03058 2.48655,
	3.01812 2.48188,
	2.91849 2.46942,
	2.86867 2.46319,
	2.84376 2.45852,
	2.74413 2.44918,
	2.69431 2.44607,
	2.66941 2.44451,
	2.61959 2.43362,
	2.59468 2.43206,
	2.54487 2.43362,
	2.51996 2.43517,
	2.47014 2.43206,
	2.44523 2.43362,
	2.43278 2.43517,
	2.42655 2.43206,
	2.42344 2.4305,
	2.42032 2.40559,
	2.42032 2.39314,
	2.41254 2.36823,
	2.40631 2.35578,
	2.39853 2.33087,
	2.39853 2.32776,
	2.35805 2.27794,
	2.34716 2.26549,
	2.31758 2.21567,
	2.26309 2.11604,
	2.21795 2.0164,
	2.11053 1.81714,
	2.08562 1.76732,
	2.07317 1.74241,
	2.0576 1.71751,
	2.04982 1.70505,
	2.04515 1.68014,
	2.04047 1.63033,
	2.03269 1.58051,
	2.00934 1.48088,
	2.00467 1.43106,
	2.00156 1.33143,
	2 1.30652,
	1.99844 1.29407,
	1.99844 1.28784,
	1.97665 1.23802,
	1.96108 1.21311,
	1.95641 1.20066,
	1.96886 1.17575,
	1.97509 1.1633,
	1.9782 1.15707,
	1.95018 1.10725,
	1.94551 1.10258,
	"/>
</Transform>

<Transform dim="6"
 xcoef=" 0.2180975517453 0.981768968674575 -0.0101441479276766 0 0 0"
 ycoef=" 0.170488000069512 0.00187191137695972 0.96135554390389 0 0 0">
<Contour name="d13p22" hidden="true" closed="true" simplified="false" border="0.5 0 1" fill="0.5 0 1" mode="13"
 points="3.31946 0.846125,
	3.3093 0.84274,
	3.31946 0.839356,
	3.31269 0.829203,
	3.32284 0.835972,
	3.32622 0.825819,
	3.32961 0.835972,
	3.33976 0.829203,
	3.33299 0.839356,
	3.34315 0.84274,
	3.33299 0.846125,
	3.33976 0.856277,
	3.32961 0.849509,
	3.32622 0.859662,
	3.32284 0.849509,
	3.31269 0.856277,
	"/>
</Transform>

<Transform dim="6"
 xcoef=" 0.2180975517453 0.981768968674575 -0.0101441479276766 0 0 0"
 ycoef=" 0.170488000069512 0.00187191137695972 0.96135554390389 0 0 0">
<Contour name="d13" hidden="true" closed="true" simplified="true" border="1 1 0" fill="1 1 0" mode="11"
 points="2.14441 -0.0392184,
	2.16402 -0.061629,
	2.16822 -0.0672316,
	2.17102 -0.0700329,
	2.21584 -0.0420198,
	2.26066 -0.0168079,
	2.28307 -0.00560263,
	2.28868 -0.00280132,
	2.31669 0.0420198,
	2.36151 0.057427,
	2.38392 0.0602283,
	2.38952 0.061629,
	2.41193 0.0826389,
	2.42314 0.0924435,
	2.42454 0.103649,
	2.42454 0.10645,
	2.37972 0.121857,
	2.3349 0.134463,
	2.31249 0.141467,
	2.22285 0.145668,
	2.20043 0.145668,
	2.19483 0.142867,
	2.17382 0.123258,
	2.15982 0.0784369,
	2.15701 0.0672316,
	2.15561 0.0644303,
	2.15701 0.061629,
	2.15421 0.0560263,
	2.15281 0.0112053,
	2.15281 0,
	2.14861 -0.0224105,
	2.14581 -0.0336158,
	2.14441 -0.0378178,
	"/>
</Transform>

<Transform dim="6"
 xcoef=" 0.2180975517453 0.981768968674575 -0.0101441479276766 0 0 0"
 ycoef=" 0.170488000069512 0.00187191137695972 0.96135554390389 0 0 0">
<Contour name="d04" hidden="true" closed="true" simplified="true" border="1 0 0" fill="1 0 0" mode="11"
 points="1.21429 3.64412,
	1.21681 3.63403,
	1.22563 3.62394,
	1.22816 3.62142,
	1.2332 3.6252,
	1.23572 3.62646,
	1.24581 3.62142,
	1.2559 3.61259,
	1.26598 3.60629,
	1.26977 3.60124,
	1.27229 3.59872,
	1.28238 3.59998,
	1.2849 3.59998,
	1.27985 3.5899,
	1.27859 3.58864,
	1.28364 3.58485,
	1.30381 3.57729,
	1.3139 3.57476,
	1.30886 3.56972,
	1.31642 3.55963,
	1.31642 3.55459,
	1.32525 3.5445,
	1.32903 3.54072,
	1.33912 3.54324,
	1.34921 3.54324,
	1.35425 3.5445,
	1.36308 3.55081,
	1.35803 3.55459,
	1.36308 3.55585,
	1.3656 3.55711,
	1.37569 3.54955,
	1.38073 3.5445,
	1.4009 3.53694,
	1.41099 3.53189,
	1.42108 3.53568,
	1.42612 3.53568,
	1.43117 3.53315,
	1.43747 3.52307,
	1.44756 3.51928,
	1.45008 3.52181,
	1.46017 3.5155,
	1.46269 3.51424,
	1.46521 3.5155,
	1.47404 3.50541,
	1.47908 3.50289,
	1.48413 3.50289,
	1.49421 3.49659,
	1.49547 3.4928,
	1.49421 3.48776,
	1.48917 3.48398,
	1.48665 3.47893,
	1.48791 3.47389,
	1.49295 3.46885,
	1.50304 3.4638,
	1.51313 3.46759,
	1.51439 3.47263,
	1.51313 3.47767,
	1.51313 3.48019,
	1.51817 3.48146,
	1.52069 3.47641,
	1.52574 3.47641,
	1.52952 3.47389,
	1.53204 3.4638,
	1.53709 3.46254,
	1.54717 3.46759,
	1.55222 3.46759,
	1.54339 3.46128,
	1.54213 3.46002,
	1.54717 3.45498,
	1.54843 3.45245,
	1.54339 3.44237,
	1.54213 3.43732,
	1.55222 3.42976,
	1.55474 3.43102,
	1.55978 3.4285,
	1.56987 3.41967,
	1.57996 3.41589,
	1.585 3.41589,
	1.59509 3.40958,
	1.59761 3.40832,
	1.60013 3.40958,
	1.6077 3.40076,
	1.61779 3.39319,
	1.63796 3.39319,
	1.65814 3.38941,
	1.67831 3.38184,
	1.68335 3.38436,
	1.6884 3.38941,
	1.69344 3.39193,
	1.70353 3.39067,
	1.71362 3.39193,
	1.73379 3.40076,
	1.74388 3.40202,
	1.74892 3.40328,
	1.75397 3.40202,
	1.75649 3.40076,
	1.76153 3.4058,
	1.76406 3.40832,
	1.77414 3.40832,
	1.77666 3.4058,
	1.77793 3.39571,
	1.77288 3.38562,
	1.77162 3.38436,
	1.77666 3.38184,
	1.78675 3.3831,
	1.79684 3.38184,
	1.79936 3.38058,
	1.80945 3.38941,
	1.81197 3.39193,
	1.81701 3.39067,
	1.81954 3.38941,
	1.82332 3.39319,
	1.8271 3.40328,
	1.82836 3.40832,
	1.83845 3.40958,
	1.84854 3.41336,
	1.85863 3.41084,
	1.8788 3.40958,
	1.88889 3.41084,
	1.9078 3.42976,
	1.90906 3.43228,
	1.9078 3.43354,
	1.91537 3.44363,
	1.91537 3.45371,
	1.92293 3.4638,
	1.93302 3.47389,
	1.94311 3.48146,
	1.94689 3.49154,
	1.96076 3.51172,
	1.96328 3.51676,
	1.96328 3.51928,
	1.96581 3.52054,
	1.98598 3.51298,
	2.00616 3.51802,
	2.01624 3.52433,
	2.02507 3.53315,
	2.02885 3.53694,
	2.03137 3.53694,
	2.04146 3.54576,
	2.04272 3.55081,
	2.04146 3.55585,
	2.04651 3.55459,
	2.04903 3.55333,
	2.05912 3.55963,
	2.06416 3.56468,
	2.0692 3.5672,
	2.07299 3.57224,
	2.07425 3.58233,
	2.07677 3.58737,
	2.09694 3.5899,
	2.10199 3.59242,
	2.10955 3.60251,
	2.11081 3.60503,
	2.10451 3.61385,
	2.10955 3.61764,
	2.1146 3.6189,
	2.11964 3.62268,
	2.1209 3.6252,
	2.12468 3.62016,
	2.12721 3.61764,
	2.13225 3.6189,
	2.13477 3.6189,
	2.13982 3.62899,
	2.14108 3.63403,
	2.13982 3.63907,
	2.13225 3.64916,
	2.12847 3.65925,
	2.13855 3.65547,
	2.14234 3.65168,
	2.14234 3.64916,
	2.14738 3.64538,
	2.15747 3.64916,
	2.16503 3.65925,
	2.16629 3.66934,
	2.16503 3.67438,
	2.16882 3.68321,
	2.1789 3.67312,
	2.18773 3.68321,
	2.18647 3.69329,
	2.18521 3.69834,
	2.18647 3.70338,
	2.20412 3.71977,
	2.20917 3.72986,
	2.21673 3.73995,
	2.22052 3.75004,
	2.22556 3.75382,
	2.22808 3.77399,
	2.22808 3.77904,
	2.23312 3.78912,
	2.23439 3.79417,
	2.22934 3.79795,
	2.22304 3.80678,
	2.22178 3.8093,
	2.22556 3.81182,
	2.2306 3.81056,
	2.23312 3.81056,
	2.24952 3.82947,
	2.25078 3.83452,
	2.25456 3.83578,
	2.2596 3.83326,
	2.26591 3.84335,
	2.26843 3.84839,
	2.26969 3.86856,
	2.27095 3.87109,
	2.27347 3.86604,
	2.276 3.87109,
	2.27347 3.88117,
	2.276 3.89126,
	2.27726 3.8963,
	2.28482 3.90639,
	2.28987 3.91144,
	2.30122 3.93161,
	2.31004 3.9417,
	2.31256 3.94674,
	2.31256 3.94926,
	2.31004 3.95179,
	2.3113 3.97196,
	2.31509 3.98205,
	2.33526 3.99718,
	2.34409 4.00601,
	2.34661 4.01105,
	2.34787 4.01357,
	2.34283 4.02366,
	2.34913 4.04383,
	2.34913 4.04888,
	2.3567 4.06905,
	2.36552 4.07536,
	2.37057 4.07662,
	2.37435 4.08166,
	2.37057 4.09175,
	2.36931 4.09427,
	2.37561 4.11445,
	2.37687 4.11949,
	2.37561 4.12075,
	2.38444 4.13084,
	2.38948 4.13588,
	2.40083 4.15606,
	2.39957 4.1611,
	2.39705 4.16362,
	2.39326 4.1838,
	2.40587 4.20397,
	2.39957 4.21406,
	2.38948 4.20776,
	2.38696 4.2065,
	2.3857 4.21154,
	2.38948 4.22163,
	2.392 4.22667,
	2.38822 4.24685,
	2.37939 4.25693,
	2.37687 4.25946,
	2.38696 4.26954,
	2.39705 4.28972,
	2.40335 4.29981,
	2.40461 4.30485,
	2.40209 4.31494,
	2.39957 4.31998,
	2.39453 4.32376,
	2.38444 4.32629,
	2.38192 4.32755,
	2.3857 4.33007,
	2.39074 4.33511,
	2.38696 4.34016,
	2.38444 4.34142,
	2.38444 4.34394,
	2.39074 4.35403,
	2.392 4.35907,
	2.38318 4.36664,
	2.38065 4.36916,
	2.38318 4.37042,
	2.3857 4.36916,
	2.39579 4.3742,
	2.40587 4.38177,
	2.41092 4.38177,
	2.41344 4.38177,
	2.41848 4.38681,
	2.421 4.38933,
	2.43109 4.38555,
	2.43488 4.38303,
	2.43614 4.37798,
	2.43488 4.37294,
	2.44496 4.36664,
	2.45001 4.3679,
	2.45631 4.37672,
	2.45757 4.37924,
	2.45127 4.38933,
	2.44875 4.39438,
	2.43866 4.40068,
	2.42857 4.40446,
	2.42353 4.40699,
	2.40461 4.4259,
	2.40335 4.42716,
	2.41344 4.43473,
	2.41848 4.43977,
	2.42857 4.44607,
	2.43235 4.45112,
	2.43235 4.46121,
	2.43109 4.46625,
	2.42983 4.46751,
	2.41974 4.46121,
	2.4147 4.45994,
	2.41092 4.47003,
	2.40966 4.48012,
	2.4084 4.48516,
	2.41722 4.49399,
	2.421 4.50408,
	2.41848 4.5066,
	2.41344 4.50408,
	2.41092 4.50786,
	2.40966 4.51795,
	2.41092 4.52299,
	2.42983 4.5356,
	2.43614 4.54569,
	2.43488 4.55073,
	2.42605 4.55956,
	2.43614 4.56586,
	2.44118 4.56839,
	2.44622 4.56712,
	2.45001 4.57091,
	2.44875 4.57343,
	2.45757 4.57721,
	2.46262 4.57469,
	2.48279 4.58226,
	2.48657 4.59234,
	2.48783 4.59739,
	2.48657 4.59865,
	2.4891 4.60369,
	2.49918 4.61126,
	2.50801 4.62135,
	2.49792 4.62765,
	2.5017 4.63143,
	2.50675 4.63269,
	2.51684 4.64152,
	2.51936 4.64404,
	2.53953 4.64152,
	2.54079 4.64026,
	2.55088 4.64656,
	2.55466 4.65161,
	2.55719 4.65413,
	2.56727 4.65413,
	2.58745 4.66296,
	2.59628 4.67178,
	2.60006 4.68187,
	2.60132 4.69196,
	2.60258 4.697,
	2.60132 4.70205,
	2.59123 4.71087,
	2.58114 4.71592,
	2.57862 4.71592,
	2.57484 4.71087,
	2.56475 4.70961,
	2.55971 4.70835,
	2.55845 4.70709,
	2.54836 4.71213,
	2.54332 4.71465,
	2.52314 4.71339,
	2.51305 4.71465,
	2.50297 4.71213,
	2.49288 4.71213,
	2.48279 4.71718,
	2.47775 4.71844,
	2.4727 4.71718,
	2.46262 4.7197,
	2.45253 4.71339,
	2.44748 4.70961,
	2.44244 4.70835,
	2.43992 4.70709,
	2.42983 4.71465,
	2.41974 4.7197,
	2.4147 4.72096,
	2.40966 4.72474,
	2.40713 4.72979,
	2.40966 4.73987,
	2.40966 4.7424,
	2.39957 4.7487,
	2.39453 4.75879,
	2.37435 4.77518,
	2.36931 4.78022,
	2.35922 4.78401,
	2.33904 4.79535,
	2.334 4.79283,
	2.33148 4.79283,
	2.3277 4.80292,
	2.31887 4.81301,
	2.31635 4.81553,
	2.29617 4.81049,
	2.29113 4.80923,
	2.28735 4.78905,
	2.2823 4.77896,
	2.27978 4.77392,
	2.28735 4.75374,
	2.29113 4.74366,
	2.28735 4.73357,
	2.28608 4.73231,
	2.29491 4.72222,
	2.28987 4.70205,
	2.29239 4.697,
	2.29113 4.69574,
	2.28987 4.697,
	2.28735 4.69196,
	2.28987 4.68691,
	2.29113 4.68817,
	2.29491 4.68313,
	2.29995 4.68187,
	2.30374 4.6617,
	2.30626 4.65161,
	2.31382 4.64152,
	2.31761 4.63774,
	2.31635 4.63648,
	2.32643 4.62891,
	2.33148 4.62513,
	2.334 4.62135,
	2.3277 4.61126,
	2.32517 4.60621,
	2.32896 4.59613,
	2.33148 4.60621,
	2.33652 4.60369,
	2.3567 4.60621,
	2.36678 4.60243,
	2.37183 4.60117,
	2.38065 4.5936,
	2.37561 4.58352,
	2.37435 4.57847,
	2.37309 4.57721,
	2.38192 4.56712,
	2.38444 4.56208,
	2.3857 4.56082,
	2.36552 4.54443,
	2.34535 4.53308,
	2.34157 4.52804,
	2.34409 4.51795,
	2.34535 4.51543,
	2.33904 4.50912,
	2.3403 4.50408,
	2.34157 4.50156,
	2.33274 4.49903,
	2.32265 4.49273,
	2.31761 4.49399,
	2.31256 4.49273,
	2.30752 4.48264,
	2.29743 4.48012,
	2.29239 4.47508,
	2.28987 4.47382,
	2.28735 4.47508,
	2.27726 4.46877,
	2.27347 4.45994,
	2.26339 4.46121,
	2.22304 4.45112,
	2.21295 4.45364,
	2.20286 4.44734,
	2.19277 4.44355,
	2.18899 4.43851,
	2.18773 4.43599,
	2.16756 4.4322,
	2.14738 4.4322,
	2.10703 4.4259,
	2.09694 4.4259,
	2.07677 4.42968,
	2.06668 4.42212,
	2.05659 4.42464,
	2.05281 4.42716,
	2.05407 4.42968,
	2.05029 4.43473,
	2.04777 4.43599,
	2.03768 4.43347,
	2.03642 4.4322,
	2.02885 4.44103,
	2.01876 4.44986,
	1.99859 4.45616,
	1.97841 4.45742,
	1.95824 4.46877,
	1.94815 4.47003,
	1.92798 4.46751,
	1.9078 4.46877,
	1.88763 4.46751,
	1.84728 4.45994,
	1.84223 4.45868,
	1.83215 4.44986,
	1.82584 4.43977,
	1.82458 4.43473,
	1.81828 4.43094,
	1.80819 4.43473,
	1.76784 4.41833,
	1.74766 4.40699,
	1.73758 4.40068,
	1.73253 4.3969,
	1.71236 4.39438,
	1.70227 4.39059,
	1.69218 4.38303,
	1.67201 4.37546,
	1.66192 4.37168,
	1.65183 4.36411,
	1.64679 4.36159,
	1.643 4.35655,
	1.64174 4.35403,
	1.63166 4.35529,
	1.61148 4.35276,
	1.60644 4.3515,
	1.59635 4.3452,
	1.58626 4.35024,
	1.57618 4.3515,
	1.57365 4.34646,
	1.57239 4.34394,
	1.56735 4.3452,
	1.55726 4.34268,
	1.54717 4.34394,
	1.53709 4.34142,
	1.52826 4.33385,
	1.50808 4.32502,
	1.498 4.32502,
	1.48791 4.32124,
	1.48287 4.31998,
	1.47278 4.32502,
	1.46773 4.32376,
	1.46269 4.32502,
	1.4526 4.32124,
	1.44756 4.31872,
	1.4463 4.29854,
	1.44252 4.29476,
	1.43747 4.2935,
	1.42991 4.28467,
	1.42865 4.28215,
	1.43243 4.27711,
	1.42991 4.27206,
	1.42108 4.26324,
	1.41982 4.26072,
	1.42108 4.25819,
	1.43117 4.26072,
	1.43621 4.25693,
	1.43747 4.25441,
	1.42738 4.25189,
	1.42234 4.24937,
	1.41225 4.25063,
	1.40217 4.24558,
	1.39208 4.24432,
	1.38199 4.23802,
	1.37947 4.23298,
	1.37821 4.23045,
	1.38451 4.22037,
	1.38956 4.21532,
	1.3946 4.2128,
	1.39586 4.21154,
	1.38829 4.19136,
	1.38325 4.17119,
	1.38073 4.1611,
	1.37695 4.15732,
	1.36686 4.15354,
	1.36434 4.15228,
	1.3719 4.14219,
	1.36938 4.13714,
	1.36055 4.13084,
	1.35425 4.12075,
	1.35173 4.11066,
	1.35047 4.10814,
	1.35551 4.10436,
	1.35803 4.09932,
	1.35551 4.08923,
	1.35173 4.08418,
	1.35047 4.07914,
	1.35173 4.06905,
	1.35047 4.06401,
	1.34668 4.06023,
	1.3366 4.05897,
	1.33155 4.0577,
	1.32651 4.05897,
	1.32147 4.0577,
	1.3202 4.05266,
	1.31894 4.05014,
	1.30886 4.04888,
	1.3139 4.03879,
	1.31516 4.0287,
	1.31768 4.02366,
	1.31516 4.01862,
	1.31642 4.00853,
	1.31642 4.00601,
	1.31894 4.00475,
	1.32399 4.00601,
	1.32651 4.00348,
	1.32651 3.9934,
	1.32525 3.98835,
	1.33155 3.97827,
	1.33155 3.97574,
	1.31138 3.97322,
	1.30633 3.96313,
	1.29751 3.95305,
	1.2912 3.94296,
	1.28112 3.93918,
	1.27733 3.93539,
	1.27355 3.91522,
	1.28238 3.90639,
	1.27229 3.90135,
	1.27103 3.89126,
	1.27481 3.88117,
	1.27103 3.861,
	1.26977 3.85091,
	1.26977 3.84839,
	1.27985 3.84082,
	1.28364 3.83704,
	1.26977 3.81687,
	1.26598 3.80678,
	1.26472 3.80173,
	1.26851 3.79165,
	1.27229 3.7866,
	1.27481 3.78408,
	1.27859 3.7866,
	1.27355 3.76643,
	1.26724 3.75634,
	1.26346 3.74625,
	1.26094 3.74121,
	1.2622 3.73112,
	1.26094 3.71095,
	1.26851 3.70086,
	1.27355 3.6996,
	1.27607 3.69455,
	1.27481 3.68951,
	1.27733 3.67942,
	1.27355 3.66934,
	1.27103 3.66429,
	1.26094 3.65799,
	1.2559 3.65673,
	1.24581 3.66303,
	1.23572 3.66555,
	1.23068 3.66429,
	1.22816 3.6542,
	1.21807 3.64916,
	1.21429 3.64538,
	"/>
</Transform>

<Transform dim="6"
 xcoef=" 0.2180975517453 0.981768968674575 -0.0101441479276766 0 0 0"
 ycoef=" 0.170488000069512 0.00187191137695972 0.96135554390389 0 0 0">
<Contour name="d04p09" hidden="true" closed="true" simplified="false" border="0 1 0" fill="0 1 0" mode="9"
 points="2.22996 4.38066,
	2.22996 4.35344,
	2.25718 4.35344,
	2.25718 4.32622,
	2.2844 4.32622,
	2.2844 4.35344,
	2.31162 4.35344,
	2.31162 4.38066,
	2.2844 4.38066,
	2.2844 4.40788,
	2.25718 4.40788,
	2.25718 4.38066,
	"/>
</Transform>

<Transform dim="6"
 xcoef=" 0.2180975517453 0.981768968674575 -0.0101441479276766 0 0 0"
 ycoef=" 0.170488000069512 0.00187191137695972 0.96135554390389 0 0 0">
<Contour name="d04p22" comment="s_ especially those ones seen in the movie Home Alone where the" hidden="true" closed="true" simplified="false" border="0.5 0 1" fill="0.5 0 1" mode="13"
 points="1.27112 3.63388,
	1.26615 3.63222,
	1.27112 3.63056,
	1.26781 3.62559,
	1.27278 3.6289,
	1.27444 3.62393,
	1.2761 3.6289,
	1.28107 3.62559,
	1.27775 3.63056,
	1.28273 3.63222,
	1.27775 3.63388,
	1.28107 3.63885,
	1.2761 3.63553,
	1.27444 3.64051,
	1.27278 3.63553,
	1.26781 3.63885,
	"/>
</Transform>

<Transform dim="6"
 xcoef=" 0.2180975517453 0.981768968674575 -0.0101441479276766 0 0 0"
 ycoef=" 0.170488000069512 0.00187191137695972 0.96135554390389 0 0 0">
<Contour name="d04" hidden="true" closed="true" simplified="true" border="1 0 0" fill="1 0 0" mode="11"
 points="0.135212 2.63316,
	0.173348 2.57769,
	0.192417 2.54995,
	0.201084 2.53609,
	0.206284 2.52915,
	0.261756 2.51008,
	0.289492 2.50315,
	0.296426 2.49968,
	0.312027 2.52568,
	0.315494 2.53262,
	0.315494 2.58809,
	0.317227 2.61583,
	0.355364 2.72677,
	0.374432 2.78224,
	0.379633 2.79611,
	0.450706 2.90705,
	0.454173 2.91398,
	0.509644 2.95039,
	0.53738 2.96772,
	0.540847 2.96946,
	0.596318 2.95906,
	0.624054 2.95385,
	0.679525 2.98159,
	0.734997 3.00586,
	0.790468 3.02146,
	0.818204 3.02839,
	0.825138 3.03186,
	0.852874 3.05613,
	0.865008 3.07,
	0.897944 3.12547,
	0.915279 3.15321,
	0.92568 3.16707,
	0.929147 3.17401,
	0.923946 3.18788,
	0.922213 3.19481,
	0.894477 3.20694,
	0.866741 3.21561,
	0.839006 3.21908,
	0.832072 3.21908,
	0.809537 3.24681,
	0.783534 3.27455,
	0.7766 3.27975,
	0.748865 3.29015,
	0.734997 3.29535,
	0.679525 3.29362,
	0.676058 3.29362,
	0.65179 3.26588,
	0.639655 3.25201,
	0.627521 3.22428,
	0.62232 3.21041,
	0.568582 3.16361,
	0.554715 3.15321,
	0.549514 3.14627,
	0.535646 3.0908,
	0.526979 3.06306,
	0.523512 3.0492,
	0.412569 2.96426,
	0.398701 2.95385,
	0.370965 2.94345,
	0.315494 2.92959,
	0.287758 2.92785,
	0.27389 2.92785,
	0.266956 2.92785,
	0.230553 2.87411,
	0.218419 2.84638,
	0.180282 2.79091,
	0.169881 2.77704,
	0.164681 2.77011,
	0.140412 2.65916,
	0.136945 2.64529,
	0.136945 2.63836,
	0.135212 2.63489,
	"/>
</Transform>

<Transform dim="6"
 xcoef=" 0.2180975517453 0.981768968674575 -0.0101441479276766 0 0 0"
 ycoef=" 0.170488000069512 0.00187191137695972 0.96135554390389 0 0 0">
<Contour name="d04" hidden="true" closed="true" simplified="true" border="1 0 0" fill="1 0 0" mode="11"
 points="3.51602 2.79105,
	3.57558 2.65961,
	3.58585 2.59389,
	3.58585 2.58567,
	3.61871 2.56719,
	3.62282 2.56514,
	3.65568 2.5754,
	3.69675 2.64112,
	3.70702 2.65755,
	3.71113 2.66577,
	3.69881 2.73149,
	3.69881 2.74792,
	3.69675 2.75613,
	3.69675 2.76024,
	3.68443 2.77667,
	3.67622 2.78489,
	3.64336 2.79516,
	3.57764 2.80748,
	3.54478 2.81364,
	3.52835 2.80132,
	3.52013 2.79721,
	3.51602 2.7931,
	"/>
</Transform>

<Transform dim="6"
 xcoef=" 0.2180975517453 0.981768968674575 -0.0101441479276766 0 0 0"
 ycoef=" 0.170488000069512 0.00187191137695972 0.96135554390389 0 0 0">
<Contour name="d04c22" hidden="true" closed="true" simplified="true" border="0.5 0 1" fill="1 0 1" mode="11"
 points="0.327983 2.60212,
	0.329795 2.58762,
	0.331607 2.584,
	0.3606 2.64198,
	0.382345 2.75796,
	0.395029 2.78695,
	0.395029 2.80144,
	0.393217 2.80507,
	0.378721 2.80688,
	0.375096 2.80688,
	0.347916 2.7489,
	0.335231 2.7199,
	0.329795 2.70541,
	0.327983 2.64742,
	0.327983 2.61843,
	0.327983 2.60393,
	"/>
</Transform>

<Transform dim="6"
 xcoef=" 0.2180975517453 0.981768968674575 -0.0101441479276766 0 0 0"
 ycoef=" 0.170488000069512 0.00187191137695972 0.96135554390389 0 0 0">
<Contour name="d04cfa22" comment="s_ especially those ones seen in the movie Home Alone where the" hidden="true" closed="false" simplified="false" border="0.5 0 1" fill="0.5 0 1" mode="13"
 points="0.333363 2.58075,
	0.346048 2.70941,
	0.387725 2.7982,
	"/>
</Transform>

<Transform dim="6"
 xcoef=" 0.2180975517453 0.981768968674575 -0.0101441479276766 0 0 0"
 ycoef=" 0.170488000069512 0.00187191137695972 0.96135554390389 0 0 0">
<Contour name="d13c19b" hidden="true" closed="true" simplified="true" border="0 1 0" fill="0 1 0" mode="11"
 points="3.68392 3.0979,
	3.71359 3.08492,
	3.7173 3.08307,
	3.71915 3.08214,
	3.73492 3.11181,
	3.75532 3.14149,
	3.77386 3.17116,
	3.78313 3.18599,
	3.79055 3.20083,
	3.79426 3.20825,
	3.79148 3.21566,
	3.79148 3.22308,
	3.79055 3.22494,
	3.76088 3.23143,
	3.74604 3.23514,
	3.71637 3.22215,
	3.69597 3.19341,
	3.6867 3.17857,
	3.68485 3.1489,
	3.68485 3.11923,
	3.68392 3.1044,
	3.68392 3.10069,
	3.68392 3.09883,
	"/>
</Transform>

<Transform dim="6"
 xcoef=" 0.2180975517453 0.981768968674575 -0.0101441479276766 0 0 0"
 ycoef=" 0.170488000069512 0.00187191137695972 0.96135554390389 0 0 0">
<Contour name="d13cfa19b" hidden="true" closed="false" simplified="false" border="0 1 0" fill="0 1 0" mode="9"
 points="3.69824 3.09555,
	3.71401 3.16139,
	3.73441 3.20497,
	3.7854 3.22258,
	"/>
</Transform>

<Transform dim="6"
 xcoef=" 0.2180975517453 0.981768968674575 -0.0101441479276766 0 0 0"
 ycoef=" 0.170488000069512 0.00187191137695972 0.96135554390389 0 0 0">
<Contour name="d13c20a" hidden="true" closed="true" simplified="true" border="0 1 1" fill="0 1 1" mode="11"
 points="4.39636 0.873782,
	4.40436 0.864632,
	4.42266 0.865776,
	4.42724 0.865776,
	4.46384 0.884075,
	4.50043 0.906949,
	4.51873 0.918386,
	4.52788 0.924104,
	4.56448 0.934397,
	4.57363 0.936685,
	4.5782 0.938972,
	4.59079 0.957271,
	4.59422 0.961846,
	4.59536 0.96299,
	4.57935 0.981289,
	4.57477 0.983576,
	4.53818 0.989295,
	4.52903 0.982433,
	4.51073 0.965277,
	4.50615 0.961846,
	4.46955 0.946978,
	4.4604 0.942403,
	4.42495 0.905805,
	4.40894 0.887506,
	4.40093 0.878356,
	4.3975 0.874925,
	"/>
<Contour name="d13cfa20a" hidden="true" closed="false" simplified="false" border="0 1 1" fill="0 1 1" mode="9"
 points="4.39996 0.871561,
	4.47658 0.924171,
	4.58295 0.975637,
	"/>
</Transform>

<Transform dim="6"
 xcoef=" 0.2180975517453 0.981768968674575 -0.0101441479276766 0 0 0"
 ycoef=" 0.170488000069512 0.00187191137695972 0.96135554390389 0 0 0">
<Contour name="d13c23" hidden="true" closed="true" simplified="true" border="1 0 0.5" fill="1 0 0.5" mode="11"
 points="2.16138 -0.0607723,
	2.16667 -0.0748645,
	2.16931 -0.0819106,
	2.17371 -0.0880759,
	2.18076 -0.0924797,
	2.18428 -0.0942412,
	2.21247 -0.0880759,
	2.21423 -0.0880759,
	2.24505 -0.0317073,
	2.25298 -0.0176152,
	2.25386 -0.0167344,
	2.22568 -0.000880759,
	2.19749 -0.00176152,
	2.1834 -0.00440379,
	2.17988 -0.00528455,
	2.17459 -0.0114499,
	2.16667 -0.025542,
	2.16402 -0.0325881,
	2.16138 -0.0598916,
	"/>
</Transform>

<Transform dim="6"
 xcoef=" 0.2180975517453 0.981768968674575 -0.0101441479276766 0 0 0"
 ycoef=" 0.170488000069512 0.00187191137695972 0.96135554390389 0 0 0">
<Contour name="d13cfa23" hidden="true" closed="false" simplified="false" border="1 0 0.5" fill="1 0 0.5" mode="-13"
 points="2.16417 -0.0707423,
	2.19676 -0.0496041,
	2.24432 -0.013493,
	"/>
</Transform>

<Transform dim="6"
 xcoef=" 0.2180975517453 0.981768968674575 -0.0101441479276766 0 0 0"
 ycoef=" 0.170488000069512 0.00187191137695972 0.96135554390389 0 0 0">
<Contour name="d13p74" hidden="true" closed="true" simplified="false" border="1 0 0" fill="1 0 0" mode="-13"
 points="2.26192 2.07073,
	2.27919 2.04654,
	2.26192 2.02236,
	2.27228 2.02236,
	2.28611 2.04309,
	2.29993 2.02236,
	2.31029 2.02236,
	2.29302 2.04654,
	2.31029 2.07073,
	2.29993 2.07073,
	2.28611 2.05,
	2.27228 2.07073,
	"/>
</Transform>

<Transform dim="6"
 xcoef=" 0.2180975517453 0.981768968674575 -0.0101441479276766 0 0 0"
 ycoef=" 0.170488000069512 0.00187191137695972 0.96135554390389 0 0 0">
<Contour name="d13c74" hidden="true" closed="true" simplified="true" border="1 0 0" fill="1 0 0" mode="11"
 points="2.09916 1.86257,
	2.10776 1.83963,
	2.11063 1.8339,
	2.1221 1.8425,
	2.12783 1.84823,
	2.22104 2.03177,
	2.24254 2.07765,
	2.25401 2.09916,
	2.26548 2.10776,
	2.2956 2.15364,
	2.30993 2.17659,
	2.31854 2.18806,
	2.3214 2.19953,
	2.32284 2.22247,
	2.32427 2.2282,
	2.32284 2.23394,
	2.31137 2.23394,
	2.30563 2.23251,
	2.26692 2.18662,
	2.23251 2.14074,
	2.17945 2.04897,
	2.15221 2.00309,
	2.13931 1.98015,
	2.10776 1.88838,
	2.09916 1.86544,
	2.09916 1.86401,
	"/>
<Contour name="d13cfa74" hidden="true" closed="false" simplified="false" border="1 0 0" fill="1 0 0" mode="-13"
 points="2.11465 1.83779,
	2.16196 1.9654,
	2.31538 2.22923,
	"/>
</Transform>

<Transform dim="6"
 xcoef=" 0.2180975517453 0.981768968674575 -0.0101441479276766 0 0 0"
 ycoef=" 0.170488000069512 0.00187191137695972 0.96135554390389 0 0 0">
<Contour name="d01" hidden="false" closed="true" simplified="true" border="1 1 0" fill="1 0.5 0" mode="9"
 points="4.97267 4.33714,
	4.97645 4.322,
	4.99158 4.31633,
	4.99915 4.31255,
	5.02941 4.31444,
	5.03698 4.31444,
	5.06724 4.3239,
	5.07103 4.3239,
	5.10129 4.34092,
	5.11642 4.34849,
	5.13155 4.35983,
	5.14101 4.37307,
	5.15425 4.38631,
	5.16182 4.39199,
	5.16938 4.39388,
	5.18451 4.40523,
	5.18641 4.4128,
	5.18641 4.41658,
	5.19019 4.42036,
	5.1883 4.45062,
	5.17506 4.479,
	5.15236 4.50926,
	5.14479 4.51493,
	5.12966 4.51683,
	5.1221 4.51493,
	5.09183 4.49791,
	5.06535 4.47332,
	5.05022 4.46576,
	5.04644 4.46197,
	5.04265 4.46197,
	5.01806 4.43738,
	5.00861 4.42225,
	5.00482 4.41847,
	5.00482 4.41469,
	5.00104 4.4109,
	4.99915 4.40334,
	4.97834 4.37307,
	4.97267 4.35794,
	4.97267 4.34281,
	4.97267 4.33903,
	"/>
<Contour name="d01" hidden="false" closed="true" simplified="true" border="1 1 0" fill="1 0.5 0" mode="9"
 points="4.67193 2.54592,
	4.67571 2.53835,
	4.67571 2.53078,
	4.67949 2.52322,
	4.70976 2.5062,
	4.71732 2.5043,
	4.7211 2.50052,
	4.73624 2.49485,
	4.75137 2.49295,
	4.75893 2.49295,
	4.77407 2.49863,
	4.79865 2.51944,
	4.81189 2.5497,
	4.81568 2.56483,
	4.8327 2.59509,
	4.8327 2.59888,
	4.83838 2.60644,
	4.84405 2.63671,
	4.84216 2.65184,
	4.84027 2.6594,
	4.82703 2.67264,
	4.81946 2.67832,
	4.81568 2.6821,
	4.80055 2.68021,
	4.79298 2.67643,
	4.77785 2.67643,
	4.76272 2.6821,
	4.74758 2.68021,
	4.74002 2.68021,
	4.73624 2.67643,
	4.73245 2.67643,
	4.71732 2.66508,
	4.71165 2.6613,
	4.69652 2.64616,
	4.69084 2.6386,
	4.68895 2.63103,
	4.67949 2.6159,
	4.68328 2.58564,
	4.68706 2.57807,
	4.68895 2.57429,
	4.68138 2.55916,
	4.67193 2.54781,
	"/>
<Contour name="d01" hidden="false" closed="true" simplified="true" border="1 1 0" fill="1 0.5 0" mode="9"
 points="4.11962 3.50111,
	4.1234 3.47084,
	4.12529 3.45571,
	4.13097 3.44058,
	4.13097 3.43301,
	4.14042 3.40275,
	4.1461 3.37249,
	4.14799 3.35736,
	4.15366 3.34222,
	4.15556 3.32709,
	4.15745 3.31953,
	4.15745 3.31574,
	4.16123 3.31196,
	4.17825 3.25143,
	4.18014 3.2363,
	4.1896 3.20604,
	4.19717 3.19091,
	4.19906 3.17577,
	4.20473 3.16064,
	4.21419 3.14551,
	4.22176 3.13984,
	4.25202 3.13605,
	4.26715 3.13227,
	4.27093 3.13227,
	4.28418 3.12281,
	4.29931 3.11714,
	4.30687 3.10957,
	4.31444 3.10579,
	4.32957 3.1039,
	4.3447 3.09822,
	4.35983 3.09822,
	4.37497 3.09444,
	4.38253 3.09066,
	4.4128 3.10012,
	4.42793 3.1039,
	4.44306 3.09822,
	4.44684 3.09444,
	4.47711 3.10012,
	4.50737 3.10957,
	4.51493 3.11147,
	4.52817 3.1266,
	4.54331 3.13416,
	4.55844 3.13795,
	4.57357 3.14551,
	4.6341 3.16632,
	4.66436 3.17199,
	4.67949 3.17199,
	4.70786 3.18145,
	4.73813 3.20036,
	4.76461 3.22874,
	4.76839 3.2363,
	4.77217 3.23819,
	4.77028 3.25333,
	4.76272 3.26846,
	4.75893 3.28359,
	4.76461 3.31385,
	4.76272 3.32142,
	4.76272 3.3252,
	4.75704 3.33277,
	4.75515 3.34033,
	4.74948 3.3479,
	4.74758 3.35546,
	4.71165 3.4141,
	4.70786 3.42923,
	4.69841 3.44436,
	4.69273 3.4595,
	4.68706 3.48976,
	4.68517 3.50489,
	4.67571 3.53515,
	4.67571 3.54272,
	4.66247 3.57298,
	4.65679 3.58811,
	4.6549 3.61838,
	4.64545 3.67891,
	4.64166 3.68269,
	4.63977 3.71295,
	4.6341 3.74322,
	4.63221 3.77348,
	4.62653 3.78672,
	4.62653 3.79429,
	4.61707 3.80942,
	4.60383 3.82266,
	4.5887 3.83211,
	4.55844 3.83211,
	4.54331 3.82833,
	4.53952 3.82833,
	4.53196 3.82266,
	4.51683 3.81698,
	4.48656 3.81698,
	4.47143 3.81509,
	4.45819 3.80185,
	4.44306 3.79239,
	4.44117 3.78861,
	4.44306 3.78104,
	4.44117 3.77348,
	4.43171 3.76024,
	4.42793 3.75267,
	4.4128 3.74322,
	4.40901 3.73943,
	4.39388 3.73754,
	4.38631 3.73754,
	4.35605 3.72808,
	4.34849 3.72241,
	4.3447 3.72241,
	4.32957 3.71295,
	4.32579 3.70917,
	4.322 3.70917,
	4.31822 3.70539,
	4.28796 3.69971,
	4.27283 3.69404,
	4.26715 3.69025,
	4.25391 3.67512,
	4.24256 3.66377,
	4.23689 3.64864,
	4.22176 3.63729,
	4.21419 3.6354,
	4.18582 3.60514,
	4.17258 3.5919,
	4.16501 3.58622,
	4.16123 3.58244,
	4.15745 3.58244,
	4.13475 3.55407,
	4.12151 3.53894,
	4.11962 3.50867,
	4.11962 3.503,
	"/>
</Transform>

<Transform dim="6"
 xcoef=" 0.2180975517453 0.981768968674575 -0.0101441479276766 0 0 0"
 ycoef=" 0.170488000069512 0.00187191137695972 0.96135554390389 0 0 0">
<Contour name="d03" hidden="false" closed="true" simplified="true" border="1 0 0.5" fill="1 0 0.5" mode="11"
 points="6.22121 0.312463,
	6.22922 0.298442,
	6.24525 0.284421,
	6.25126 0.280415,
	6.25927 0.272403,
	6.26728 0.268397,
	6.2833 0.254377,
	6.30534 0.222329,
	6.31936 0.190282,
	6.32737 0.174258,
	6.32937 0.166246,
	6.33538 0.158234,
	6.33939 0.154228,
	6.33939 0.150222,
	6.34339 0.146217,
	6.34339 0.142211,
	6.3474 0.138205,
	6.3474 0.134199,
	6.35341 0.12819,
	6.35341 0.124184,
	6.38145 0.0941394,
	6.39747 0.0801186,
	6.45956 0.0460682,
	6.4856 0.0180267,
	6.49762 0.00400593,
	6.51364 -0.0280415,
	6.51965 -0.0440652,
	6.5497 -0.0660979,
	6.56172 -0.0801186,
	6.59777 -0.142211,
	6.60778 -0.156231,
	6.6178 -0.188279,
	6.6178 -0.204303,
	6.6218 -0.220326,
	6.6218 -0.228338,
	6.62781 -0.244362,
	6.62781 -0.248368,
	6.63382 -0.25638,
	6.63583 -0.264391,
	6.65786 -0.294436,
	6.67188 -0.306454,
	6.70393 -0.320475,
	6.71995 -0.320475,
	6.72796 -0.318472,
	6.73597 -0.312463,
	6.74599 -0.296439,
	6.74599 -0.292433,
	6.74999 -0.288427,
	6.74999 -0.280415,
	6.754 -0.272403,
	6.756 -0.240356,
	6.75801 -0.224332,
	6.77804 -0.192285,
	6.78405 -0.178264,
	6.78805 -0.170252,
	6.78805 -0.166246,
	6.79406 -0.158234,
	6.79606 -0.150222,
	6.80007 -0.146217,
	6.80407 -0.114169,
	6.81008 -0.0981453,
	6.82811 -0.0660979,
	6.83612 -0.0340504,
	6.84213 -0.0180267,
	6.84814 0.0460682,
	6.84814 0.0781157,
	6.84814 0.0941394,
	6.84413 0.110163,
	6.84213 0.142211,
	6.84013 0.158234,
	6.83813 0.166246,
	6.84013 0.18227,
	6.85415 0.198294,
	6.86617 0.210311,
	6.8902 0.240356,
	6.92225 0.262389,
	6.93827 0.268397,
	6.95229 0.280415,
	6.9583 0.288427,
	6.9563 0.304451,
	6.9543 0.312463,
	6.94028 0.322477,
	6.90823 0.32448,
	6.90022 0.32448,
	6.86817 0.338501,
	6.85215 0.34451,
	6.83612 0.34451,
	6.80407 0.354525,
	6.79606 0.358531,
	6.79206 0.358531,
	6.76402 0.378561,
	6.70994 0.430638,
	6.70393 0.43865,
	6.67789 0.458679,
	6.66186 0.468694,
	6.62982 0.470697,
	6.6218 0.4727,
	6.6178 0.4727,
	6.60979 0.478709,
	6.60578 0.478709,
	6.54169 0.514762,
	6.50964 0.520771,
	6.47759 0.520771,
	6.44554 0.532789,
	6.4135 0.548813,
	6.38145 0.558827,
	6.36543 0.562833,
	6.3494 0.56083,
	6.34139 0.558827,
	6.33338 0.552819,
	6.32537 0.550816,
	6.30934 0.538798,
	6.30133 0.530786,
	6.28931 0.498738,
	6.29132 0.490727,
	6.29332 0.488724,
	6.28931 0.4727,
	6.28531 0.468694,
	6.2813 0.45267,
	6.27329 0.436647,
	6.27129 0.428635,
	6.26528 0.420623,
	6.26327 0.388575,
	6.25727 0.372552,
	6.24725 0.358531,
	6.23924 0.350519,
	6.23123 0.348516,
	6.22522 0.342507,
	6.22121 0.326483,
	6.22121 0.318472,
	6.22121 0.314466,
	"/>
</Transform>

<Transform dim="6"
 xcoef=" 0.2180975517453 0.981768968674575 -0.0101441479276766 0 0 0"
 ycoef=" 0.170488000069512 0.00187191137695972 0.96135554390389 0 0 0">
<Contour name="d02" hidden="true" closed="true" simplified="true" border="0.5 0 1" fill="0.5 0 1" mode="-11"
 points="6.97059 4.33635,
	6.97699 4.31929,
	6.98765 4.30223,
	7.00258 4.28516,
	7.01325 4.2681,
	7.03031 4.2553,
	7.04738 4.24677,
	7.06444 4.2425,
	7.13269 4.24677,
	7.16682 4.25957,
	7.18175 4.27236,
	7.19242 4.2873,
	7.22015 4.32142,
	7.23081 4.33849,
	7.23294 4.34702,
	7.24148 4.35342,
	7.24361 4.38755,
	7.24148 4.40461,
	7.24148 4.41314,
	7.22868 4.42594,
	7.21162 4.43874,
	7.17962 4.4558,
	7.14549 4.4622,
	7.07724 4.46433,
	7.06017 4.46647,
	7.02605 4.46007,
	7.01111 4.4494,
	7.00045 4.43234,
	6.99832 4.42381,
	6.98978 4.41954,
	6.98552 4.41527,
	6.98339 4.40674,
	6.97272 4.38968,
	6.97059 4.35555,
	6.97059 4.33849,
	"/>
<Contour name="d02" hidden="true" closed="true" simplified="true" border="0.5 0 1" fill="0.5 0 1" mode="-11"
 points="6.01501 4.60511,
	6.02568 4.57098,
	6.02568 4.55392,
	6.02994 4.53685,
	6.03847 4.51979,
	6.0726 4.49846,
	6.08967 4.48993,
	6.10673 4.47713,
	6.12379 4.47073,
	6.12806 4.4686,
	6.12593 4.46007,
	6.10246 4.43021,
	6.0918 4.41314,
	6.0854 4.40461,
	6.08113 4.38755,
	6.07687 4.37901,
	6.07474 4.36195,
	6.06407 4.34489,
	6.03421 4.31502,
	6.02781 4.30649,
	6.02994 4.28943,
	6.05341 4.25957,
	6.06834 4.24464,
	6.08327 4.23397,
	6.08967 4.22971,
	6.09393 4.19558,
	6.08967 4.16145,
	6.0854 4.14439,
	6.08327 4.11026,
	6.08327 4.09319,
	6.08753 4.08466,
	6.09607 4.07613,
	6.11313 4.0676,
	6.13019 4.0676,
	6.14726 4.07186,
	6.18138 4.06973,
	6.19845 4.06973,
	6.20698 4.06973,
	6.22191 4.0804,
	6.22831 4.08893,
	6.23258 4.12306,
	6.24537 4.15718,
	6.24964 4.19131,
	6.24964 4.19984,
	6.24111 4.21691,
	6.23471 4.22544,
	6.23044 4.2425,
	6.22831 4.25103,
	6.24324 4.31929,
	6.24111 4.33635,
	6.24751 4.35342,
	6.24964 4.36195,
	6.24964 4.36622,
	6.25604 4.37475,
	6.25817 4.38328,
	6.26244 4.38755,
	6.26244 4.39181,
	6.2731 4.40888,
	6.2795 4.41741,
	6.2795 4.42167,
	6.29017 4.43874,
	6.29657 4.44727,
	6.30296 4.46433,
	6.3051 4.49846,
	6.3051 4.51552,
	6.3051 4.52406,
	6.31363 4.54112,
	6.34562 4.56245,
	6.36055 4.57312,
	6.40321 4.64137,
	6.40748 4.64564,
	6.40961 4.65417,
	6.43308 4.6883,
	6.45014 4.72242,
	6.45654 4.73949,
	6.45867 4.75655,
	6.45441 4.77362,
	6.45441 4.77788,
	6.44801 4.78641,
	6.44374 4.80348,
	6.44374 4.82054,
	6.43948 4.82907,
	6.42241 4.83974,
	6.40535 4.84187,
	6.38828 4.83974,
	6.37975 4.83974,
	6.37549 4.83974,
	6.37122 4.83547,
	6.35416 4.83121,
	6.34989 4.83121,
	6.34562 4.82694,
	6.3115 4.81628,
	6.30296 4.81414,
	6.2987 4.80988,
	6.26457 4.79708,
	6.2603 4.79281,
	6.22618 4.78001,
	6.19205 4.77575,
	6.17499 4.77575,
	6.14086 4.76508,
	6.10673 4.75868,
	6.08967 4.75655,
	6.0726 4.75015,
	6.05554 4.73949,
	6.04701 4.73309,
	6.04487 4.71603,
	6.04701 4.69896,
	6.04701 4.6947,
	6.04274 4.69043,
	6.04274 4.68616,
	6.03847 4.6819,
	6.03634 4.66483,
	6.03847 4.6563,
	6.02994 4.63924,
	6.01714 4.62431,
	6.01501 4.60724,
	"/>
<Contour name="d02" hidden="true" closed="true" simplified="true" border="0.5 0 1" fill="0.5 0 1" mode="-11"
 points="4.62431 2.78994,
	4.63071 2.78141,
	4.66483 2.76648,
	4.69896 2.76221,
	4.70749 2.76221,
	4.71176 2.75795,
	4.72882 2.75581,
	4.76295 2.74515,
	4.78001 2.73448,
	4.79708 2.72809,
	4.80561 2.72382,
	4.82267 2.72382,
	4.83121 2.72382,
	4.83547 2.72382,
	4.86533 2.75155,
	4.89733 2.77288,
	4.91439 2.78354,
	4.93146 2.79847,
	4.94639 2.80701,
	4.98052 2.8134,
	4.99758 2.82194,
	5.00184 2.82194,
	5.00398 2.8262,
	5.00824 2.8262,
	5.02104 2.84113,
	5.02744 2.8582,
	5.03171 2.86673,
	5.03171 2.87099,
	5.04664 2.88806,
	5.0829 2.95418,
	5.10423 2.98404,
	5.10636 2.99257,
	5.10423 3.00111,
	5.10423 3.00537,
	5.0893 3.02244,
	5.02104 3.02884,
	5.00398 3.02244,
	4.99545 3.01817,
	4.99118 3.01817,
	4.98265 3.01177,
	4.96558 3.00751,
	4.94852 2.99897,
	4.94425 2.99897,
	4.93999 2.99471,
	4.90799 2.97978,
	4.89946 2.97338,
	4.8888 2.95631,
	4.87387 2.94352,
	4.83974 2.92645,
	4.83547 2.92219,
	4.82694 2.92005,
	4.81841 2.91365,
	4.78428 2.90299,
	4.75015 2.88593,
	4.73309 2.87739,
	4.72882 2.87313,
	4.6947 2.87313,
	4.68616 2.86886,
	4.6819 2.86886,
	4.67763 2.8646,
	4.67337 2.8646,
	4.64137 2.84113,
	4.63071 2.82407,
	4.62431 2.80701,
	4.62431 2.79207,
	"/>
</Transform>

<Transform dim="6"
 xcoef=" 0.2180975517453 0.981768968674575 -0.0101441479276766 0 0 0"
 ycoef=" 0.170488000069512 0.00187191137695972 0.96135554390389 0 0 0">
<Contour name="d02" hidden="true" closed="true" simplified="true" border="0.5 0 1" fill="0.5 0 1" mode="-11"
 points="3.98868 2.58731,
	4.01214 2.55531,
	4.04414 2.52332,
	4.0612 2.51905,
	4.07826 2.51905,
	4.11239 2.52758,
	4.12945 2.54252,
	4.14652 2.54891,
	4.15505 2.55318,
	4.17851 2.58731,
	4.19131 2.60437,
	4.19558 2.6129,
	4.21051 2.62783,
	4.21477 2.6449,
	4.21691 2.65343,
	4.21691 2.6577,
	4.24464 2.68543,
	4.27236 2.71742,
	4.30436 2.74515,
	4.33849 2.74728,
	4.35555 2.74941,
	4.37261 2.75795,
	4.38968 2.77074,
	4.39821 2.77714,
	4.40248 2.79421,
	4.40248 2.80274,
	4.40248 2.80701,
	4.39394 2.8134,
	4.37688 2.81554,
	4.35982 2.81127,
	4.29156 2.8262,
	4.25743 2.8262,
	4.22331 2.82194,
	4.15505 2.8262,
	4.12092 2.8262,
	4.10386 2.8262,
	4.06973 2.81127,
	4.0612 2.80701,
	4.05693 2.80701,
	4.02494 2.77928,
	4.01641 2.76221,
	4.01427 2.74515,
	4.01641 2.73662,
	4.01427 2.73022,
	4.01214 2.73235,
	4.00787 2.72382,
	3.99721 2.65556,
	3.99294 2.6385,
	3.99294 2.62144,
	3.98868 2.60437,
	3.98868 2.58944,
	"/>
</Transform>

<Transform dim="6"
 xcoef=" 0.2180975517453 0.981768968674575 -0.0101441479276766 0 0 0"
 ycoef=" 0.170488000069512 0.00187191137695972 0.96135554390389 0 0 0">
<Contour name="d02" hidden="true" closed="true" simplified="true" border="0.5 0 1" fill="0.5 0 1" mode="-11"
 points="5.23434 3.09283,
	5.24287 3.07576,
	5.24714 3.0587,
	5.24714 3.05017,
	5.2578 3.01604,
	5.26207 3.00751,
	5.27913 2.99471,
	5.2962 2.99257,
	5.31326 2.99897,
	5.32393 3.01604,
	5.32819 3.05017,
	5.32819 3.06723,
	5.32606 3.0715,
	5.33672 3.08856,
	5.37085 3.11202,
	5.38791 3.12055,
	5.42204 3.12269,
	5.43911 3.12055,
	5.47323 3.10136,
	5.50523 3.0715,
	5.50949 3.06296,
	5.51803 3.05443,
	5.52016 3.0459,
	5.53296 3.02884,
	5.53722 3.0203,
	5.54362 2.95205,
	5.54576 2.91792,
	5.54789 2.90086,
	5.55215 2.89659,
	5.55215 2.88806,
	5.56282 2.87099,
	5.56495 2.86246,
	5.57348 2.85606,
	5.60761 2.84753,
	5.62468 2.83047,
	5.63321 2.82194,
	5.66734 2.80701,
	5.70146 2.79634,
	5.70573 2.79207,
	5.70573 2.78781,
	5.77398 2.79421,
	5.80811 2.79207,
	5.82518 2.79207,
	5.84224 2.78781,
	5.8593 2.78781,
	5.86784 2.79207,
	5.8721 2.79634,
	5.88917 2.79207,
	5.95742 2.78781,
	5.96595 2.78781,
	5.98302 2.79634,
	6.00008 2.80061,
	6.01714 2.80061,
	6.05127 2.79207,
	6.11953 2.80274,
	6.13659 2.80061,
	6.15366 2.79421,
	6.17072 2.79421,
	6.18778 2.78994,
	6.22191 2.79207,
	6.25604 2.78354,
	6.29017 2.76648,
	6.32429 2.75795,
	6.35842 2.73662,
	6.39255 2.70889,
	6.40961 2.69182,
	6.41601 2.68756,
	6.43308 2.67049,
	6.44374 2.65343,
	6.44801 2.63637,
	6.46507 2.60224,
	6.48 2.58518,
	6.48853 2.56811,
	6.49493 2.55958,
	6.512 2.55745,
	6.52906 2.54891,
	6.54612 2.54891,
	6.55466 2.55318,
	6.57172 2.54891,
	6.58878 2.54891,
	6.59305 2.55745,
	6.59305 2.57451,
	6.59092 2.58304,
	6.57599 2.60011,
	6.55892 2.61077,
	6.53973 2.6449,
	6.53119 2.66196,
	6.53119 2.67903,
	6.53546 2.68756,
	6.55039 2.70462,
	6.55892 2.71315,
	6.59305 2.72809,
	6.61011 2.73448,
	6.62718 2.74728,
	6.63144 2.74941,
	6.64851 2.74088,
	6.66557 2.72809,
	6.68264 2.71102,
	6.71676 2.68969,
	6.73383 2.67476,
	6.74023 2.66623,
	6.80848 2.62783,
	6.84261 2.60437,
	6.87674 2.58518,
	6.89167 2.57238,
	6.89807 2.56385,
	6.9002 2.55531,
	6.91726 2.54038,
	6.9258 2.53398,
	6.93646 2.51692,
	6.94713 2.48279,
	6.98339 2.41454,
	6.99192 2.39747,
	6.99618 2.38894,
	7.00045 2.35481,
	7.00258 2.33775,
	6.99192 2.30362,
	6.98552 2.28656,
	6.99832 2.25243,
	7.00045 2.2439,
	6.99192 2.20977,
	6.98552 2.19271,
	6.98339 2.17564,
	6.98125 2.16711,
	6.99192 2.13298,
	7.00472 2.11592,
	7.01111 2.08179,
	7.04311 2.01354,
	7.06017 1.97941,
	7.06444 1.97088,
	7.0943 1.93675,
	7.1071 1.91968,
	7.12416 1.88556,
	7.13483 1.86849,
	7.14549 1.83437,
	7.15189 1.80024,
	7.17535 1.73198,
	7.18815 1.69785,
	7.19668 1.68079,
	7.19455 1.66373,
	7.19882 1.64666,
	7.23081 1.6296,
	7.25214 1.59547,
	7.26281 1.56134,
	7.26494 1.52722,
	7.27134 1.49309,
	7.28414 1.45896,
	7.28627 1.45043,
	7.3204 1.42057,
	7.36946 1.35231,
	7.39079 1.31818,
	7.39932 1.30112,
	7.40358 1.28406,
	7.40358 1.27552,
	7.42278 1.2414,
	7.42918 1.235,
	7.44624 1.23073,
	7.45478 1.23073,
	7.4889 1.2158,
	7.49743 1.22007,
	7.50383 1.2286,
	7.5081 1.29685,
	7.5081 1.31392,
	7.51237 1.33098,
	7.51023 1.33951,
	7.48677 1.37364,
	7.45478 1.40564,
	7.45264 1.4227,
	7.45478 1.43976,
	7.45478 1.4483,
	7.44198 1.46536,
	7.42491 1.47602,
	7.39079 1.48669,
	7.35666 1.50589,
	7.33959 1.51655,
	7.31613 1.58481,
	7.3012 1.61893,
	7.2948 1.636,
	7.26067 1.66799,
	7.25427 1.67439,
	7.25214 1.69146,
	7.25427 1.70852,
	7.25001 1.72558,
	7.23508 1.75971,
	7.22441 1.79384,
	7.21801 1.82797,
	7.23081 1.86209,
	7.25001 1.89622,
	7.26281 1.91329,
	7.26707 1.92182,
	7.3012 1.94741,
	7.34173 2.01567,
	7.37159 2.08392,
	7.39505 2.15218,
	7.39505 2.16924,
	7.38439 2.18631,
	7.36732 2.20337,
	7.34813 2.2375,
	7.3332 2.27163,
	7.3268 2.28869,
	7.32466 2.32282,
	7.32893 2.33988,
	7.32893 2.35695,
	7.3204 2.39107,
	7.314 2.45933,
	7.31613 2.49346,
	7.30973 2.51052,
	7.29693 2.52758,
	7.27987 2.53825,
	7.24574 2.54678,
	7.22868 2.55531,
	7.21375 2.57238,
	7.19029 2.60651,
	7.18175 2.6129,
	7.16469 2.61504,
	7.13056 2.63423,
	7.09857 2.66836,
	7.0815 2.68329,
	7.06444 2.68969,
	7.05591 2.69396,
	7.02178 2.72595,
	7.00472 2.73662,
	6.98765 2.75155,
	6.97059 2.76008,
	6.93646 2.76648,
	6.90233 2.78141,
	6.8682 2.80274,
	6.85114 2.8134,
	6.83408 2.8198,
	6.81915 2.83047,
	6.81061 2.84753,
	6.80635 2.85606,
	6.77222 2.87953,
	6.73809 2.88379,
	6.70397 2.89232,
	6.69543 2.89446,
	6.69117 2.89446,
	6.68477 2.90299,
	6.68264 2.91152,
	6.67197 2.92859,
	6.66131 2.96271,
	6.62931 3.03097,
	6.61438 3.09922,
	6.62078 3.16748,
	6.63784 3.20161,
	6.63998 3.21014,
	6.63784 3.2272,
	6.62078 3.26133,
	6.60585 3.27839,
	6.59945 3.28693,
	6.59518 3.29119,
	6.59732 3.30826,
	6.60372 3.32532,
	6.60372 3.32959,
	6.60798 3.33385,
	6.60585 3.36798,
	6.59518 3.38504,
	6.58025 3.40211,
	6.57599 3.40637,
	6.57172 3.42344,
	6.56106 3.4405,
	6.55466 3.44903,
	6.55252 3.48316,
	6.55466 3.50022,
	6.55252 3.51729,
	6.55252 3.52582,
	6.55252 3.53009,
	6.54826 3.53435,
	6.54399 3.55142,
	6.53759 3.55995,
	6.53333 3.56421,
	6.53119 3.57275,
	6.51413 3.58554,
	6.49707 3.59408,
	6.4736 3.6282,
	6.45867 3.66233,
	6.45014 3.6794,
	6.44801 3.69646,
	6.43948 3.71352,
	6.43734 3.73059,
	6.44161 3.74765,
	6.44161 3.75618,
	6.44587 3.76471,
	6.48 3.77965,
	6.48853 3.77965,
	6.5056 3.78818,
	6.512 3.79671,
	6.51626 3.81377,
	6.5184 3.82231,
	6.5184 3.82657,
	6.50986 3.83297,
	6.44161 3.83724,
	6.3051 3.83297,
	6.23684 3.84577,
	6.21978 3.83937,
	6.20271 3.8287,
	6.18565 3.81164,
	6.16859 3.79884,
	6.16005 3.79244,
	6.14299 3.78818,
	6.13446 3.78818,
	6.12593 3.78391,
	6.11739 3.78391,
	6.10886 3.77965,
	6.1046 3.77965,
	6.10033 3.77538,
	6.0662 3.77111,
	6.04914 3.76471,
	6.04061 3.76471,
	6.02354 3.75618,
	6.01501 3.75405,
	6.00648 3.74765,
	5.99795 3.74552,
	5.98942 3.73912,
	5.95529 3.72845,
	5.94676 3.72206,
	5.92969 3.71779,
	5.92543 3.71779,
	5.92116 3.71352,
	5.88703 3.70926,
	5.86997 3.70926,
	5.85291 3.70499,
	5.84437 3.70286,
	5.82731 3.68579,
	5.81025 3.67726,
	5.77612 3.6666,
	5.75905 3.65807,
	5.75052 3.6538,
	5.73346 3.63887,
	5.72493 3.63247,
	5.71426 3.61541,
	5.71 3.60687,
	5.70786 3.60261,
	5.71213 3.59408,
	5.71639 3.58981,
	5.71 3.57275,
	5.70786 3.56421,
	5.6908 3.55142,
	5.68227 3.54502,
	5.67373 3.54288,
	5.6716 3.53862,
	5.66734 3.53862,
	5.66307 3.53435,
	5.6588 3.53435,
	5.65027 3.52795,
	5.61614 3.51729,
	5.60761 3.51089,
	5.60335 3.50236,
	5.58628 3.48743,
	5.58415 3.4789,
	5.58842 3.46183,
	5.58628 3.44477,
	5.56922 3.43197,
	5.53722 3.41917,
	5.52016 3.41064,
	5.50949 3.39571,
	5.51376 3.37864,
	5.52016 3.37011,
	5.52016 3.36585,
	5.48603 3.34665,
	5.46897 3.33599,
	5.4583 3.31892,
	5.4583 3.31039,
	5.4583 3.30612,
	5.44977 3.30186,
	5.44124 3.29333,
	5.42418 3.28693,
	5.40711 3.272,
	5.39858 3.26986,
	5.38152 3.25706,
	5.34739 3.24,
	5.33886 3.23574,
	5.32606 3.21867,
	5.30899 3.20161,
	5.27487 3.18028,
	5.24287 3.14615,
	5.23647 3.12909,
	5.23434 3.09496,
	"/>
</Transform>

<Transform dim="6"
 xcoef=" 0.2180975517453 0.981768968674575 -0.0101441479276766 0 0 0"
 ycoef=" 0.170488000069512 0.00187191137695972 0.96135554390389 0 0 0">
<Contour name="d02" hidden="true" closed="true" simplified="true" border="0.5 0 1" fill="0.5 0 1" mode="-11"
 points="6.49734 2.05457,
	6.50865 2.03949,
	6.52373 2.02441,
	6.53127 2.01687,
	6.54635 2.00933,
	6.55389 2.00368,
	6.55766 1.99614,
	6.55954 1.99237,
	6.53127 1.97163,
	6.52373 1.96409,
	6.52185 1.95655,
	6.53504 1.92639,
	6.53881 1.91886,
	6.51996 1.8887,
	6.51054 1.87362,
	6.51431 1.84346,
	6.51996 1.83592,
	6.52185 1.82838,
	6.53316 1.8133,
	6.54823 1.80387,
	6.552 1.79634,
	6.552 1.79257,
	6.56708 1.77937,
	6.58216 1.7756,
	6.61232 1.77937,
	6.67264 1.80764,
	6.68772 1.82084,
	6.69526 1.82838,
	6.72542 1.84346,
	6.7405 1.851,
	6.75558 1.85288,
	6.76312 1.85288,
	6.7782 1.86608,
	6.78385 1.87362,
	6.78762 1.8887,
	6.78762 1.89624,
	6.79516 1.91132,
	6.8027 1.91697,
	6.83286 1.91509,
	6.84794 1.91132,
	6.8781 1.91132,
	6.89318 1.90943,
	6.92334 1.89812,
	6.93841 1.89058,
	6.9648 1.86042,
	6.97423 1.83026,
	6.98365 1.81518,
	6.98742 1.81141,
	7.0025 1.80953,
	7.01004 1.80953,
	7.01758 1.80387,
	7.02135 1.80387,
	7.03643 1.7888,
	7.06659 1.7756,
	7.08167 1.76995,
	7.09675 1.76052,
	7.11183 1.75864,
	7.12691 1.76052,
	7.13256 1.7756,
	7.11748 1.83592,
	7.10806 1.86608,
	7.07978 1.92639,
	7.07413 1.94147,
	7.0647 1.95655,
	7.06093 1.96409,
	7.05717 1.96786,
	7.05528 1.9754,
	7.01381 2.03572,
	6.99873 2.0508,
	6.98365 2.06211,
	6.9648 2.09227,
	6.93841 2.12243,
	6.92334 2.13185,
	6.90826 2.13562,
	6.89318 2.14882,
	6.8781 2.15447,
	6.86302 2.15636,
	6.85548 2.15824,
	6.8404 2.15259,
	6.82532 2.1507,
	6.79516 2.15447,
	6.765 2.15259,
	6.74992 2.1507,
	6.74238 2.1507,
	6.71222 2.13751,
	6.68206 2.12997,
	6.66699 2.12997,
	6.63683 2.12054,
	6.60667 2.11677,
	6.57839 2.08661,
	6.56331 2.07907,
	6.53316 2.0753,
	6.52562 2.07719,
	6.51054 2.07153,
	6.503 2.06776,
	6.49923 2.06022,
	6.49734 2.05645,
	"/>
</Transform>

<Transform dim="6"
 xcoef=" 0.2180975517453 0.981768968674575 -0.0101441479276766 0 0 0"
 ycoef=" 0.170488000069512 0.00187191137695972 0.96135554390389 0 0 0">
<Contour name="d02" hidden="true" closed="true" simplified="true" border="0.5 0 1" fill="0.5 0 1" mode="-11"
 points="7.02681 3.08692,
	7.03108 3.08265,
	7.03108 3.07837,
	7.03536 3.0741,
	7.03536 3.06982,
	7.05032 3.05486,
	7.05888 3.04844,
	7.06315 3.04417,
	7.08025 3.03989,
	7.0888 3.03989,
	7.09736 3.03562,
	7.13156 3.03562,
	7.14011 3.03775,
	7.14652 3.04417,
	7.14866 3.04844,
	7.16576 3.0463,
	7.18287 3.04844,
	7.19142 3.05486,
	7.20638 3.08906,
	7.21493 3.10616,
	7.21921 3.12326,
	7.21493 3.14037,
	7.21066 3.14892,
	7.19355 3.15961,
	7.185 3.16388,
	7.1166 3.16602,
	7.09949 3.16602,
	7.08239 3.15961,
	7.07384 3.15747,
	7.05674 3.14678,
	7.04177 3.13181,
	7.03108 3.11471,
	7.02681 3.09761,
	7.02681 3.08906,
	"/>
</Transform>

<Transform dim="6"
 xcoef=" 0.2180975517453 0.981768968674575 -0.0101441479276766 0 0 0"
 ycoef=" 0.170488000069512 0.00187191137695972 0.96135554390389 0 0 0">
<Contour name="d02" hidden="true" closed="true" simplified="true" border="0.5 0 1" fill="0.5 0 1" mode="-11"
 points="5.16892 2.60612,
	5.17804 2.58788,
	5.21452 2.55368,
	5.22364 2.54456,
	5.23048 2.52632,
	5.23048 2.5172,
	5.2396 2.49896,
	5.25784 2.49668,
	5.26696 2.49668,
	5.30344 2.53316,
	5.31028 2.56964,
	5.3194 2.57876,
	5.33764 2.61524,
	5.33993 2.62436,
	5.35133 2.6426,
	5.35589 2.67908,
	5.35817 2.69732,
	5.34449 2.77029,
	5.3308 2.80677,
	5.31484 2.82501,
	5.308 2.83413,
	5.28976 2.83185,
	5.27152 2.81817,
	5.24644 2.78169,
	5.23276 2.76573,
	5.22364 2.72924,
	5.2168 2.711,
	5.21224 2.70188,
	5.20996 2.6654,
	5.194 2.64944,
	5.18488 2.6426,
	5.18032 2.6426,
	5.17348 2.63348,
	5.16892 2.62892,
	5.16892 2.61068,
	5.16892 2.6084,
	"/>
</Transform>

<Transform dim="6"
 xcoef=" 0.2180975517453 0.981768968674575 -0.0101441479276766 0 0 0"
 ycoef=" 0.170488000069512 0.00187191137695972 0.96135554390389 0 0 0">
<Contour name="d02p21dia" hidden="true" closed="false" simplified="true" border="1 0.5 0" fill="1 0.5 0" mode="11"
 points="6.01664 4.60871,
	6.46079 4.76505,
	"/>
</Transform>

<Transform dim="6"
 xcoef=" 0.2180975517453 0.981768968674575 -0.0101441479276766 0 0 0"
 ycoef=" 0.170488000069512 0.00187191137695972 0.96135554390389 0 0 0">
<Contour name="d01ax11ssvr" hidden="true" closed="true" simplified="false" border="0 1 0.25098" fill="0 0 1" mode="-11"
 points="4.95861 4.46981,
	4.94676 4.45796,
	4.95861 4.4461,
	4.97047 4.45796,
	"/>
<Contour name="d01ax11ssvr" hidden="true" closed="true" simplified="false" border="0 1 0.25098" fill="0 0 1" mode="-11"
 points="4.93321 4.50537,
	4.92136 4.49352,
	4.93321 4.48166,
	4.94507 4.49352,
	"/>
<Contour name="d01ax11ssvr" hidden="true" closed="true" simplified="false" border="0 1 0.25098" fill="0 0 1" mode="-11"
 points="4.93321 4.54431,
	4.92136 4.53246,
	4.93321 4.52061,
	4.94507 4.53246,
	"/>
<Contour name="d01ax11ssvr" hidden="true" closed="true" simplified="false" border="0 1 0.25098" fill="0 0 1" mode="-11"
 points="4.92306 4.61035,
	4.9112 4.5985,
	4.92306 4.58664,
	4.93491 4.5985,
	"/>
<Contour name="d01ax11ssvr" hidden="true" closed="true" simplified="false" border="0 1 0.25098" fill="0 0 1" mode="-11"
 points="4.90274 4.55955,
	4.89088 4.5477,
	4.90274 4.53585,
	4.91459 4.5477,
	"/>
<Contour name="d01ax11ssvr" hidden="true" closed="true" simplified="false" border="0 1 0.25098" fill="0 0 1" mode="-11"
 points="4.87734 4.53585,
	4.86548 4.52399,
	4.87734 4.51214,
	4.88919 4.52399,
	"/>
<Contour name="d01ax11ssvr" hidden="true" closed="true" simplified="false" border="0 1 0.25098" fill="0 0 1" mode="-11"
 points="4.87395 4.50876,
	4.8621 4.4969,
	4.87395 4.48505,
	4.8858 4.4969,
	"/>
<Contour name="d01ax11ssvr" hidden="true" closed="true" simplified="false" border="0 1 0.25098" fill="0 0 1" mode="-11"
 points="4.83331 4.50706,
	4.82146 4.49521,
	4.83331 4.48336,
	4.84517 4.49521,
	"/>
<Contour name="d01ax11ssvr" hidden="true" closed="true" simplified="false" border="0 1 0.25098" fill="0 0 1" mode="-11"
 points="4.79945 4.53415,
	4.78759 4.5223,
	4.79945 4.51045,
	4.8113 4.5223,
	"/>
<Contour name="d01ax11ssvr" hidden="true" closed="true" simplified="false" border="0 1 0.25098" fill="0 0 1" mode="-11"
 points="4.78759 4.48844,
	4.77574 4.47658,
	4.78759 4.46473,
	4.79945 4.47658,
	"/>
<Contour name="d01ax11ssvr" hidden="true" closed="true" simplified="false" border="0 1 0.25098" fill="0 0 1" mode="-11"
 points="4.75542 4.52569,
	4.74357 4.51383,
	4.75542 4.50198,
	4.76728 4.51383,
	"/>
<Contour name="d01ax11ssvr" hidden="true" closed="true" simplified="false" border="0 1 0.25098" fill="0 0 1" mode="-11"
 points="4.74357 4.57818,
	4.73172 4.56633,
	4.74357 4.55447,
	4.75542 4.56633,
	"/>
<Contour name="d01ax11ssvr" hidden="true" closed="true" simplified="false" border="0 1 0.25098" fill="0 0 1" mode="-11"
 points="4.75881 4.5968,
	4.74696 4.58495,
	4.75881 4.5731,
	4.77066 4.58495,
	"/>
<Contour name="d01ax11ssvr" hidden="true" closed="true" simplified="false" border="0 1 0.25098" fill="0 0 1" mode="-11"
 points="4.74526 4.61712,
	4.73341 4.60527,
	4.74526 4.59342,
	4.75712 4.60527,
	"/>
<Contour name="d01ax11ssvr" hidden="true" closed="true" simplified="false" border="0 1 0.25098" fill="0 0 1" mode="-11"
 points="4.80283 4.57818,
	4.79098 4.56633,
	4.80283 4.55447,
	4.81469 4.56633,
	"/>
<Contour name="d01ax11ssvr" hidden="true" closed="true" simplified="false" border="0 1 0.25098" fill="0 0 1" mode="-11"
 points="4.85702 4.57818,
	4.84517 4.56633,
	4.85702 4.55447,
	4.86887 4.56633,
	"/>
<Contour name="d01ax11ssvr" hidden="true" closed="true" simplified="false" border="0 1 0.25098" fill="0 0 1" mode="-11"
 points="4.8604 4.60866,
	4.84855 4.5968,
	4.8604 4.58495,
	4.87226 4.5968,
	"/>
<Contour name="d01ax11ssvr" hidden="true" closed="true" simplified="false" border="0 1 0.25098" fill="0 0 1" mode="-11"
 points="4.83839 4.65437,
	4.82654 4.64252,
	4.83839 4.63067,
	4.85025 4.64252,
	"/>
<Contour name="d01ax11ssvr" hidden="true" closed="true" simplified="false" border="0 1 0.25098" fill="0 0 1" mode="-11"
 points="4.81638 4.6222,
	4.80453 4.61035,
	4.81638 4.5985,
	4.82823 4.61035,
	"/>
<Contour name="d01ax11ssvr" hidden="true" closed="true" simplified="false" border="0 1 0.25098" fill="0 0 1" mode="-11"
 points="4.88242 4.65268,
	4.87056 4.64083,
	4.88242 4.62898,
	4.89427 4.64083,
	"/>
<Contour name="d01ax11ssvr" hidden="true" closed="true" simplified="false" border="0 1 0.25098" fill="0 0 1" mode="-11"
 points="4.92983 4.66792,
	4.91798 4.65607,
	4.92983 4.64422,
	4.94168 4.65607,
	"/>
<Contour name="d01ax11ssvr" hidden="true" closed="true" simplified="false" border="0 1 0.25098" fill="0 0 1" mode="-11"
 points="4.90443 4.70687,
	4.89258 4.69501,
	4.90443 4.68316,
	4.91628 4.69501,
	"/>
<Contour name="d01ax11ssvr" hidden="true" closed="true" simplified="false" border="0 1 0.25098" fill="0 0 1" mode="-11"
 points="4.89766 4.75936,
	4.8858 4.7475,
	4.89766 4.73565,
	4.90951 4.7475,
	"/>
<Contour name="d01ax11ssvr" hidden="true" closed="true" simplified="false" border="0 1 0.25098" fill="0 0 1" mode="-11"
 points="4.8604 4.73565,
	4.84855 4.7238,
	4.8604 4.71195,
	4.87226 4.7238,
	"/>
<Contour name="d01ax11ssvr" hidden="true" closed="true" simplified="false" border="0 1 0.25098" fill="0 0 1" mode="-11"
 points="4.81469 4.71195,
	4.80283 4.70009,
	4.81469 4.68824,
	4.82654 4.70009,
	"/>
<Contour name="d01ax11ssvr" hidden="true" closed="true" simplified="false" border="0 1 0.25098" fill="0 0 1" mode="-11"
 points="4.81977 4.76105,
	4.80791 4.7492,
	4.81977 4.73734,
	4.83162 4.7492,
	"/>
<Contour name="d01ax11ssvr" hidden="true" closed="true" simplified="false" border="0 1 0.25098" fill="0 0 1" mode="-11"
 points="4.75881 4.75766,
	4.74696 4.74581,
	4.75881 4.73396,
	4.77066 4.74581,
	"/>
<Contour name="d01ax11ssvr" hidden="true" closed="true" simplified="false" border="0 1 0.25098" fill="0 0 1" mode="-11"
 points="4.74696 4.71533,
	4.7351 4.70348,
	4.74696 4.69163,
	4.75881 4.70348,
	"/>
<Contour name="d01ax11ssvr" hidden="true" closed="true" simplified="false" border="0 1 0.25098" fill="0 0 1" mode="-11"
 points="4.75712 4.67131,
	4.74526 4.65945,
	4.75712 4.6476,
	4.76897 4.65945,
	"/>
</Transform>

<Transform dim="6"
 xcoef=" 0.2180975517453 0.981768968674575 -0.0101441479276766 0 0 0"
 ycoef=" 0.170488000069512 0.00187191137695972 0.96135554390389 0 0 0">
<Contour name="ax09" hidden="true" closed="true" simplified="false" border="0 1 0" fill="0 1 0" mode="-9"
 points="3.77202 3.13996,
	3.77202 3.10737,
	3.80461 3.10737,
	3.80461 3.07478,
	3.83719 3.07478,
	3.83719 3.10737,
	3.86978 3.10737,
	3.86978 3.13996,
	3.83719 3.13996,
	3.83719 3.17254,
	3.80461 3.17254,
	3.80461 3.13996,
	"/>
</Transform>

<Transform dim="6"
 xcoef=" 0.2180975517453 0.981768968674575 -0.0101441479276766 0 0 0"
 ycoef=" 0.170488000069512 0.00187191137695972 0.96135554390389 0 0 0">
<Contour name="d13" hidden="true" closed="true" simplified="true" border="1 1 0" fill="1 1 0" mode="11"
 points="1.42981 0.353437,
	1.43945 0.327732,
	1.45552 0.305241,
	1.48122 0.289175,
	1.53263 0.279536,
	1.55833 0.269897,
	1.60974 0.263471,
	1.63545 0.263471,
	1.63866 0.266684,
	1.69007 0.257045,
	1.71577 0.260258,
	1.76718 0.295602,
	1.75754 0.34701,
	1.7704 0.398419,
	1.7704 0.411272,
	1.7479 0.436976,
	1.73184 0.462681,
	1.72863 0.475533,
	1.70613 0.491598,
	1.68043 0.498024,
	1.62902 0.498024,
	1.61617 0.498024,
	1.60332 0.488385,
	1.5005 0.456255,
	1.47479 0.453041,
	1.44909 0.436976,
	1.44588 0.411272,
	1.43302 0.385567,
	1.42981 0.359863,
	1.42981 0.35665,
	"/>
</Transform>

<Transform dim="6"
 xcoef=" 0.2180975517453 0.981768968674575 -0.0101441479276766 0 0 0"
 ycoef=" 0.170488000069512 0.00187191137695972 0.96135554390389 0 0 0">
<Contour name="d13SER" hidden="true" closed="true" simplified="true" border="0 1 0" fill="0 1 0" mode="-9"
 points="2.39974 2.23013,
	2.40917 2.21757,
	2.4343 2.20814,
	2.44686 2.21128,
	2.45314 2.22385,
	2.44686 2.23641,
	2.44058 2.23955,
	2.44058 2.24583,
	2.42801 2.2584,
	2.41545 2.2584,
	2.40917 2.2584,
	2.39974 2.24583,
	2.39974 2.23327,
	"/>
</Transform>

<Transform dim="6"
 xcoef=" 0.2180975517453 0.981768968674575 -0.0101441479276766 0 0 0"
 ycoef=" 0.170488000069512 0.00187191137695972 0.96135554390389 0 0 0">
<Contour name="d13SER" hidden="true" closed="true" simplified="true" border="0 1 0" fill="0 1 0" mode="-9"
 points="3.34205 2.34007,
	3.36718 2.32436,
	3.41744 2.32122,
	3.42058 2.3275,
	3.41116 2.35263,
	3.39859 2.36205,
	3.37346 2.36833,
	3.34833 2.36833,
	3.34205 2.36205,
	3.34205 2.34949,
	3.34205 2.34321,
	"/>
</Transform>

<Transform dim="6"
 xcoef=" 0.2180975517453 0.981768968674575 -0.0101441479276766 0 0 0"
 ycoef=" 0.170488000069512 0.00187191137695972 0.96135554390389 0 0 0">
<Contour name="d13SER" hidden="true" closed="true" simplified="true" border="0 1 0" fill="0 1 0" mode="-9"
 points="2.53481 0.568526,
	2.55994 0.555962,
	2.58507 0.552821,
	2.61019 0.555962,
	2.62276 0.562244,
	2.62904 0.565385,
	2.62904 0.577949,
	2.63532 0.590513,
	2.6416 0.596795,
	2.6416 0.609359,
	2.63218 0.618782,
	2.60705 0.618782,
	2.58192 0.606218,
	2.5568 0.599936,
	2.54423 0.593654,
	2.53481 0.58109,
	2.53481 0.571667,
	"/>
<Contour name="d13SER" hidden="true" closed="true" simplified="true" border="0 1 0" fill="0 1 0" mode="-9"
 points="2.23955 0.584231,
	2.26468 0.574808,
	2.27724 0.568526,
	2.30237 0.568526,
	2.32436 0.590513,
	2.31808 0.615641,
	2.29295 0.634487,
	2.26782 0.634487,
	2.25526 0.628205,
	2.24269 0.606218,
	2.23955 0.593654,
	2.23955 0.587372,
	"/>
<Contour name="d13SER" hidden="true" closed="true" simplified="true" border="0 1 0" fill="0 1 0" mode="-9"
 points="2.2584 0.76327,
	2.26782 0.753847,
	2.29295 0.756988,
	2.31808 0.766411,
	2.32122 0.772693,
	2.31494 0.785257,
	2.3118 0.791539,
	2.28667 0.791539,
	2.2741 0.788398,
	2.26154 0.778975,
	2.2584 0.766411,
	"/>
</Transform>

<Transform dim="6"
 xcoef=" 0.2180975517453 0.981768968674575 -0.0101441479276766 0 0 0"
 ycoef=" 0.170488000069512 0.00187191137695972 0.96135554390389 0 0 0">
<Contour name="d13SER" hidden="true" closed="true" simplified="true" border="0 1 0" fill="0 1 0" mode="-9"
 points="2.63532 2.10449,
	2.6416 2.09821,
	2.65417 2.09821,
	2.66045 2.10449,
	2.66045 2.11705,
	2.64789 2.12648,
	2.63532 2.11705,
	2.63532 2.10763,
	"/>
<Contour name="d13SER" hidden="true" closed="true" simplified="true" border="0 1 0" fill="0 1 0" mode="-9"
 points="2.83321 1.87519,
	2.84577 1.86577,
	2.8709 1.86891,
	2.88346 1.87833,
	2.8866 1.8909,
	2.88346 1.90346,
	2.88346 1.90974,
	2.8709 1.92231,
	2.84577 1.92231,
	2.83635 1.91289,
	2.83321 1.88776,
	2.83321 1.87833,
	"/>
<Contour name="d13SER" hidden="true" closed="true" simplified="true" border="0 1 0" fill="0 1 0" mode="-9"
 points="2.74526 1.75269,
	2.75782 1.74327,
	2.78295 1.74641,
	2.79551 1.75269,
	2.8018 1.76526,
	2.8018 1.77782,
	2.79551 1.79039,
	2.78295 1.79353,
	2.77667 1.79353,
	2.75468 1.77468,
	2.7484 1.76212,
	2.74526 1.75583,
	"/>
<Contour name="d13SER" hidden="true" closed="true" simplified="true" border="0 1 0" fill="0 1 0" mode="-9"
 points="2.55994 1.86577,
	2.5725 1.86263,
	2.58507 1.86577,
	2.59135 1.87833,
	2.58821 1.8909,
	2.58821 1.89718,
	2.57564 1.90032,
	2.56308 1.8909,
	2.55994 1.86891,
	"/>
<Contour name="d13SER" hidden="true" closed="true" simplified="true" border="0 1 0" fill="0 1 0" mode="-9"
 points="3.57449 1.91289,
	3.62475 1.90974,
	3.64987 1.90974,
	3.675 1.90346,
	3.68757 1.90346,
	3.70013 1.91289,
	3.70641 1.92545,
	3.70327 1.95058,
	3.68128 1.97257,
	3.66872 1.98199,
	3.64359 1.98513,
	3.6216 1.96942,
	3.60904 1.96314,
	3.58391 1.93801,
	3.57449 1.92545,
	3.57449 1.91603,
	"/>
<Contour name="d13SER" hidden="true" closed="true" simplified="true" border="0 1 0" fill="0 1 0" mode="-9"
 points="3.68442 1.70558,
	3.69071 1.69301,
	3.69699 1.68673,
	3.70955 1.68359,
	3.72212 1.70558,
	3.72212 1.71814,
	3.70955 1.72756,
	3.69699 1.72442,
	3.68757 1.715,
	3.68442 1.70872,
	"/>
<Contour name="d13SER" hidden="true" closed="true" simplified="true" border="0 1 0" fill="0 1 0" mode="-9"
 points="3.46141 1.74013,
	3.47398 1.72756,
	3.4991 1.71814,
	3.51167 1.72128,
	3.51481 1.73385,
	3.51167 1.74641,
	3.49282 1.76526,
	3.48654 1.77154,
	3.47398 1.77154,
	3.46141 1.76212,
	3.46141 1.74955,
	3.46141 1.74327,
	"/>
<Contour name="d13SER" hidden="true" closed="true" simplified="true" border="0 1 0" fill="0 1 0" mode="-9"
 points="3.52109 1.31609,
	3.53366 1.30667,
	3.55878 1.30667,
	3.57449 1.3318,
	3.58077 1.33808,
	3.58077 1.35064,
	3.57135 1.36321,
	3.54622 1.36635,
	3.53366 1.35692,
	3.52109 1.3318,
	3.52109 1.31923,
	"/>
<Contour name="d13SER" hidden="true" closed="true" simplified="true" border="0 1 0" fill="0 1 0" mode="-9"
 points="3.0468 0.866923,
	3.05308 0.860641,
	3.07821 0.860641,
	3.12846 0.882629,
	3.14103 0.888911,
	3.16301 0.910898,
	3.15987 0.923462,
	3.14731 0.923462,
	3.12218 0.914039,
	3.10962 0.914039,
	3.05936 0.88577,
	3.0468 0.876347,
	3.0468 0.870065,
	"/>
<Contour name="d13SER" hidden="true" closed="true" simplified="true" border="0 1 0" fill="0 1 0" mode="-9"
 points="2.95571 0.923462,
	2.96827 0.914039,
	2.9934 0.910898,
	3.00596 0.914039,
	3.01539 0.923462,
	3.01539 0.94859,
	3.00596 0.961154,
	2.9934 0.964295,
	2.98083 0.961154,
	2.95885 0.939167,
	2.95571 0.926603,
	"/>
<Contour name="d13SER" hidden="true" closed="true" simplified="true" border="0 1 0" fill="0 1 0" mode="-9"
 points="2.99968 1.06481,
	3.0091 1.05224,
	3.02167 1.0491,
	3.02795 1.04596,
	3.03109 1.05224,
	3.02795 1.05539,
	3.03737 1.08051,
	3.03737 1.10564,
	3.02481 1.10878,
	3.00282 1.08365,
	2.99968 1.07109,
	2.99968 1.06795,
	"/>
<Contour name="d13SER" hidden="true" closed="true" simplified="true" border="0 1 0" fill="0 1 0" mode="-9"
 points="3.0468 1.04596,
	3.05622 1.03654,
	3.06878 1.03968,
	3.08135 1.05224,
	3.08763 1.05853,
	3.08763 1.07109,
	3.08449 1.07737,
	3.07192 1.07737,
	3.05936 1.07109,
	3.0468 1.05853,
	3.0468 1.0491,
	"/>
<Contour name="d13SER" hidden="true" closed="true" simplified="true" border="0 1 0" fill="0 1 0" mode="-9"
 points="2.91801 1.34122,
	2.93372 1.31923,
	2.94 1.31295,
	2.96513 1.31295,
	2.97141 1.31295,
	2.97769 1.32551,
	2.97769 1.33808,
	2.95885 1.36321,
	2.95257 1.36949,
	2.92744 1.36635,
	2.91801 1.35692,
	2.91801 1.34436,
	"/>
<Contour name="d13SER" hidden="true" closed="true" simplified="true" border="0 1 0" fill="0 1 0" mode="-9"
 points="2.55366 1.37577,
	2.55994 1.36949,
	2.55994 1.36321,
	2.57878 1.33808,
	2.60391 1.29096,
	2.62276 1.26583,
	2.62904 1.25327,
	2.63218 1.24699,
	2.64474 1.25013,
	2.65103 1.27526,
	2.65731 1.28782,
	2.65417 1.31295,
	2.61962 1.36006,
	2.60391 1.38205,
	2.58192 1.39776,
	2.56936 1.4009,
	2.5568 1.39462,
	2.55366 1.38205,
	2.55366 1.37891,
	"/>
<Contour name="d13SER" hidden="true" closed="true" simplified="true" border="0 1 0" fill="0 1 0" mode="-9"
 points="2.2741 1.14647,
	2.28353 1.13391,
	2.30865 1.14333,
	2.32122 1.16846,
	2.31808 1.17474,
	2.29295 1.1716,
	2.28039 1.16532,
	2.2741 1.15904,
	2.2741 1.14962,
	"/>
<Contour name="d13SER" hidden="true" closed="true" simplified="true" border="0 1 0" fill="0 1 0" mode="-9"
 points="2.2741 1.23128,
	2.29609 1.225,
	2.32122 1.24699,
	2.31808 1.25955,
	2.3118 1.26583,
	2.28667 1.26583,
	2.2741 1.25327,
	2.2741 1.24071,
	2.2741 1.23442,
	"/>
<Contour name="d13SER" hidden="true" closed="true" simplified="true" border="0 1 0" fill="0 1 0" mode="-9"
 points="2.01968 1.2784,
	2.0291 1.26583,
	2.04167 1.26897,
	2.05423 1.2941,
	2.04481 1.30353,
	2.03224 1.30353,
	2.02282 1.29096,
	2.01968 1.28154,
	"/>
</Transform>

<Transform dim="6"
 xcoef=" 0.2180975517453 0.981768968674575 -0.0101441479276766 0 0 0"
 ycoef=" 0.170488000069512 0.00187191137695972 0.96135554390389 0 0 0">
<Contour name="d01SER" hidden="false" closed="true" simplified="true" border="0 1 0" fill="0 1 0" mode="-9"
 points="4.62356 3.20494,
	4.62935 3.19915,
	4.65252 3.19915,
	4.67568 3.20783,
	4.68436 3.21941,
	4.68726 3.23099,
	4.69305 3.23678,
	4.69305 3.24837,
	4.65252 3.29469,
	4.64094 3.30048,
	4.62935 3.29758,
	4.62646 3.27442,
	4.63515 3.25126,
	4.64094 3.23968,
	4.63804 3.2281,
	4.62646 3.21941,
	4.62356 3.20783,
	"/>
<Contour name="d01SER" hidden="false" closed="true" simplified="true" border="0 1 0" fill="0 1 0" mode="-9"
 points="4.23851 3.19046,
	4.24719 3.17888,
	4.26746 3.1673,
	4.27904 3.16151,
	4.28483 3.15572,
	4.29931 3.17309,
	4.29062 3.18467,
	4.27036 3.19625,
	4.24719 3.19915,
	4.23851 3.19336,
	"/>
<Contour name="d01SER" hidden="false" closed="true" simplified="true" border="0 1 0" fill="0 1 0" mode="-9"
 points="4.22114 3.61605,
	4.23272 3.61026,
	4.25588 3.61026,
	4.26746 3.61026,
	4.27904 3.60447,
	4.32536 3.60447,
	4.33694 3.60736,
	4.34563 3.61895,
	4.33115 3.64211,
	4.32247 3.65369,
	4.29931 3.66237,
	4.25588 3.64211,
	4.23272 3.63342,
	4.22114 3.62474,
	4.22114 3.61895,
	"/>
<Contour name="d01SER" hidden="false" closed="true" simplified="true" border="0 1 0" fill="0 1 0" mode="-9"
 points="4.38616 3.72028,
	4.39195 3.7087,
	4.40353 3.69711,
	4.42669 3.69422,
	4.43248 3.69422,
	4.44117 3.7058,
	4.44406 3.71159,
	4.42669 3.73186,
	4.40353 3.73475,
	4.39195 3.73186,
	4.38616 3.72317,
	"/>
</Transform>

<Transform dim="6"
 xcoef=" 0.2180975517453 0.981768968674575 -0.0101441479276766 0 0 0"
 ycoef=" 0.170488000069512 0.00187191137695972 0.96135554390389 0 0 0">
<Contour name="d01p09" hidden="false" closed="true" simplified="false" border="0 1 0" fill="0 1 0" mode="-9"
 points="4.49896 3.71509,
	4.49896 3.69354,
	4.52052 3.69354,
	4.52052 3.67198,
	4.54208 3.67198,
	4.54208 3.69354,
	4.56363 3.69354,
	4.56363 3.71509,
	4.54208 3.71509,
	4.54208 3.73665,
	4.52052 3.73665,
	4.52052 3.71509,
	"/>
</Transform>

<Transform dim="0"
 xcoef=" 0 1 0 0 0 0"
 ycoef=" 0 0 1 0 0 0">
<Contour name="d01ax09" comment="LK bouton trace named after cfa" hidden="true" closed="true" simplified="true" border="0 1 1" fill="0.502 1 1" mode="-11"
 points="4.75622 5.41781,
	4.75766 5.37178,
	4.75766 5.34877,
	4.76197 5.32576,
	4.77204 5.30275,
	4.7893 5.28261,
	4.79937 5.27254,
	4.82238 5.26679,
	4.84539 5.26823,
	4.8684 5.27254,
	4.89141 5.27974,
	4.89717 5.28261,
	4.90867 5.28405,
	4.93168 5.29124,
	4.93456 5.29124,
	4.936 5.29412,
	4.9475 5.29699,
	4.94894 5.29987,
	4.96045 5.30275,
	4.98346 5.31281,
	4.99497 5.31857,
	5.00072 5.32144,
	5.0036 5.32144,
	5.00935 5.32576,
	5.03236 5.33583,
	5.04387 5.34302,
	5.05537 5.35308,
	5.08557 5.39767,
	5.10283 5.41924,
	5.11434 5.42787,
	5.12584 5.43938,
	5.13016 5.44369,
	5.13304 5.4552,
	5.14598 5.47821,
	5.15605 5.48972,
	5.17187 5.51129,
	5.17906 5.52136,
	5.19919 5.54293,
	5.20782 5.55444,
	5.20639 5.60046,
	5.20782 5.62347,
	5.21502 5.64648,
	5.21789 5.65799,
	5.21789 5.6695,
	5.21214 5.69251,
	5.2107 5.69826,
	5.19488 5.71983,
	5.17474 5.73853,
	5.16324 5.74572,
	5.15749 5.75004,
	5.11146 5.76586,
	5.06544 5.76729,
	5.01942 5.76442,
	5.00791 5.76154,
	4.96333 5.73709,
	4.95757 5.73278,
	4.9547 5.7299,
	4.95182 5.7299,
	4.93312 5.71408,
	4.92305 5.70401,
	4.9173 5.69251,
	4.90004 5.6695,
	4.88998 5.65799,
	4.88278 5.64648,
	4.87847 5.64073,
	4.87416 5.63785,
	4.86409 5.62779,
	4.85833 5.61772,
	4.85546 5.61484,
	4.84971 5.59183,
	4.84539 5.58033,
	4.83245 5.55731,
	4.83388 5.55156,
	4.82526 5.54293,
	4.8195 5.53718,
	4.81663 5.53143,
	4.80656 5.51992,
	4.79074 5.49835,
	4.78786 5.49259,
	4.78211 5.48684,
	4.78211 5.48396,
	4.77636 5.47965,
	4.76916 5.46814,
	4.76916 5.46527,
	4.76197 5.45664,
	4.75766 5.44513,
	4.75622 5.42212,
	4.75622 5.41924,
	"/>
</Transform>

<Transform dim="0"
 xcoef=" 0 1 0 0 0 0"
 ycoef=" 0 0 1 0 0 0">
<Contour name="d01ax11" comment="LK bouton trace named after cfa" hidden="true" closed="true" simplified="true" border="0 1 1" fill="0.502 1 1" mode="-11"
 points="4.45444 4.54904,
	4.46267 4.51614,
	4.4637 4.49969,
	4.46575 4.49146,
	4.4709 4.48323,
	4.48735 4.4709,
	4.50071 4.45547,
	4.51717 4.44313,
	4.52436 4.43491,
	4.52848 4.43079,
	4.53362 4.42257,
	4.56447 4.39069,
	4.58092 4.37424,
	4.59737 4.35984,
	4.61074 4.34339,
	4.62102 4.32694,
	4.62616 4.31871,
	4.62925 4.31049,
	4.63439 4.30226,
	4.63747 4.29815,
	4.6385 4.29403,
	4.64878 4.27758,
	4.65393 4.26936,
	4.65701 4.26524,
	4.65701 4.26319,
	4.66524 4.25496,
	4.67346 4.24982,
	4.67758 4.24673,
	4.69403 4.24571,
	4.72693 4.24776,
	4.75984 4.2529,
	4.76806 4.25804,
	4.77218 4.26113,
	4.77629 4.26216,
	4.80919 4.28478,
	4.81742 4.28992,
	4.82565 4.29301,
	4.85752 4.31666,
	4.86369 4.32488,
	4.86678 4.32899,
	4.86781 4.33311,
	4.86986 4.33516,
	4.87089 4.33928,
	4.87603 4.3475,
	4.87706 4.35162,
	4.8822 4.35984,
	4.8894 4.37629,
	4.89454 4.38452,
	4.90071 4.40097,
	4.90379 4.4092,
	4.92025 4.42257,
	4.92744 4.43079,
	4.9295 4.43285,
	4.9295 4.43491,
	4.9367 4.4421,
	4.94801 4.45856,
	4.96241 4.47501,
	4.97886 4.4894,
	4.99428 4.50586,
	5.01793 4.53876,
	5.02307 4.54699,
	5.02924 4.56344,
	5.02821 4.57989,
	5.02205 4.59634,
	5.0169 4.60457,
	5.00971 4.6128,
	4.99325 4.62616,
	4.97783 4.64262,
	4.97372 4.65084,
	4.97063 4.66729,
	4.9696 4.7002,
	4.96858 4.71665,
	4.96755 4.72488,
	4.95418 4.75778,
	4.93156 4.79069,
	4.91613 4.80611,
	4.90791 4.81331,
	4.8421 4.85238,
	4.83387 4.85855,
	4.81742 4.86369,
	4.78452 4.86472,
	4.76806 4.86575,
	4.70225 4.86266,
	4.66935 4.86061,
	4.66112 4.85958,
	4.6529 4.85649,
	4.65084 4.85649,
	4.64673 4.85341,
	4.63028 4.84724,
	4.61382 4.83696,
	4.6056 4.83079,
	4.60148 4.82873,
	4.56858 4.79891,
	4.56035 4.79171,
	4.55213 4.78657,
	4.53568 4.77115,
	4.52128 4.75572,
	4.49763 4.72282,
	4.48221 4.68992,
	4.47501 4.68169,
	4.46987 4.67346,
	4.46781 4.67244,
	4.46678 4.66832,
	4.46061 4.6601,
	4.4565 4.65187,
	4.45444 4.64981,
	4.45444 4.61691,
	4.4565 4.60046,
	4.4565 4.584,
	4.45444 4.56755,
	4.45444 4.5511,
	4.45444 4.55007,
	"/>
</Transform>

<Transform dim="6"
 xcoef=" 0.573487734733866 0.872682756549307 0.108769762188047 0 0 0"
 ycoef=" 1.72986713008352 -0.089154649836467 0.903004534746341 0 0 0">
<Image mag="0.00220626" contrast="1" brightness="0" red="true" green="true" blue="true"
 src="FPNCT.65.jpg" />
<Contour name="domain1" hidden="false" closed="true" simplified="false" border="1 0 1" fill="1 0 1" mode="11"
 points="0 0,
	4096 0,
	4096 4096,
	0 4096,
	"/>
</Transform>

<Transform dim="0"
 xcoef=" 0 1 0 0 0 0"
 ycoef=" 0 0 1 0 0 0">
<Contour name="d01ax07" comment="LK bouton trace named after cfa" hidden="true" closed="true" simplified="true" border="0 1 1" fill="0.502 1 1" mode="-9"
 points="1.71331 3.31158,
	1.71679 3.30461,
	1.72028 3.30112,
	1.74817 3.30635,
	1.77605 3.30809,
	1.80394 3.31332,
	1.85971 3.31681,
	1.87366 3.31855,
	1.8876 3.32552,
	1.91374 3.35341,
	1.92769 3.36038,
	1.95558 3.36561,
	1.96255 3.36735,
	2.01832 3.41267,
	2.02529 3.41616,
	2.05318 3.4423,
	2.06712 3.45102,
	2.0741 3.4545,
	2.08804 3.46844,
	2.09501 3.49633,
	2.10547 3.51028,
	2.10895 3.51725,
	2.11244 3.52073,
	2.11418 3.53468,
	2.1473 3.59045,
	2.15427 3.59568,
	2.16124 3.59742,
	2.18913 3.62357,
	2.21179 3.67934,
	2.22224 3.70723,
	2.22747 3.73511,
	2.24142 3.763,
	2.24839 3.77694,
	2.26059 3.79089,
	2.27628 3.81878,
	2.28499 3.83272,
	2.29022 3.84666,
	2.29022 3.85363,
	2.31985 3.90941,
	2.34251 3.96518,
	2.34599 3.97215,
	2.34774 4.02793,
	2.34948 4.05581,
	2.35471 4.06976,
	2.36342 4.0837,
	2.38957 4.11159,
	2.40351 4.12553,
	2.41048 4.1325,
	2.41571 4.14645,
	2.41397 4.17433,
	2.38782 4.19002,
	2.35994 4.20222,
	2.35297 4.20571,
	2.32508 4.20745,
	2.31113 4.20222,
	2.30416 4.19699,
	2.29719 4.18305,
	2.28848 4.15516,
	2.28848 4.14819,
	2.2693 4.1203,
	2.24665 4.09242,
	2.24316 4.08893,
	2.23967 4.07499,
	2.24142 4.06802,
	2.23096 4.04013,
	2.22399 4.01224,
	2.2205 3.9983,
	2.2205 3.99133,
	2.2083 3.96344,
	2.18564 3.93555,
	2.17519 3.92161,
	2.16821 3.90766,
	2.16298 3.87978,
	2.15427 3.85189,
	2.14556 3.83795,
	2.14033 3.83098,
	2.13684 3.81703,
	2.1351 3.81006,
	2.1351 3.80657,
	2.13161 3.80309,
	2.13161 3.7996,
	2.11767 3.78566,
	2.10547 3.75777,
	2.0985 3.702,
	2.09327 3.68805,
	2.07061 3.66017,
	2.06015 3.64622,
	2.00438 3.59045,
	1.99043 3.58174,
	1.93466 3.53642,
	1.92072 3.52248,
	1.91026 3.50853,
	1.88237 3.48413,
	1.85449 3.4667,
	1.84054 3.45799,
	1.83357 3.45276,
	1.83008 3.45276,
	1.8022 3.4301,
	1.79 3.41616,
	1.78302 3.40221,
	1.78302 3.39524,
	1.7778 3.3813,
	1.7656 3.3691,
	1.76211 3.36561,
	1.75862 3.36561,
	1.73074 3.34295,
	1.72028 3.32901,
	1.71331 3.31507,
	1.71331 3.31332,
	"/>
</Transform>

<Transform dim="0"
 xcoef=" 0 1 0 0 0 0"
 ycoef=" 0 0 1 0 0 0">
<Contour name="d01ax12_ddh" comment="ddh_traced_2018-05-22" hidden="false" closed="true" simplified="true" border="0.501961 1 0.501961" fill="0.501961 1 0.501961" mode="11"
 points="3.21877 2.3499,
	3.22425 2.33234,
	3.22864 2.32466,
	3.23632 2.31698,
	3.25168 2.30821,
	3.26923 2.30053,
	3.27801 2.29833,
	3.29556 2.29065,
	3.30434 2.28627,
	3.32189 2.28407,
	3.33066 2.28078,
	3.33834 2.2753,
	3.34602 2.26762,
	3.35151 2.25884,
	3.35919 2.25006,
	3.36248 2.24568,
	3.36577 2.24348,
	3.37235 2.2358,
	3.38113 2.23361,
	3.38332 2.23141,
	3.40088 2.23141,
	3.40526 2.23141,
	3.41404 2.2358,
	3.42172 2.24348,
	3.42611 2.24677,
	3.43159 2.25555,
	3.43159 2.25774,
	3.44147 2.2753,
	3.44695 2.28407,
	3.44915 2.28627,
	3.45134 2.29504,
	3.45134 2.30382,
	3.44586 2.32137,
	3.4294 2.35648,
	3.41733 2.37293,
	3.40965 2.38171,
	3.40526 2.38939,
	3.40197 2.39378,
	3.40197 2.39597,
	3.39868 2.40036,
	3.39759 2.40475,
	3.38661 2.4223,
	3.37894 2.42998,
	3.36138 2.43656,
	3.35261 2.43656,
	3.33505 2.43108,
	3.33066 2.42998,
	3.32628 2.42669,
	3.32408 2.42669,
	3.28898 2.40255,
	3.27142 2.39597,
	3.25387 2.39268,
	3.24948 2.39049,
	3.24729 2.39049,
	3.24509 2.38829,
	3.23632 2.385,
	3.23193 2.38281,
	3.22315 2.37403,
	3.21986 2.36964,
	3.21877 2.35209,
	3.21877 2.35099,
	"/>
</Transform>

<Transform dim="0"
 xcoef=" 0 1 0 0 0 0"
 ycoef=" 0 0 1 0 0 0">
<Contour name="d01ax12_ddh" comment="ddh_traced_2018-05-22" hidden="false" closed="true" simplified="true" border="0.501961 1 0.501961" fill="0.501961 1 0.501961" mode="11"
 points="4.51875 3.81006,
	4.52135 3.80485,
	4.52135 3.80225,
	4.52525 3.79705,
	4.52786 3.78665,
	4.53436 3.77625,
	4.53696 3.76584,
	4.55776 3.74504,
	4.57857 3.73594,
	4.58897 3.73203,
	4.59938 3.73073,
	4.60458 3.72943,
	4.61498 3.73334,
	4.63579 3.74894,
	4.65659 3.75934,
	4.6774 3.76584,
	4.71901 3.77365,
	4.73981 3.78535,
	4.76062 3.80485,
	4.77102 3.81526,
	4.78143 3.82176,
	4.78663 3.82696,
	4.79703 3.83216,
	4.83864 3.86467,
	4.85945 3.88158,
	4.90106 3.89978,
	4.91146 3.90498,
	4.92186 3.91278,
	4.94267 3.91929,
	4.95307 3.92189,
	4.97388 3.93359,
	4.99468 3.9544,
	5.01029 3.9752,
	5.01549 3.9856,
	5.01809 3.99081,
	5.02329 3.99601,
	5.0441 4.00511,
	5.0545 4.00901,
	5.0649 4.01031,
	5.08571 4.01681,
	5.10652 4.02592,
	5.11172 4.02982,
	5.12082 4.05062,
	5.12472 4.06103,
	5.13122 4.07143,
	5.14163 4.07273,
	5.14683 4.07273,
	5.16763 4.06233,
	5.17283 4.05973,
	5.19364 4.05712,
	5.20404 4.05843,
	5.22485 4.06883,
	5.23525 4.07663,
	5.24045 4.07923,
	5.26126 4.09744,
	5.26516 4.10784,
	5.26386 4.11824,
	5.25216 4.13905,
	5.23135 4.14815,
	5.21054 4.15075,
	5.16893 4.14555,
	5.14813 4.14555,
	5.13772 4.14815,
	5.09611 4.14815,
	5.08571 4.14555,
	5.07531 4.14035,
	5.0649 4.13255,
	5.0545 4.12214,
	5.048 4.11174,
	5.02719 4.09223,
	5.01679 4.08573,
	5.00639 4.08443,
	4.98558 4.09484,
	4.97518 4.10004,
	4.95437 4.09874,
	4.93357 4.09484,
	4.91276 4.08833,
	4.89196 4.07793,
	4.88155 4.07143,
	4.86075 4.05062,
	4.84644 4.02982,
	4.84124 4.02592,
	4.75802 4.02202,
	4.71641 4.01551,
	4.6956 4.01161,
	4.6904 4.01031,
	4.6878 4.00771,
	4.6774 4.00511,
	4.6761 4.00251,
	4.6735 4.00251,
	4.65269 3.9856,
	4.64359 3.9752,
	4.62018 3.93359,
	4.61368 3.92319,
	4.60458 3.91278,
	4.58377 3.89718,
	4.57337 3.89198,
	4.55776 3.87117,
	4.53696 3.85687,
	4.52655 3.84647,
	4.52135 3.83606,
	4.51875 3.83346,
	4.51875 3.81266,
	4.51875 3.81136,
	"/>
</Transform>

<Transform dim="0"
 xcoef=" 0 1 0 0 0 0"
 ycoef=" 0 0 1 0 0 0">
<Contour name="d01ax12_ddh" comment="ddh_traced_2018-05-22" hidden="false" closed="true" simplified="true" border="0.501961 1 0.501961" fill="0.501961 1 0.501961" mode="11"
 points="2.14648 5.16833,
	2.14835 5.16088,
	2.1679 5.13108,
	2.17349 5.12363,
	2.18001 5.11804,
	2.18373 5.11618,
	2.21074 5.09103,
	2.22471 5.07986,
	2.25358 5.06216,
	2.2573 5.05937,
	2.2722 5.05751,
	2.2871 5.05751,
	2.29455 5.05751,
	2.29641 5.05937,
	2.30386 5.0603,
	2.31131 5.0631,
	2.31876 5.06775,
	2.32621 5.07427,
	2.33087 5.07986,
	2.35229 5.10686,
	2.36439 5.11897,
	2.37091 5.12269,
	2.38488 5.13387,
	2.3886 5.14132,
	2.39047 5.14318,
	2.39047 5.14504,
	2.39419 5.14877,
	2.39699 5.15622,
	2.39792 5.17112,
	2.39792 5.17857,
	2.39512 5.19347,
	2.39233 5.20092,
	2.39047 5.20278,
	2.38767 5.2093,
	2.38581 5.21302,
	2.38581 5.21489,
	2.38022 5.22234,
	2.35322 5.25027,
	2.34204 5.26331,
	2.33646 5.27076,
	2.33459 5.27449,
	2.33273 5.27542,
	2.33273 5.27728,
	2.33087 5.27914,
	2.33087 5.281,
	2.32528 5.28845,
	2.32156 5.2959,
	2.31783 5.2987,
	2.31597 5.30242,
	2.30945 5.30987,
	2.30572 5.31267,
	2.30386 5.31453,
	2.30014 5.31546,
	2.29828 5.31732,
	2.29083 5.32012,
	2.26103 5.31918,
	2.25916 5.31732,
	2.25171 5.31453,
	2.24799 5.31173,
	2.24426 5.3108,
	2.23775 5.30428,
	2.22564 5.29497,
	2.21912 5.29032,
	2.2126 5.2838,
	2.21167 5.28007,
	2.20981 5.27914,
	2.20701 5.27169,
	2.20236 5.24189,
	2.19863 5.23444,
	2.19677 5.23351,
	2.19398 5.22606,
	2.18932 5.21861,
	2.18746 5.21582,
	2.18094 5.20837,
	2.16883 5.19812,
	2.16138 5.19347,
	2.15766 5.19161,
	2.15021 5.18416,
	2.14742 5.18043,
	2.14648 5.17298,
	2.14648 5.16926,
	"/>
</Transform>

</Section>