<?xml version="1.0"?>
<!DOCTYPE Section SYSTEM "section.dtd">

<Section index="198" thickness="0.048" alignLocked="false">
<Transform dim="6"
 xcoef=" 1.56937360757469 0.846455232617974 -0.0428213084407764 0 0 0"
 ycoef=" 0.098453598304773 -0.00489535937066404 0.953821325970165 0 0 0">
<Contour name="D01dia1" hidden="false" closed="false" simplified="true" border="1 0.5 0" fill="1 0.5 0" mode="13"
 points="5.0684 0.345834,
	5.68929 0.00485129,
	"/>
</Transform>

<Transform dim="6"
 xcoef=" 1.56937360757469 0.846455232617974 -0.0428213084407764 0 0 0"
 ycoef=" 0.098453598304773 -0.00489535937066404 0.953821325970165 0 0 0">
<Contour name="D06_mid-caliber" hidden="false" closed="true" simplified="true" border="0 0 1" fill="0 0 1" mode="9"
 points="4.75197 3.55058,
	4.75627 3.51103,
	4.769 3.4728,
	4.78975 3.43713,
	4.81784 3.40522,
	4.85233 3.37811,
	4.89208 3.35671,
	4.93579 3.34172,
	4.98199 3.33364,
	5.02917 3.33274,
	5.07577 3.33904,
	5.12024 3.35234,
	5.16111 3.37219,
	5.19703 3.39795,
	5.22681 3.42875,
	5.24947 3.46359,
	5.26426 3.5013,
	5.27069 3.54064,
	5.26854 3.58031,
	5.25789 3.619,
	5.23909 3.65542,
	5.21276 3.68838,
	5.17977 3.71678,
	5.14121 3.73968,
	5.09836 3.75633,
	5.05264 3.76617,
	5.00556 3.76888,
	4.95867 3.76437,
	4.91353 3.75279,
	4.87163 3.73452,
	4.83435 3.71016,
	4.80293 3.68053,
	4.77841 3.6466,
	4.7616 3.60949,
	"/>
</Transform>

<Transform dim="6"
 xcoef=" 1.56937360757469 0.846455232617974 -0.0428213084407764 0 0 0"
 ycoef=" 0.098453598304773 -0.00489535937066404 0.953821325970165 0 0 0">
<Contour name="d01c30" hidden="false" closed="true" simplified="true" border="1 0 0" fill="0 1 0" mode="9"
 points="6.34114 0.311859,
	6.36476 0.278783,
	6.40256 0.274058,
	6.42147 0.278783,
	6.45927 0.307134,
	6.47817 0.32131,
	6.48289 0.359111,
	6.47817 0.396912,
	6.50179 0.472514,
	6.50652 0.510315,
	6.49234 0.548116,
	6.46872 0.585917,
	6.43564 0.609543,
	6.41674 0.609543,
	6.40729 0.609543,
	6.38839 0.590642,
	6.37421 0.552841,
	6.36004 0.477239,
	6.34586 0.439438,
	6.34114 0.363836,
	6.34114 0.326035,
	6.34114 0.316584,
	"/>
</Transform>

<Transform dim="6"
 xcoef=" 1.57937360757469 0.846455232617974 -0.0428213084407764 0 0 0"
 ycoef=" 0.098453598304773 -0.00489535937066404 0.953821325970165 0 0 0">
<Contour name="d01cfa30" hidden="false" closed="true" simplified="true" border="0 1 0" fill="0 1 0" mode="9"
 points="6.34114 0.311859,
	6.36476 0.278783,
	6.40256 0.274058,
	6.42147 0.278783,
	6.45927 0.307134,
	6.47817 0.32131,
	6.48289 0.359111,
	6.47817 0.396912,
	6.50179 0.472514,
	6.50652 0.510315,
	6.49234 0.548116,
	6.46872 0.585917,
	6.43564 0.609543,
	6.41674 0.609543,
	6.40729 0.609543,
	6.38839 0.590642,
	6.37421 0.552841,
	6.36004 0.477239,
	6.34586 0.439438,
	6.34114 0.363836,
	6.34114 0.326035,
	6.34114 0.316584,
	"/>
<Contour name="d01cfa30" hidden="false" closed="false" simplified="false" border="0 1 1" fill="0 1 1" mode="9"
 points="6.44316 0.611396,
	6.39591 0.601946,
	6.37701 0.531069,
	6.3581 0.450742,
	6.34865 0.365689,
	6.3581 0.294812,
	6.40063 0.271186,
	"/>
</Transform>

<Transform dim="6"
 xcoef=" 1.56937360757469 0.846455232617974 -0.0428213084407764 0 0 0"
 ycoef=" 0.098453598304773 -0.00489535937066404 0.953821325970165 0 0 0">
<Contour name="D14_high caliber" hidden="false" closed="true" simplified="true" border="1 0 0.5" fill="1 0 0.5" mode="9"
 points="2.33012 -1.82635,
	2.34 -1.9101,
	2.36866 -1.98564,
	2.41331 -2.0456,
	2.46957 -2.08409,
	2.53193 -2.09735,
	2.59429 -2.08409,
	2.65055 -2.0456,
	2.6952 -1.98564,
	2.72386 -1.9101,
	2.73374 -1.82635,
	2.72386 -1.74261,
	2.6952 -1.66706,
	2.65055 -1.60711,
	2.59429 -1.56862,
	2.53193 -1.55535,
	2.46957 -1.56862,
	2.41331 -1.60711,
	2.36866 -1.66706,
	"/>
<Contour name="D13_high caliber" hidden="false" closed="true" simplified="true" border="0.5 0 1" fill="0.5 0 1" mode="9"
 points="2.02438 0.30344,
	2.03248 0.22517,
	2.05636 0.15083,
	2.09483 0.08414,
	2.14596 0.02845,
	2.20718 -0.013455,
	2.27543 -0.039468,
	2.34728 -0.048287,
	2.41913 -0.039468,
	2.48737 -0.013455,
	2.5486 0.02845,
	2.59972 0.08414,
	2.63819 0.15083,
	2.66207 0.22517,
	2.67017 0.30344,
	2.66207 0.3817,
	2.63819 0.45604,
	2.59972 0.52273,
	2.5486 0.57842,
	2.48737 0.62033,
	2.41913 0.64634,
	2.34728 0.65516,
	2.27543 0.64634,
	2.20718 0.62033,
	2.14596 0.57842,
	2.09483 0.52273,
	2.05636 0.45604,
	"/>
</Transform>

<Transform dim="6"
 xcoef=" 1.56937360757469 0.846455232617974 -0.0428213084407764 0 0 0"
 ycoef=" 0.098453598304773 -0.00489535937066404 0.953821325970165 0 0 0">
<Contour name="D18_high caliber" hidden="false" closed="true" simplified="true" border="1 0 1" fill="1 0 1" mode="9"
 points="6.56729 -1.98046,
	6.57803 -2.06204,
	6.60947 -2.13757,
	6.65928 -2.20144,
	6.72375 -2.24893,
	6.79811 -2.27651,
	6.87684 -2.28213,
	6.9541 -2.26537,
	7.02417 -2.22749,
	7.08185 -2.17128,
	7.12285 -2.10092,
	7.14414 -2.02163,
	7.14414 -1.93928,
	7.12285 -1.85999,
	7.08185 -1.78963,
	7.02417 -1.73343,
	6.9541 -1.69554,
	6.87684 -1.67879,
	6.79811 -1.68441,
	6.72375 -1.71198,
	6.65928 -1.75947,
	6.60947 -1.82335,
	6.57803 -1.89888,
	"/>
</Transform>

<Transform dim="6"
 xcoef=" 2.08937360757469 0.846455232617974 -0.0428213084407764 0 0 0"
 ycoef=" 1.62845359830478 -0.00489535937066404 0.953821325970165 0 0 0">
<Contour name="D17_high caliber" hidden="false" closed="true" simplified="true" border="0 0 1" fill="0 0 1" mode="-13"
 points="5.33474 -1.48592,
	5.34525 -1.56732,
	5.37589 -1.64181,
	5.42407 -1.70309,
	5.4857 -1.74595,
	5.55555 -1.76676,
	5.62771 -1.76375,
	5.69604 -1.73719,
	5.75476 -1.68932,
	5.79888 -1.6242,
	5.82468 -1.54735,
	5.82995 -1.4653,
	5.81425 -1.38499,
	5.77891 -1.31325,
	5.72693 -1.25614,
	5.66273 -1.21853,
	5.59173 -1.20358,
	5.51996 -1.21258,
	5.45351 -1.24476,
	5.39802 -1.29739,
	5.35818 -1.366,
	"/>
</Transform>

<Transform dim="6"
 xcoef=" 1.56937360757469 0.846455232617974 -0.0428213084407764 0 0 0"
 ycoef=" 0.098453598304773 -0.00489535937066404 0.953821325970165 0 0 0">
<Contour name="d14" hidden="false" closed="true" simplified="true" border="1 0 1" fill="1 0 1" mode="11"
 points="1.86409 -2.20459,
	1.89872 -2.38927,
	1.90449 -2.48161,
	1.90449 -2.49315,
	1.99683 -2.57972,
	2.00837 -2.62589,
	2.01414 -2.71823,
	2.03723 -2.724,
	2.12957 -2.71246,
	2.17574 -2.70668,
	2.26807 -2.67206,
	2.29116 -2.66052,
	2.3835 -2.66052,
	2.47584 -2.6432,
	2.52201 -2.63166,
	2.61435 -2.56241,
	2.70668 -2.47584,
	2.79902 -2.29116,
	2.84519 -2.19882,
	2.93753 -2.14688,
	2.96639 -2.10071,
	2.97793 -2.07763,
	2.97216 -1.98529,
	2.96639 -1.9622,
	2.99524 -1.86986,
	3.00679 -1.82369,
	3.09335 -1.75444,
	3.11067 -1.6621,
	3.11067 -1.56976,
	3.01833 -1.51782,
	2.93176 -1.4428,
	2.90868 -1.39663,
	2.89136 -1.37354,
	2.70668 -1.3216,
	2.6836 -1.31583,
	2.67206 -1.31006,
	2.57972 -1.33314,
	2.55663 -1.34469,
	2.57972 -1.35046,
	2.58549 -1.35623,
	2.56241 -1.35623,
	2.47007 -1.40817,
	2.37773 -1.43702,
	2.28539 -1.45434,
	2.19305 -1.53513,
	2.14688 -1.54668,
	2.10071 -1.56976,
	2.06031 -1.61016,
	1.98529 -1.79484,
	1.92758 -1.88718,
	1.89295 -2.07185,
	1.86986 -2.16419,
	1.86409 -2.18728,
	1.86409 -2.19882,
	"/>
</Transform>

<Transform dim="6"
 xcoef=" 1.56937360757469 0.846455232617974 -0.0428213084407764 0 0 0"
 ycoef=" 0.098453598304773 -0.00489535937066404 0.953821325970165 0 0 0">
<Contour name="d14" hidden="false" closed="true" simplified="true" border="1 0 1" fill="1 0 1" mode="-11"
 points="4.61488 -1.8522,
	4.64431 -1.85404,
	4.65902 -1.8522,
	4.71788 -1.81174,
	4.73259 -1.80438,
	4.73995 -1.8007,
	4.74363 -1.79702,
	4.7142 -1.56159,
	4.71052 -1.53216,
	4.70868 -1.51745,
	4.7234 -1.39973,
	4.72708 -1.3703,
	4.73627 -1.34087,
	4.78593 -1.22315,
	4.79881 -1.19372,
	4.81536 -1.1643,
	4.89813 -1.04658,
	4.90365 -1.01715,
	4.90549 -1.00243,
	4.90733 -0.995077,
	4.90733 -0.991398,
	4.89262 -0.98588,
	4.86319 -0.98772,
	4.85583 -0.989559,
	4.83376 -1.01899,
	4.78409 -1.07785,
	4.77858 -1.0852,
	4.75467 -1.14406,
	4.74915 -1.15878,
	4.74547 -1.16613,
	4.74547 -1.17349,
	4.73075 -1.20292,
	4.69213 -1.26178,
	4.6719 -1.29121,
	4.6627 -1.30592,
	4.65718 -1.31328,
	4.64982 -1.431,
	4.64431 -1.48986,
	4.63327 -1.54872,
	4.62775 -1.57814,
	4.62407 -1.59286,
	4.61488 -1.82829,
	4.61488 -1.84301,
	4.61488 -1.85037,
	"/>
<Contour name="d14" hidden="false" closed="true" simplified="true" border="1 0 1" fill="1 0 1" mode="-11"
 points="4.21022 -0.748607,
	4.21574 -0.807465,
	4.21758 -0.836895,
	4.21942 -0.844252,
	4.27828 -0.901271,
	4.30771 -0.928861,
	4.32242 -0.943576,
	4.32978 -0.950933,
	4.33346 -0.954612,
	4.34817 -0.941736,
	4.35553 -0.934379,
	4.37025 -0.90495,
	4.39048 -0.875521,
	4.42175 -0.816662,
	4.43646 -0.787233,
	4.44014 -0.779876,
	4.4383 -0.750446,
	4.40887 -0.730214,
	4.37944 -0.715499,
	4.36473 -0.708142,
	4.30587 -0.693427,
	4.24701 -0.675034,
	4.2323 -0.673194,
	4.21758 -0.675034,
	4.2139 -0.675034,
	4.21022 -0.733892,
	4.21022 -0.746768,
	"/>
</Transform>

<Transform dim="6"
 xcoef=" 1.56937360757469 0.846455232617974 -0.0428213084407764 0 0 0"
 ycoef=" 0.098453598304773 -0.00489535937066404 0.953821325970165 0 0 0">
<Contour name="d14" hidden="false" closed="true" simplified="true" border="1 0 1" fill="1 0 1" mode="-11"
 points="1.55754 -2.84468,
	1.56656 -2.87352,
	1.57016 -2.88794,
	1.57377 -2.89516,
	1.57196 -2.90958,
	1.57196 -2.91318,
	1.57557 -2.91499,
	1.60441 -2.90597,
	1.61884 -2.90237,
	1.67652 -2.87352,
	1.68013 -2.86992,
	1.68013 -2.86271,
	1.68013 -2.8591,
	1.68734 -2.8555,
	1.70717 -2.82665,
	1.72339 -2.79781,
	1.73241 -2.78339,
	1.73601 -2.77618,
	1.7306 -2.71849,
	1.727 -2.68965,
	1.7252 -2.68244,
	1.71077 -2.66801,
	1.70717 -2.66441,
	1.67832 -2.66801,
	1.6639 -2.67342,
	1.60622 -2.71488,
	1.57737 -2.73111,
	1.56295 -2.74012,
	1.55935 -2.79781,
	1.55754 -2.82665,
	1.55754 -2.84107,
	1.55754 -2.84288,
	"/>
</Transform>

<Transform dim="6"
 xcoef=" 1.56937360757469 0.846455232617974 -0.0428213084407764 0 0 0"
 ycoef=" 0.098453598304773 -0.00489535937066404 0.953821325970165 0 0 0">
<Contour name="d14" hidden="false" closed="true" simplified="true" border="1 0 1" fill="1 0 1" mode="-11"
 points="3.76131 -1.9013,
	3.80411 -1.97956,
	3.81511 -1.99913,
	3.81756 -2.00402,
	3.85669 -2.02603,
	3.87626 -2.03704,
	3.88604 -2.04193,
	3.90193 -2.02236,
	3.90316 -2.0028,
	3.90316 -1.99301,
	3.91172 -1.97345,
	3.91661 -1.96367,
	3.9215 -1.95878,
	3.92395 -1.95388,
	3.94351 -1.93676,
	3.94473 -1.93554,
	3.94963 -1.92943,
	3.95329 -1.91964,
	3.95329 -1.9172,
	3.95696 -1.91231,
	3.95696 -1.90986,
	3.96919 -1.89152,
	3.97164 -1.88663,
	3.9643 -1.80837,
	3.96308 -1.7888,
	3.95941 -1.77902,
	3.94107 -1.75945,
	3.93128 -1.75089,
	3.92639 -1.746,
	3.91661 -1.73989,
	3.87992 -1.70076,
	3.87014 -1.6922,
	3.83101 -1.67141,
	3.81145 -1.66407,
	3.809 -1.66285,
	3.78943 -1.68119,
	3.7821 -1.69098,
	3.77843 -1.69587,
	3.76498 -1.85239,
	3.76253 -1.89152,
	3.76131 -1.90008,
	"/>
</Transform>

<Transform dim="6"
 xcoef=" 1.56937360757469 0.846455232617974 -0.0428213084407764 0 0 0"
 ycoef=" 0.098453598304773 -0.00489535937066404 0.953821325970165 0 0 0">
<Contour name="d14" hidden="false" closed="true" simplified="true" border="1 0 1" fill="1 0 1" mode="-11"
 points="3.94165 -0.331853,
	3.94404 -0.370052,
	3.94404 -0.379602,
	3.9512 -0.386764,
	3.9894 -0.401089,
	4.0085 -0.408251,
	4.0276 -0.408251,
	4.03715 -0.408251,
	4.05148 -0.391539,
	4.06819 -0.35334,
	4.08729 -0.276942,
	4.08968 -0.238743,
	4.08729 -0.219644,
	4.06819 -0.205319,
	4.05864 -0.198157,
	4.05386 -0.193382,
	4.01566 -0.190995,
	3.99657 -0.190995,
	3.98702 -0.193382,
	3.94882 -0.26978,
	3.94165 -0.28888,
	3.94165 -0.327079,
	3.94165 -0.329466,
	"/>
</Transform>

<Transform dim="6"
 xcoef=" 1.56937360757469 0.846455232617974 -0.0428213084407764 0 0 0"
 ycoef=" 0.098453598304773 -0.00489535937066404 0.953821325970165 0 0 0">
<Contour name="d01" hidden="false" closed="true" simplified="true" border="1 1 0" fill="0 1 1" mode="-9"
 points="5.05929 0.464191,
	5.06319 0.448588,
	5.06319 0.432985,
	5.06709 0.417382,
	5.06904 0.386176,
	5.07099 0.378374,
	5.06514 0.347168,
	5.06514 0.331565,
	5.07099 0.315962,
	5.08075 0.300359,
	5.08465 0.292557,
	5.0827 0.276954,
	5.09245 0.245748,
	5.09635 0.230145,
	5.0983 0.222344,
	5.10415 0.214542,
	5.1061 0.210641,
	5.1022 0.210641,
	5.10025 0.206741,
	5.11 0.175534,
	5.11 0.159931,
	5.11 0.15213,
	5.11 0.148229,
	5.1139 0.144328,
	5.11585 0.136527,
	5.14511 0.115073,
	5.14901 0.107271,
	5.15291 0.10337,
	5.15486 0.0877672,
	5.15681 0.0799657,
	5.16071 0.0760649,
	5.16461 0.0448588,
	5.16851 0.0292557,
	5.15876 -0.0331565,
	5.14706 -0.0643626,
	5.13926 -0.0799657,
	5.13536 -0.111172,
	5.12561 -0.142378,
	5.11 -0.173584,
	5.10415 -0.235996,
	5.10805 -0.267202,
	5.1178 -0.298409,
	5.11975 -0.314012,
	5.12561 -0.329615,
	5.14706 -0.35887,
	5.16071 -0.372523,
	5.17632 -0.374473,
	5.19192 -0.380325,
	5.19972 -0.384225,
	5.20362 -0.384225,
	5.20752 -0.388126,
	5.23873 -0.395928,
	5.25433 -0.403729,
	5.26408 -0.417382,
	5.27774 -0.431035,
	5.30894 -0.442737,
	5.32064 -0.45834,
	5.33625 -0.46029,
	5.34405 -0.454439,
	5.34795 -0.446638,
	5.34795 -0.415432,
	5.35575 -0.399828,
	5.3616 -0.392027,
	5.36355 -0.384225,
	5.3694 -0.376424,
	5.37135 -0.368622,
	5.38111 -0.353019,
	5.39671 -0.341317,
	5.41231 -0.339367,
	5.42791 -0.333515,
	5.43572 -0.331565,
	5.45132 -0.333515,
	5.45912 -0.335466,
	5.46302 -0.335466,
	5.46692 -0.339367,
	5.48253 -0.339367,
	5.49813 -0.333515,
	5.51373 -0.323764,
	5.54494 -0.294508,
	5.55079 -0.288657,
	5.55079 -0.284756,
	5.55469 -0.280855,
	5.55274 -0.249649,
	5.54299 -0.218443,
	5.54104 -0.214542,
	5.54689 -0.198939,
	5.55859 -0.185286,
	5.57029 -0.15408,
	5.5898 -0.122874,
	5.59955 -0.107271,
	5.6015 -0.0994695,
	5.6054 -0.0955687,
	5.60735 -0.0799657,
	5.61515 -0.0643626,
	5.6171 -0.0565611,
	5.62295 -0.0487596,
	5.62685 -0.0331565,
	5.6288 -0.0292557,
	5.62685 -0.025355,
	5.65806 -0.0117023,
	5.67366 0,
	5.67756 0,
	5.69317 0.0136527,
	5.69902 0.0214542,
	5.70292 0.0370573,
	5.70292 0.040958,
	5.71267 0.0546107,
	5.73803 0.0819161,
	5.74778 0.091668,
	5.74778 0.0955687,
	5.75363 0.10337,
	5.75558 0.111172,
	5.76728 0.126775,
	5.77118 0.130676,
	5.78679 0.132626,
	5.81799 0.142378,
	5.83359 0.148229,
	5.8375 0.15213,
	5.8453 0.15408,
	5.8531 0.159931,
	5.8843 0.171634,
	5.89991 0.181386,
	5.91551 0.187237,
	5.93111 0.189187,
	5.99353 0.173584,
	6.05594 0.175534,
	6.07154 0.175534,
	6.08714 0.185286,
	6.093 0.191137,
	6.1086 0.187237,
	6.1242 0.175534,
	6.1398 0.169683,
	6.15541 0.173584,
	6.16906 0.183336,
	6.18466 0.185286,
	6.20027 0.181386,
	6.20807 0.177485,
	6.23927 0.179435,
	6.25488 0.185286,
	6.26853 0.195038,
	6.29974 0.198939,
	6.31339 0.208691,
	6.32899 0.222344,
	6.34459 0.224294,
	6.3524 0.226244,
	6.36605 0.237947,
	6.36995 0.25355,
	6.38555 0.259401,
	6.38945 0.267202,
	6.38945 0.282805,
	6.3836 0.298409,
	6.37385 0.312061,
	6.36995 0.315962,
	6.36995 0.331565,
	6.3836 0.362771,
	6.39335 0.393977,
	6.40311 0.45639,
	6.40506 0.487596,
	6.40506 0.503199,
	6.41481 0.565611,
	6.41481 0.581214,
	6.41676 0.589016,
	6.43041 0.604619,
	6.42846 0.620222,
	6.42846 0.624122,
	6.40506 0.655329,
	6.3758 0.680684,
	6.35825 0.71189,
	6.3485 0.725542,
	6.33289 0.731393,
	6.30169 0.725542,
	6.27048 0.723592,
	6.23927 0.735294,
	6.22367 0.735294,
	6.20807 0.727493,
	6.20417 0.727493,
	6.17881 0.700187,
	6.17296 0.684584,
	6.16126 0.670932,
	6.132 0.651428,
	6.1164 0.645577,
	6.08714 0.628023,
	6.05594 0.614371,
	6.04034 0.606569,
	6.03643 0.606569,
	6.03253 0.602668,
	5.97012 0.573412,
	5.94477 0.548058,
	5.92136 0.516851,
	5.89601 0.489546,
	5.89211 0.473943,
	5.8843 0.468092,
	5.8804 0.464191,
	5.8804 0.46029,
	5.8765 0.45834,
	5.87455 0.450538,
	5.857 0.419332,
	5.84725 0.388126,
	5.84335 0.372523,
	5.8414 0.364722,
	5.83164 0.349118,
	5.81799 0.335466,
	5.81214 0.329615,
	5.79654 0.325714,
	5.78874 0.323764,
	5.75753 0.30621,
	5.74193 0.30426,
	5.73412 0.302309,
	5.72632 0.30621,
	5.71852 0.314012,
	5.70097 0.376424,
	5.69122 0.40763,
	5.67561 0.438836,
	5.65806 0.466141,
	5.64441 0.477844,
	5.63661 0.483695,
	5.621 0.487596,
	5.6054 0.487596,
	5.5976 0.487596,
	5.5898 0.483695,
	5.57614 0.468092,
	5.57029 0.462241,
	5.57029 0.45834,
	5.56249 0.452489,
	5.55859 0.448588,
	5.55274 0.45639,
	5.53714 0.466141,
	5.50593 0.475893,
	5.49033 0.483695,
	5.48643 0.483695,
	5.47862 0.489546,
	5.44742 0.501248,
	5.43962 0.505149,
	5.40841 0.507099,
	5.39281 0.512951,
	5.3772 0.522703,
	5.3538 0.550008,
	5.3382 0.555859,
	5.30699 0.557809,
	5.27579 0.553909,
	5.26018 0.55976,
	5.25238 0.563661,
	5.22117 0.56171,
	5.18997 0.555859,
	5.17437 0.555859,
	5.14316 0.548058,
	5.11195 0.544157,
	5.08075 0.530504,
	5.07685 0.526603,
	5.07685 0.522703,
	5.07295 0.518802,
	5.07099 0.503199,
	5.06904 0.495397,
	5.05929 0.479794,
	5.05929 0.466141,
	"/>
</Transform>

<Transform dim="6"
 xcoef=" 1.56937360757469 0.846455232617974 -0.0428213084407764 0 0 0"
 ycoef=" 0.098453598304773 -0.00489535937066404 0.953821325970165 0 0 0">
<Contour name="d03" hidden="false" closed="true" simplified="true" border="1 0 0.5" fill="1 0 0.5" mode="11"
 points="7.52421 -1.37835,
	7.53681 -1.39599,
	7.55697 -1.40607,
	7.56201 -1.4111,
	7.60233 -1.41866,
	7.62249 -1.41866,
	7.6628 -1.40858,
	7.68296 -1.40607,
	7.69304 -1.40858,
	7.70564 -1.42118,
	7.70564 -1.42622,
	7.72076 -1.44386,
	7.72832 -1.48418,
	7.73084 -1.5245,
	7.7258 -1.56481,
	7.72328 -1.58497,
	7.71572 -1.60513,
	7.71068 -1.61521,
	7.71068 -1.62025,
	7.70564 -1.62277,
	7.70312 -1.66309,
	7.69808 -1.68325,
	7.69808 -1.69333,
	7.69808 -1.69837,
	7.7132 -1.71852,
	7.72328 -1.72608,
	7.74344 -1.7286,
	7.7636 -1.72356,
	7.77368 -1.71852,
	7.78879 -1.69837,
	7.79131 -1.68829,
	7.79635 -1.68325,
	7.80391 -1.64293,
	7.80895 -1.56229,
	7.81651 -1.52198,
	7.81399 -1.44134,
	7.80643 -1.40103,
	7.78879 -1.36071,
	7.78124 -1.34055,
	7.7636 -1.32291,
	7.751 -1.30527,
	7.71572 -1.26999,
	7.69808 -1.2574,
	7.67792 -1.24984,
	7.65776 -1.24984,
	7.64768 -1.24984,
	7.60737 -1.27755,
	7.59729 -1.28511,
	7.59225 -1.28511,
	7.58721 -1.29015,
	7.56705 -1.29519,
	7.54689 -1.30779,
	7.53681 -1.31787,
	7.52673 -1.33803,
	7.52421 -1.37583,
	"/>
<Contour name="d03" hidden="false" closed="true" simplified="true" border="1 0 0.5" fill="1 0 0.5" mode="11"
 points="6.89425 0.544283,
	6.90181 0.524125,
	6.90433 0.503966,
	6.92701 0.463649,
	6.93961 0.44349,
	6.94465 0.43845,
	6.94717 0.428371,
	6.96229 0.410732,
	7.00261 0.398133,
	7.02277 0.398133,
	7.04292 0.388054,
	7.04796 0.388054,
	7.053 0.383014,
	7.13364 0.405693,
	7.17396 0.433411,
	7.21427 0.453569,
	7.23191 0.466169,
	7.24955 0.483807,
	7.25963 0.488847,
	7.27979 0.483807,
	7.29995 0.483807,
	7.31003 0.483807,
	7.35034 0.498926,
	7.35538 0.509006,
	7.36042 0.514045,
	7.3579 0.534204,
	7.35286 0.539244,
	7.35034 0.549323,
	7.31255 0.582081,
	7.27475 0.604759,
	7.27223 0.609799,
	7.26719 0.609799,
	7.22687 0.632477,
	7.21679 0.637517,
	7.20671 0.637517,
	7.18656 0.645076,
	7.14876 0.675314,
	7.1286 0.687914,
	7.08828 0.695473,
	7.0782 0.700513,
	7.03789 0.697993,
	7.01773 0.695473,
	6.99757 0.687914,
	6.98749 0.685394,
	6.97993 0.677834,
	6.97489 0.677834,
	6.95473 0.662715,
	6.92953 0.627438,
	6.92701 0.617358,
	6.90433 0.577041,
	6.89425 0.556882,
	6.89425 0.546803,
	"/>
<Contour name="d03" hidden="false" closed="true" simplified="true" border="1 0 0.5" fill="1 0 0.5" mode="11"
 points="7.48893 -0.178908,
	7.49397 -0.199067,
	7.49145 -0.239384,
	7.49145 -0.259542,
	7.50405 -0.29986,
	7.51413 -0.320018,
	7.51413 -0.325058,
	7.51917 -0.330098,
	7.52421 -0.350256,
	7.52421 -0.360336,
	7.52925 -0.370415,
	7.52925 -0.410732,
	7.52925 -0.420812,
	7.53429 -0.430891,
	7.52925 -0.471208,
	7.52673 -0.491367,
	7.51665 -0.511525,
	7.51413 -0.521605,
	7.51665 -0.541763,
	7.51917 -0.551843,
	7.53681 -0.566962,
	7.57713 -0.579561,
	7.58721 -0.582081,
	7.59225 -0.582081,
	7.59729 -0.58712,
	7.60233 -0.58712,
	7.62249 -0.602239,
	7.6502 -0.640037,
	7.65776 -0.647596,
	7.67792 -0.650116,
	7.688 -0.655156,
	7.7132 -0.692953,
	7.73336 -0.705552,
	7.74344 -0.710592,
	7.75352 -0.710592,
	7.75856 -0.710592,
	7.79383 -0.672795,
	7.80643 -0.655156,
	7.81147 -0.650116,
	7.81147 -0.609799,
	7.81399 -0.58964,
	7.81399 -0.584601,
	7.81903 -0.579561,
	7.81903 -0.574521,
	7.82911 -0.564442,
	7.84927 -0.554363,
	7.86943 -0.554363,
	7.87951 -0.554363,
	7.89967 -0.541763,
	7.91227 -0.501446,
	7.91479 -0.481288,
	7.92235 -0.461129,
	7.92739 -0.456089,
	7.94502 -0.375455,
	7.95258 -0.355296,
	7.9551 -0.345217,
	7.96014 -0.342697,
	7.96014 -0.332618,
	7.98282 -0.2923,
	8.02314 -0.262062,
	8.02818 -0.257023,
	8.0307 -0.236864,
	8.02818 -0.216705,
	8.02566 -0.206626,
	8.0055 -0.188987,
	7.98534 -0.183948,
	7.97526 -0.178908,
	7.95762 -0.161269,
	7.92991 -0.120952,
	7.88203 -0.0503966,
	7.87195 -0.0100793,
	7.86691 -0.00503966,
	7.86439 0.00503966,
	7.85179 0.0226785,
	7.83415 0.0403173,
	7.82659 0.0503966,
	7.80643 0.0604759,
	7.78879 0.0806346,
	7.76612 0.120952,
	7.74092 0.156229,
	7.73588 0.161269,
	7.73588 0.166309,
	7.72076 0.181428,
	7.69304 0.221745,
	7.66028 0.254503,
	7.64264 0.269622,
	7.62249 0.277181,
	7.60233 0.279701,
	7.58217 0.277181,
	7.57209 0.277181,
	7.55193 0.264582,
	7.53429 0.244424,
	7.51413 0.231824,
	7.50405 0.214186,
	7.50153 0.194027,
	7.50405 0.183948,
	7.50153 0.14363,
	7.50153 0.123472,
	7.49397 0.0831544,
	7.49145 0.0428371,
	7.48893 0.0226785,
	7.49649 -0.0176388,
	7.48893 -0.0579561,
	7.48893 -0.138591,
	7.48893 -0.176388,
	"/>
</Transform>

<Transform dim="6"
 xcoef=" 1.56937360757469 0.846455232617974 -0.0428213084407764 0 0 0"
 ycoef=" 0.098453598304773 -0.00489535937066404 0.953821325970165 0 0 0">
<Contour name="d05" hidden="false" closed="true" simplified="true" border="1 1 0" fill="1 1 0" mode="11"
 points="6.79439 1.75346,
	6.80446 1.72125,
	6.80446 1.71319,
	6.82056 1.68098,
	6.82459 1.66488,
	6.84271 1.63468,
	6.8568 1.61858,
	6.87291 1.61656,
	6.90512 1.62663,
	6.92122 1.63267,
	6.93733 1.63468,
	6.96954 1.63267,
	7.00175 1.62059,
	7.01785 1.61052,
	7.05006 1.59844,
	7.08227 1.59643,
	7.11448 1.61052,
	7.13059 1.6226,
	7.1467 1.63065,
	7.17891 1.65884,
	7.20508 1.69105,
	7.21917 1.72326,
	7.21917 1.73936,
	7.2393 1.80379,
	7.25138 1.836,
	7.26145 1.8521,
	7.27554 1.86821,
	7.30775 1.88834,
	7.32385 1.90042,
	7.33191 1.90243,
	7.34801 1.9125,
	7.3621 1.9286,
	7.37217 1.94471,
	7.38223 1.97692,
	7.38425 1.98497,
	7.41243 2.01718,
	7.4225 2.03127,
	7.43055 2.03932,
	7.46276 2.09972,
	7.49497 2.16414,
	7.50705 2.19635,
	7.50705 2.22856,
	7.51108 2.24467,
	7.51108 2.27688,
	7.51108 2.29298,
	7.50302 2.32519,
	7.48893 2.3574,
	7.47887 2.38961,
	7.46477 2.40572,
	7.45672 2.41176,
	7.42451 2.4178,
	7.3923 2.41377,
	7.36009 2.40371,
	7.35204 2.39968,
	7.31983 2.39565,
	7.30372 2.39767,
	7.29567 2.40169,
	7.29366 2.4178,
	7.30372 2.48222,
	7.31379 2.51443,
	7.31379 2.52248,
	7.31781 2.53053,
	7.3158 2.56274,
	7.31379 2.57885,
	7.30775 2.59496,
	7.30573 2.60301,
	7.28963 2.61911,
	7.27352 2.62113,
	7.24131 2.60099,
	7.193 2.53657,
	7.16079 2.51644,
	7.14468 2.50638,
	7.12858 2.49228,
	7.12052 2.48624,
	7.1165 2.47819,
	7.08429 2.46007,
	7.06818 2.45001,
	7.0561 2.4339,
	7.02389 2.40572,
	7.01584 2.39767,
	7.01383 2.38961,
	7.01383 2.38559,
	6.98363 2.35539,
	6.96551 2.32318,
	6.95142 2.29097,
	6.94337 2.27486,
	6.9172 2.24265,
	6.90914 2.22655,
	6.90512 2.21044,
	6.90109 2.20239,
	6.90109 2.19434,
	6.88297 2.16213,
	6.87693 2.14602,
	6.87291 2.11381,
	6.86687 2.09771,
	6.85277 2.0816,
	6.83667 2.04939,
	6.83063 2.01718,
	6.83264 2.00913,
	6.8266 1.99302,
	6.81654 1.97692,
	6.8105 1.96081,
	6.80849 1.94471,
	6.81251 1.9125,
	6.80446 1.84808,
	6.80446 1.84002,
	6.79842 1.82392,
	6.79439 1.79171,
	6.79439 1.7595,
	6.79439 1.75547,
	"/>
</Transform>

<Transform dim="6"
 xcoef=" 1.56937360757469 0.846455232617974 -0.0428213084407764 0 0 0"
 ycoef=" 0.098453598304773 -0.00489535937066404 0.953821325970165 0 0 0">
<Contour name="d05" hidden="false" closed="true" simplified="true" border="1 1 0" fill="1 1 0" mode="11"
 points="6.24279 3.44853,
	6.25889 3.41632,
	6.27903 3.3519,
	6.28305 3.34385,
	6.28305 3.3358,
	6.28305 3.33177,
	6.29111 3.32573,
	6.29513 3.30962,
	6.29916 3.2452,
	6.3052 3.21299,
	6.3052 3.19689,
	6.31929 3.16468,
	6.33741 3.10026,
	6.34345 3.06805,
	6.35351 3.03584,
	6.35754 3.00363,
	6.35553 2.97141,
	6.35955 2.90699,
	6.36559 2.87478,
	6.36962 2.85868,
	6.40183 2.79426,
	6.40585 2.78017,
	6.41391 2.76406,
	6.43001 2.75198,
	6.43807 2.74997,
	6.44209 2.74594,
	6.4743 2.74594,
	6.49041 2.74795,
	6.50651 2.75399,
	6.53872 2.77211,
	6.60314 2.77413,
	6.66756 2.76809,
	6.69978 2.76607,
	6.73199 2.75601,
	6.7642 2.75198,
	6.82862 2.75601,
	6.84472 2.75601,
	6.86083 2.75198,
	6.87693 2.75198,
	6.89304 2.74795,
	6.90914 2.74997,
	6.92525 2.76003,
	6.9333 2.76809,
	6.93733 2.76809,
	6.94135 2.77211,
	6.97356 2.77413,
	6.98162 2.77614,
	7.0098 2.80835,
	7.02792 2.84056,
	7.03799 2.87277,
	7.03597 2.88888,
	7.04201 2.92109,
	7.0561 2.93719,
	7.08831 2.95732,
	7.11448 2.98752,
	7.13462 3.01973,
	7.13864 3.02778,
	7.17085 3.04791,
	7.20306 3.05999,
	7.21917 3.06805,
	7.25138 3.07006,
	7.25943 3.06603,
	7.26145 3.06402,
	7.27554 3.08013,
	7.27755 3.08818,
	7.27151 3.12039,
	7.26547 3.13649,
	7.26145 3.1687,
	7.25138 3.20091,
	7.24534 3.23312,
	7.24333 3.24118,
	7.24534 3.25728,
	7.24735 3.26534,
	7.25138 3.26936,
	7.25742 3.30157,
	7.25943 3.33378,
	7.25742 3.34989,
	7.25742 3.35794,
	7.24937 3.37405,
	7.23326 3.38612,
	7.23326 3.41833,
	7.22521 3.43444,
	7.193 3.46665,
	7.17689 3.47873,
	7.16884 3.48477,
	7.16079 3.48678,
	7.13462 3.51698,
	7.11851 3.52101,
	7.10241 3.52101,
	7.0863 3.51698,
	7.07825 3.51295,
	7.06214 3.51497,
	7.05409 3.51698,
	7.05006 3.51698,
	7.01785 3.54718,
	7.0098 3.55322,
	6.97759 3.55724,
	6.96149 3.5653,
	6.89706 3.56731,
	6.88901 3.56731,
	6.8568 3.55523,
	6.79238 3.52302,
	6.78433 3.52101,
	6.76822 3.51094,
	6.75212 3.49685,
	6.71185 3.43243,
	6.69172 3.40022,
	6.67763 3.36801,
	6.67159 3.3358,
	6.6575 3.30359,
	6.64542 3.23916,
	6.63737 3.22306,
	6.63334 3.21501,
	6.63133 3.1828,
	6.64139 3.15059,
	6.66153 3.11837,
	6.67159 3.10227,
	6.67562 3.09422,
	6.70783 3.06402,
	6.71387 3.05597,
	6.71588 3.03986,
	6.71789 3.03181,
	6.72796 3.0157,
	6.72997 3.00765,
	6.74205 2.99155,
	6.74406 2.98349,
	6.7501 2.97544,
	6.76017 2.94323,
	6.76017 2.9392,
	6.77024 2.9231,
	6.77628 2.89089,
	6.77829 2.87478,
	6.7803 2.86673,
	6.77628 2.85063,
	6.76621 2.83452,
	6.7501 2.82244,
	6.71789 2.81238,
	6.70179 2.81036,
	6.69374 2.80835,
	6.67763 2.81439,
	6.64542 2.83653,
	6.62931 2.84257,
	6.62126 2.8466,
	6.61724 2.8466,
	6.60918 2.85264,
	6.60113 2.85465,
	6.59308 2.86069,
	6.57496 2.8929,
	6.56489 2.92511,
	6.56489 2.98953,
	6.56892 3.02174,
	6.58301 3.05395,
	6.59106 3.08616,
	6.59308 3.10227,
	6.59912 3.11837,
	6.60113 3.13448,
	6.60717 3.15059,
	6.61724 3.21501,
	6.62328 3.23111,
	6.62529 3.24722,
	6.6273 3.25527,
	6.63737 3.27137,
	6.64341 3.28748,
	6.64542 3.3519,
	6.64743 3.38411,
	6.65347 3.41632,
	6.65347 3.42437,
	6.67964 3.4888,
	6.69374 3.52101,
	6.69776 3.53711,
	6.69575 3.55322,
	6.69172 3.56127,
	6.68367 3.56932,
	6.66756 3.56731,
	6.66354 3.56328,
	6.64743 3.55926,
	6.64341 3.55523,
	6.6273 3.55724,
	6.6112 3.5653,
	6.58905 3.59751,
	6.581 3.61361,
	6.581 3.64582,
	6.57697 3.67803,
	6.56892 3.71024,
	6.55483 3.72635,
	6.53872 3.73843,
	6.52262 3.74648,
	6.50651 3.74648,
	6.49041 3.74245,
	6.4582 3.72031,
	6.44209 3.70622,
	6.43807 3.69816,
	6.40585 3.66998,
	6.3676 3.60556,
	6.35553 3.57335,
	6.34949 3.5653,
	6.33539 3.55724,
	6.32734 3.55523,
	6.31325 3.53912,
	6.30922 3.5351,
	6.30721 3.52705,
	6.30117 3.51899,
	6.29916 3.51094,
	6.28909 3.49483,
	6.28305 3.4888,
	6.25084 3.47873,
	6.2448 3.47068,
	6.24279 3.45457,
	6.24279 3.45055,
	"/>
</Transform>

<Transform dim="6"
 xcoef=" 1.56937360757469 0.846455232617974 -0.0428213084407764 0 0 0"
 ycoef=" 0.098453598304773 -0.00489535937066404 0.953821325970165 0 0 0">
<Contour name="d05ax18ssvr" hidden="false" closed="true" simplified="false" border="0 1 0.25098" fill="0 0 1" mode="-11"
 points="7.91747 1.51688,
	7.90824 1.50766,
	7.91747 1.49843,
	7.92669 1.50766,
	"/>
<Contour name="d05ax18ssvdb" hidden="false" closed="true" simplified="false" border="1 0.501961 0" fill="0 0 1" mode="-11"
 points="7.9346 1.37589,
	7.92537 1.36667,
	7.9346 1.35745,
	7.94382 1.36667,
	"/>
<Contour name="d05ax18ssvdb" hidden="false" closed="true" simplified="false" border="1 0.501961 0" fill="0 0 1" mode="-11"
 points="7.90824 1.43123,
	7.89902 1.42201,
	7.90824 1.41279,
	7.91747 1.42201,
	"/>
<Contour name="d05ax18ssvdb" hidden="false" closed="true" simplified="false" border="1 0.501961 0" fill="0 0 1" mode="-11"
 points="7.91351 1.32582,
	7.90429 1.3166,
	7.91351 1.30737,
	7.92274 1.3166,
	"/>
<Contour name="d05ax18ssvdb" hidden="false" closed="true" simplified="false" border="1 0.501961 0" fill="0 0 1" mode="-11"
 points="7.86608 1.47735,
	7.85686 1.46813,
	7.86608 1.45891,
	7.8753 1.46813,
	"/>
</Transform>

<Transform dim="6"
 xcoef=" 1.56937360757469 0.846455232617974 -0.0428213084407764 0 0 0"
 ycoef=" 0.098453598304773 -0.00489535937066404 0.953821325970165 0 0 0">
<Contour name="d05ax19ssvr" hidden="false" closed="true" simplified="false" border="0 1 0.25098" fill="0 0 1" mode="-11"
 points="7.34719 4.88139,
	7.33813 4.87233,
	7.34719 4.86327,
	7.35625 4.87233,
	"/>
<Contour name="d05ax19ssvr" hidden="false" closed="true" simplified="false" border="0 1 0.25098" fill="0 0 1" mode="-11"
 points="7.31354 4.84903,
	7.30448 4.83997,
	7.31354 4.83091,
	7.3226 4.83997,
	"/>
<Contour name="d05ax19ssvr" hidden="false" closed="true" simplified="false" border="0 1 0.25098" fill="0 0 1" mode="-11"
 points="7.27212 4.81796,
	7.26306 4.8089,
	7.27212 4.79984,
	7.28118 4.8089,
	"/>
<Contour name="d05ax19ssvr" hidden="false" closed="true" simplified="false" border="0 1 0.25098" fill="0 0 1" mode="-11"
 points="7.29801 4.76749,
	7.28895 4.75843,
	7.29801 4.74937,
	7.30707 4.75843,
	"/>
<Contour name="d05ax19ssvr" hidden="false" closed="true" simplified="false" border="0 1 0.25098" fill="0 0 1" mode="-11"
 points="7.28507 4.74419,
	7.27601 4.73513,
	7.28507 4.72607,
	7.29413 4.73513,
	"/>
<Contour name="d05ax19ssvr" hidden="false" closed="true" simplified="false" border="0 1 0.25098" fill="0 0 1" mode="-11"
 points="7.32907 4.75454,
	7.32001 4.74548,
	7.32907 4.73642,
	7.33813 4.74548,
	"/>
<Contour name="d05ax19ssvr" hidden="false" closed="true" simplified="false" border="0 1 0.25098" fill="0 0 1" mode="-11"
 points="7.36143 4.73642,
	7.35237 4.72736,
	7.36143 4.7183,
	7.37049 4.72736,
	"/>
<Contour name="d05ax19ssvr" hidden="false" closed="true" simplified="false" border="0 1 0.25098" fill="0 0 1" mode="-11"
 points="7.32778 4.67947,
	7.31872 4.67041,
	7.32778 4.66135,
	7.33684 4.67041,
	"/>
</Transform>

<Transform dim="6"
 xcoef=" 1.56937360757469 0.846455232617974 -0.0428213084407764 0 0 0"
 ycoef=" 0.098453598304773 -0.00489535937066404 0.953821325970165 0 0 0">
<Contour name="d05ax18" hidden="false" closed="true" simplified="true" border="0 0 1" fill="0 0 1" mode="-11"
 points="7.78924 1.55785,
	7.84025 1.43228,
	7.85987 1.36949,
	7.85987 1.36165,
	7.86772 1.3538,
	7.87164 1.3224,
	7.89911 1.29494,
	7.9305 1.27924,
	7.9462 1.27924,
	7.95405 1.27924,
	7.98152 1.30278,
	8.01291 1.33418,
	8.07177 1.37734,
	8.09139 1.40873,
	8.09924 1.40873,
	8.11886 1.44013,
	8.13063 1.45582,
	8.12671 1.48721,
	8.12671 1.50291,
	8.11494 1.51861,
	8.09139 1.58139,
	8.08354 1.64418,
	8.07569 1.65987,
	8.07569 1.66772,
	8.05215 1.69519,
	8.02076 1.71873,
	7.98937 1.72658,
	7.95797 1.72266,
	7.9305 1.70304,
	7.90304 1.67557,
	7.87164 1.6638,
	7.85595 1.65595,
	7.82456 1.65203,
	7.79316 1.62848,
	7.78924 1.5657,
	7.78924 1.56177,
	"/>
<Contour name="d05ax18" hidden="false" closed="true" simplified="true" border="0 0 1" fill="0 0 1" mode="-11"
 points="8.31114 3.40608,
	8.32683 3.37468,
	8.3543 3.35506,
	8.37 3.34721,
	8.40139 3.34721,
	8.41709 3.34721,
	8.44848 3.35899,
	8.46418 3.36291,
	8.49164 3.39038,
	8.53481 3.44924,
	8.55443 3.48063,
	8.56228 3.48848,
	8.5662 3.50418,
	8.5662 3.51202,
	8.57405 3.51987,
	8.57013 3.58266,
	8.57013 3.61405,
	8.54266 3.67683,
	8.51519 3.68861,
	8.4838 3.68468,
	8.47595 3.67683,
	8.46025 3.67291,
	8.43278 3.64937,
	8.41316 3.61797,
	8.39354 3.55519,
	8.37 3.5238,
	8.33861 3.49633,
	8.31899 3.46494,
	8.31114 3.44924,
	8.31114 3.41785,
	8.31114 3.41,
	"/>
</Transform>

<Transform dim="6"
 xcoef=" 1.56937360757469 0.846455232617974 -0.0428213084407764 0 0 0"
 ycoef=" 0.098453598304773 -0.00489535937066404 0.953821325970165 0 0 0">
<Contour name="d01SER" hidden="false" closed="true" simplified="true" border="0 1 0" fill="0 1 0" mode="-9"
 points="5.21997 0.0521128,
	5.23155 0.0405322,
	5.24313 0.0347419,
	5.24892 0.0289516,
	5.2605 0.0318467,
	5.26918 0.0405322,
	5.26918 0.0521128,
	5.26918 0.0579031,
	5.26339 0.0636934,
	5.26339 0.0694837,
	5.24023 0.0781692,
	5.22865 0.0781692,
	5.21997 0.0694837,
	5.21997 0.0579031,
	5.21997 0.055008,
	"/>
<Contour name="d01SER" hidden="false" closed="true" simplified="true" border="0 1 0" fill="0 1 0" mode="-9"
 points="5.45158 0.0405322,
	5.45737 0.0289516,
	5.46895 0.0202661,
	5.48053 0.0231612,
	5.48922 0.0347419,
	5.49211 0.0579031,
	5.4979 0.0694837,
	5.52106 0.0607983,
	5.52685 0.0579031,
	5.53843 0.0636934,
	5.55001 0.0868547,
	5.54712 0.133177,
	5.54422 0.156338,
	5.54712 0.162129,
	5.54422 0.167919,
	5.5587 0.19108,
	5.56449 0.214242,
	5.56449 0.237403,
	5.56449 0.248983,
	5.54422 0.26925,
	5.53264 0.26925,
	5.52685 0.26925,
	5.50659 0.248983,
	5.50659 0.202661,
	5.51527 0.1795,
	5.51238 0.156338,
	5.51238 0.144758,
	5.50659 0.133177,
	5.50369 0.110016,
	5.5008 0.0984353,
	5.49211 0.0897498,
	5.46895 0.0839595,
	5.45447 0.0607983,
	5.45158 0.0492177,
	5.45158 0.0434273,
	"/>
</Transform>

<Transform dim="6"
 xcoef=" 1.56937360757469 0.846455232617974 -0.0428213084407764 0 0 0"
 ycoef=" 0.098453598304773 -0.00489535937066404 0.953821325970165 0 0 0">
<Contour name="d01p30" hidden="false" closed="true" simplified="false" border="0 1 1" fill="0 1 1" mode="-9"
 points="5.68471 0.211728,
	5.68471 0.190168,
	5.70627 0.190168,
	5.70627 0.168609,
	5.72783 0.168609,
	5.72783 0.190168,
	5.74939 0.190168,
	5.74939 0.211728,
	5.72783 0.211728,
	5.72783 0.233287,
	5.70627 0.233287,
	5.70627 0.211728,
	"/>
</Transform>

<Transform dim="6"
 xcoef=" 0.86777782088933 0.814940171993163 -0.0642889018967813 0 0 0"
 ycoef=" 4.73194634194775 -0.0725874617527469 0.76869239630137 0 0 0">
<Image mag="0.00220626" contrast="1" brightness="0" red="true" green="true" blue="true"
 src="FPNCT.198.jpg" />
<Contour name="domain1" hidden="false" closed="true" simplified="false" border="1 0 1" fill="1 0 1" mode="11"
 points="0 0,
	4096 0,
	4096 4096,
	0 4096,
	"/>
</Transform>

</Section>