<?xml version="1.0"?>
<!DOCTYPE Section SYSTEM "section.dtd">

<Section index="183" thickness="0.048" alignLocked="true">
<Transform dim="6"
 xcoef=" 1.44393194892798 0.849392821205817 -0.0502738808600202 0 0 0"
 ycoef=" 0.128870868582884 -0.00684477232609148 0.950855096795244 0 0 0">
<Contour name="D06" hidden="false" closed="true" simplified="true" border="0 0 1" fill="0 0 1" mode="9"
 points="4.99881 4.0126,
	5.00189 3.96713,
	5.01105 3.92275,
	5.02607 3.88052,
	5.0466 3.84147,
	5.07213 3.80653,
	5.10207 3.77654,
	5.13567 3.75222,
	5.17215 3.73415,
	5.21062 3.72277,
	5.25016 3.71836,
	5.28982 3.72101,
	5.32865 3.73067,
	5.36571 3.74709,
	5.40011 3.7699,
	5.43104 3.79854,
	5.45773 3.83231,
	5.47956 3.87042,
	5.496 3.91195,
	5.50666 3.95589,
	5.51127 4.00119,
	5.50973 4.04677,
	5.50207 4.09153,
	5.48848 4.13439,
	5.46929 4.17432,
	5.44496 4.21038,
	5.41606 4.24168,
	5.3833 4.26748,
	5.34746 4.28715,
	5.3094 4.30023,
	5.27004 4.30641,
	5.23032 4.30552,
	5.1912 4.2976,
	5.15361 4.28284,
	5.11846 4.26158,
	5.08659 4.23434,
	5.05878 4.20178,
	5.03568 4.16467,
	5.01785 4.12391,
	5.00572 4.08047,
	"/>
</Transform>

<Transform dim="6"
 xcoef=" 1.44393194892798 0.849392821205817 -0.0502738808600202 0 0 0"
 ycoef=" 0.128870868582884 -0.00684477232609148 0.950855096795244 0 0 0">
<Contour name="d01c26" hidden="false" closed="true" simplified="true" border="1 0 0" fill="0 1 0" mode="9"
 points="5.67489 1.45062,
	5.70797 1.41754,
	5.74577 1.40809,
	5.82137 1.41282,
	5.85445 1.44117,
	5.89225 1.47897,
	5.93005 1.49787,
	5.93478 1.53567,
	5.90642 1.57347,
	5.89697 1.59237,
	5.85917 1.63017,
	5.82137 1.63962,
	5.78357 1.6349,
	5.74577 1.616,
	5.72687 1.5971,
	5.71742 1.5782,
	5.69852 1.5593,
	5.68907 1.5404,
	5.69852 1.5215,
	5.67962 1.48369,
	5.67489 1.46479,
	5.67489 1.45534,
	"/>
</Transform>

<Transform dim="6"
 xcoef=" 1.44393194892798 0.849392821205817 -0.0502738808600202 0 0 0"
 ycoef=" 0.118870868582884 -0.00684477232609148 0.950855096795244 0 0 0">
<Contour name="d01cfa26" hidden="false" closed="true" simplified="true" border="0 1 0" fill="0 1 0" mode="9"
 points="5.67489 1.45062,
	5.70797 1.41754,
	5.74577 1.40809,
	5.82137 1.41282,
	5.85445 1.44117,
	5.89225 1.47897,
	5.93005 1.49787,
	5.93478 1.53567,
	5.90642 1.57347,
	5.89697 1.59237,
	5.85917 1.63017,
	5.82137 1.63962,
	5.78357 1.6349,
	5.74577 1.616,
	5.72687 1.5971,
	5.71742 1.5782,
	5.69852 1.5593,
	5.68907 1.5404,
	5.69852 1.5215,
	5.67962 1.48369,
	5.67489 1.46479,
	5.67489 1.45534,
	"/>
<Contour name="d01cfa26" hidden="false" closed="false" simplified="false" border="0 1 1" fill="0 1 1" mode="9"
 points="5.71021 1.56532,
	5.73384 1.60313,
	5.80944 1.62675,
	5.86142 1.6173,
	5.90394 1.57478,
	5.94174 1.51335,
	5.90394 1.48027,
	5.85196 1.44247,
	5.80944 1.39995,
	5.76219 1.40467,
	5.71966 1.41412,
	5.68186 1.45192,
	5.69131 1.50862,
	"/>
</Transform>

<Transform dim="6"
 xcoef=" 1.44393194892798 0.849392821205817 -0.0502738808600202 0 0 0"
 ycoef=" 0.128870868582884 -0.00684477232609148 0.950855096795244 0 0 0">
<Contour name="d05c18" hidden="false" closed="true" simplified="true" border="0 1 0" fill="0 1 0" mode="9"
 points="7.38491 1.08253,
	7.39168 1.069,
	7.39168 1.06224,
	7.40183 1.0487,
	7.41536 0.994578,
	7.41874 0.940452,
	7.41536 0.832198,
	7.41536 0.805135,
	7.42212 0.778071,
	7.42212 0.723945,
	7.42551 0.696881,
	7.43904 0.669818,
	7.4864 0.622457,
	7.49993 0.608925,
	7.51346 0.60216,
	7.52023 0.595394,
	7.54729 0.595394,
	7.55068 0.622457,
	7.53714 0.676584,
	7.527 0.703647,
	7.52361 0.808518,
	7.52023 0.835581,
	7.50332 0.859262,
	7.49655 0.872793,
	7.49655 0.879559,
	7.4864 0.893091,
	7.48302 1.00134,
	7.48978 1.21785,
	7.48978 1.27198,
	7.48978 1.29904,
	7.48978 1.31257,
	7.4661 1.33964,
	7.43904 1.33625,
	7.43227 1.32949,
	7.43227 1.30242,
	7.42551 1.27536,
	7.39506 1.22462,
	7.38491 1.21109,
	7.38491 1.10283,
	7.38491 1.0893,
	7.38491 1.08592,
	"/>
<Contour name="d05cfa18" hidden="false" closed="false" simplified="false" border="0 1 1" fill="0 1 1" mode="9"
 points="7.46204 1.33588,
	7.44513 1.27499,
	7.4316 1.22425,
	7.42145 1.15997,
	7.42145 1.09231,
	7.44513 1.02804,
	7.44513 0.963763,
	7.44513 0.919785,
	7.44513 0.872424,
	7.44513 0.811532,
	7.44513 0.77432,
	7.46881 0.720193,
	7.47219 0.676215,
	7.50264 0.632237,
	7.54662 0.591642,
	"/>
</Transform>

<Transform dim="6"
 xcoef=" 1.27393194892798 0.849392821205817 -0.0502738808600202 0 0 0"
 ycoef=" 0.368870868582883 -0.00684477232609148 0.950855096795244 0 0 0">
<Contour name="D13" hidden="false" closed="true" simplified="true" border="0.5 0 1" fill="0.5 0 1" mode="9"
 points="1.86438 0.72344,
	1.87248 0.64517,
	1.89636 0.57083,
	1.93483 0.50414,
	1.98596 0.44845,
	2.04718 0.406545,
	2.11543 0.380532,
	2.18728 0.371713,
	2.25913 0.380532,
	2.32737 0.406545,
	2.3886 0.44845,
	2.43972 0.50414,
	2.47819 0.57083,
	2.50207 0.64517,
	2.51017 0.72344,
	2.50207 0.8017,
	2.47819 0.87604,
	2.43972 0.94273,
	2.3886 0.99842,
	2.32737 1.04033,
	2.25913 1.06634,
	2.18728 1.07516,
	2.11543 1.06634,
	2.04718 1.04033,
	1.98596 0.99842,
	1.93483 0.94273,
	1.89636 0.87604,
	"/>
<Contour name="D14" hidden="false" closed="true" simplified="true" border="1 0 0.5" fill="1 0 0.5" mode="9"
 points="2.89012 -1.15635,
	2.9 -1.2401,
	2.92866 -1.31564,
	2.97331 -1.3756,
	3.02957 -1.41409,
	3.09193 -1.42735,
	3.15429 -1.41409,
	3.21055 -1.3756,
	3.2552 -1.31564,
	3.28386 -1.2401,
	3.29374 -1.15635,
	3.28386 -1.07261,
	3.2552 -0.99706,
	3.21055 -0.93711,
	3.15429 -0.89862,
	3.09193 -0.88535,
	3.02957 -0.89862,
	2.97331 -0.93711,
	2.92866 -0.99706,
	"/>
</Transform>

<Transform dim="6"
 xcoef=" 1.19393194892798 0.849392821205817 -0.0502738808600202 0 0 0"
 ycoef=" 0.128870868582884 -0.00684477232609148 0.950855096795244 0 0 0">
<Contour name="D18" hidden="false" closed="true" simplified="true" border="1 0 1" fill="1 0 1" mode="9"
 points="6.56729 -1.98046,
	6.57803 -2.06204,
	6.60947 -2.13757,
	6.65928 -2.20144,
	6.72375 -2.24893,
	6.79811 -2.27651,
	6.87684 -2.28213,
	6.9541 -2.26537,
	7.02417 -2.22749,
	7.08185 -2.17128,
	7.12285 -2.10092,
	7.14414 -2.02163,
	7.14414 -1.93928,
	7.12285 -1.85999,
	7.08185 -1.78963,
	7.02417 -1.73343,
	6.9541 -1.69554,
	6.87684 -1.67879,
	6.79811 -1.68441,
	6.72375 -1.71198,
	6.65928 -1.75947,
	6.60947 -1.82335,
	6.57803 -1.89888,
	"/>
</Transform>

<Transform dim="6"
 xcoef=" 1.60393194892798 0.849392821205817 -0.0502738808600202 0 0 0"
 ycoef=" 1.11887086858291 -0.00684477232609148 0.950855096795244 0 0 0">
<Contour name="D17" hidden="false" closed="true" simplified="true" border="0 0 1" fill="0 0 1" mode="-13"
 points="5.33474 -1.48592,
	5.34525 -1.56732,
	5.37589 -1.64181,
	5.42407 -1.70309,
	5.4857 -1.74595,
	5.55555 -1.76676,
	5.62771 -1.76375,
	5.69604 -1.73719,
	5.75476 -1.68932,
	5.79888 -1.6242,
	5.82468 -1.54735,
	5.82995 -1.4653,
	5.81425 -1.38499,
	5.77891 -1.31325,
	5.72693 -1.25614,
	5.66273 -1.21853,
	5.59173 -1.20358,
	5.51996 -1.21258,
	5.45351 -1.24476,
	5.39802 -1.29739,
	5.35818 -1.366,
	"/>
</Transform>

<Transform dim="6"
 xcoef=" 1.44393194892798 0.849392821205817 -0.0502738808600202 0 0 0"
 ycoef=" 0.128870868582884 -0.00684477232609148 0.950855096795244 0 0 0">
<Contour name="d14" hidden="false" closed="true" simplified="true" border="1 0 1" fill="1 0 1" mode="-11"
 points="4.76389 0.0524897,
	4.78018 -0.0633496,
	4.78199 -0.0923094,
	4.78742 -0.0977394,
	4.8019 -0.103169,
	4.80914 -0.104979,
	4.81276 -0.106789,
	4.83991 -0.0778295,
	4.84715 -0.0705895,
	4.85801 -0.0416297,
	4.86163 -0.0271498,
	4.86344 -0.0199099,
	4.86525 -0.0162899,
	4.84353 0.0126699,
	4.8381 0.0199099,
	4.83086 0.0235298,
	4.8019 0.0488697,
	4.78742 0.0615396,
	4.78018 0.0669696,
	4.77656 0.0687795,
	4.76389 0.0597296,
	4.76389 0.0542996,
	"/>
<Contour name="d14" hidden="false" closed="true" simplified="true" border="1 0 1" fill="1 0 1" mode="-11"
 points="4.30958 -0.660646,
	4.31139 -0.667886,
	4.32587 -0.669696,
	4.35483 -0.664266,
	4.36931 -0.660646,
	4.39827 -0.638926,
	4.42723 -0.613586,
	4.43447 -0.608156,
	4.46524 -0.492317,
	4.46343 -0.477837,
	4.46162 -0.470597,
	4.45076 -0.457927,
	4.44352 -0.457927,
	4.35121 -0.573766,
	4.32949 -0.602726,
	4.31863 -0.631686,
	4.3132 -0.646166,
	4.30958 -0.653406,
	4.30958 -0.658836,
	"/>
<Contour name="d14" hidden="false" closed="true" simplified="true" border="1 0 1" fill="1 0 1" mode="-11"
 points="4.34578 -1.08056,
	4.36569 -1.1964,
	4.37112 -1.22536,
	4.37293 -1.2326,
	4.48515 -1.32129,
	4.57384 -1.43713,
	4.59556 -1.46609,
	4.60642 -1.48057,
	4.72045 -1.59641,
	4.77656 -1.65433,
	4.80552 -1.68329,
	4.80914 -1.6851,
	4.8381 -1.67786,
	4.85258 -1.67424,
	4.85982 -1.67062,
	4.88335 -1.64166,
	4.89059 -1.63442,
	4.89964 -1.60546,
	4.90507 -1.5765,
	4.90507 -1.54754,
	4.87973 -1.4317,
	4.85077 -1.31586,
	4.81276 -1.20002,
	4.79285 -1.1421,
	4.73131 -1.02626,
	4.70054 -0.968344,
	4.68425 -0.939384,
	4.65529 -0.915854,
	4.64805 -0.910424,
	4.63176 -0.881464,
	4.62452 -0.866984,
	4.59737 -0.848884,
	4.56841 -0.834405,
	4.55393 -0.827165,
	4.55031 -0.825355,
	4.49239 -0.854314,
	4.46343 -0.874224,
	4.40551 -0.919474,
	4.40008 -0.926714,
	4.35845 -1.04255,
	4.34759 -1.07151,
	4.34578 -1.07875,
	"/>
</Transform>

<Transform dim="6"
 xcoef=" 1.44393194892798 0.849392821205817 -0.0502738808600202 0 0 0"
 ycoef=" 0.128870868582884 -0.00684477232609148 0.950855096795244 0 0 0">
<Contour name="d14" hidden="false" closed="true" simplified="true" border="1 0 1" fill="1 0 1" mode="-11"
 points="1.85482 -3.3134,
	1.86048 -3.37378,
	1.86426 -3.38887,
	1.89445 -3.39265,
	1.90954 -3.39454,
	1.96992 -3.37944,
	2.09069 -3.35868,
	2.12088 -3.35491,
	2.12842 -3.35302,
	2.18881 -3.38133,
	2.24919 -3.4134,
	2.27183 -3.47378,
	2.28315 -3.50398,
	2.28881 -3.51907,
	2.36617 -3.63983,
	2.37561 -3.65493,
	2.43599 -3.69078,
	2.46618 -3.70587,
	2.4775 -3.71908,
	2.51335 -3.77946,
	2.53033 -3.80965,
	2.5492 -3.87003,
	2.55675 -3.90022,
	2.56052 -3.91532,
	2.53977 -4.03608,
	2.55675 -4.09646,
	2.55864 -4.10401,
	2.56619 -4.10778,
	2.59638 -4.11156,
	2.61147 -4.11533,
	2.64166 -4.09835,
	2.64921 -4.09269,
	2.66053 -4.0625,
	2.67563 -4.03231,
	2.68129 -4.01721,
	2.67185 -3.89645,
	2.66619 -3.83607,
	2.66242 -3.80588,
	2.61713 -3.68512,
	2.60392 -3.65493,
	2.59826 -3.63983,
	2.58694 -3.51907,
	2.58505 -3.48888,
	2.58317 -3.47378,
	2.58128 -3.46624,
	2.5209 -3.42661,
	2.49826 -3.39642,
	2.4926 -3.38887,
	2.46995 -3.32849,
	2.46618 -3.32095,
	2.43599 -3.30019,
	2.43222 -3.2983,
	2.37183 -3.31906,
	2.31145 -3.31151,
	2.28126 -3.30585,
	2.1605 -3.26434,
	2.14541 -3.25868,
	2.08503 -3.26623,
	2.06993 -3.26811,
	2.06238 -3.26811,
	2.002 -3.24736,
	1.97181 -3.23792,
	1.91143 -3.22849,
	1.89634 -3.2266,
	1.88879 -3.22471,
	1.87369 -3.22849,
	1.86615 -3.23037,
	1.86237 -3.23037,
	1.8586 -3.24547,
	1.85482 -3.30585,
	1.85482 -3.31151,
	"/>
</Transform>

<Transform dim="6"
 xcoef=" 1.44393194892798 0.849392821205817 -0.0502738808600202 0 0 0"
 ycoef=" 0.128870868582884 -0.00684477232609148 0.950855096795244 0 0 0">
<Contour name="d14p31" hidden="false" closed="true" simplified="false" border="1 0.5 0" fill="1 0.5 0" mode="13"
 points="3.21387 -2.18461,
	3.21387 -2.18843,
	3.2177 -2.19226,
	3.22152 -2.19226,
	3.22535 -2.18843,
	3.22535 -2.18461,
	3.22152 -2.18078,
	3.2177 -2.18078,
	"/>
</Transform>

<Transform dim="6"
 xcoef=" 1.44393194892798 0.849392821205817 -0.0502738808600202 0 0 0"
 ycoef=" 0.128870868582884 -0.00684477232609148 0.950855096795244 0 0 0">
<Contour name="d14" hidden="false" closed="true" simplified="true" border="1 0 1" fill="1 0 1" mode="-11"
 points="2.11932 -1.0934,
	2.12925 -1.1569,
	2.161 -1.16285,
	2.17687 -1.16682,
	2.18084 -1.16682,
	2.1987 -1.13507,
	2.20862 -1.11919,
	2.22251 -1.10332,
	2.22648 -1.09538,
	2.23045 -1.06363,
	2.23243 -1.04776,
	2.23442 -1.04379,
	2.22053 -1.0299,
	2.21259 -1.02394,
	2.20862 -1.02196,
	2.17687 -1.0299,
	2.16893 -1.03188,
	2.13917 -1.06363,
	2.12528 -1.07951,
	2.11932 -1.08744,
	2.11932 -1.09141,
	"/>
</Transform>

<Transform dim="6"
 xcoef=" 1.44393194892798 0.849392821205817 -0.0502738808600202 0 0 0"
 ycoef=" 0.128870868582884 -0.00684477232609148 0.950855096795244 0 0 0">
<Contour name="d14" hidden="false" closed="true" simplified="true" border="1 0 1" fill="1 0 1" mode="-11"
 points="2.43231 -1.84167,
	2.44462 -1.87448,
	2.45077 -1.89089,
	2.45385 -1.89909,
	2.45487 -1.90319,
	2.45897 -1.90729,
	2.47538 -1.90729,
	2.48358 -1.90729,
	2.48768 -1.90729,
	2.48974 -1.90729,
	2.49281 -1.91139,
	2.50717 -1.94421,
	2.51435 -1.96062,
	2.53178 -2.02624,
	2.56049 -2.1575,
	2.56767 -2.19031,
	2.57177 -2.20672,
	2.61689 -2.33797,
	2.61791 -2.34207,
	2.6497 -2.37386,
	2.68252 -2.39232,
	2.69892 -2.40052,
	2.70713 -2.40462,
	2.71943 -2.38822,
	2.73584 -2.37694,
	2.76865 -2.37181,
	2.77685 -2.36873,
	2.78096 -2.36771,
	2.79736 -2.35438,
	2.80557 -2.34823,
	2.80967 -2.34412,
	2.84248 -2.33079,
	2.85889 -2.32054,
	2.8753 -2.30516,
	2.88042 -2.29695,
	2.91324 -2.29285,
	2.91734 -2.2949,
	2.93374 -2.28568,
	2.95015 -2.27132,
	2.95835 -2.26414,
	2.96246 -2.26004,
	3.02808 -2.2262,
	3.04449 -2.21902,
	3.04859 -2.21697,
	3.08141 -2.21492,
	3.11422 -2.218,
	3.11832 -2.21902,
	3.12037 -2.22107,
	3.13678 -2.21287,
	3.14498 -2.21082,
	3.1778 -2.2221,
	3.186 -2.2262,
	3.1901 -2.22825,
	3.24445 -2.29388,
	3.25983 -2.31029,
	3.26086 -2.31131,
	3.26906 -2.2949,
	3.27521 -2.2867,
	3.27931 -2.27029,
	3.27419 -2.25389,
	3.27111 -2.23748,
	3.26701 -2.17185,
	3.26906 -2.13904,
	3.27111 -2.12263,
	3.27111 -2.11443,
	3.28649 -2.08162,
	3.29469 -2.06521,
	3.29675 -2.06111,
	3.32648 -2.02829,
	3.34084 -2.01189,
	3.35109 -1.99548,
	3.35622 -1.98728,
	3.37263 -1.97189,
	3.38083 -1.96472,
	3.38493 -1.96164,
	3.41775 -1.95959,
	3.43415 -1.95856,
	3.44236 -1.95754,
	3.47517 -1.96164,
	3.47927 -1.96267,
	3.49363 -1.97907,
	3.50081 -1.98728,
	3.50593 -1.99548,
	3.51824 -2.02829,
	3.53567 -2.09392,
	3.56131 -2.15955,
	3.57464 -2.19236,
	3.58079 -2.20877,
	3.59617 -2.24158,
	3.6136 -2.27337,
	3.63001 -2.28362,
	3.64642 -2.2744,
	3.64949 -2.27234,
	3.62591 -2.20672,
	3.60437 -2.14109,
	3.5972 -2.10828,
	3.59514 -2.10007,
	3.59822 -2.03445,
	3.60027 -2.00163,
	3.6013 -1.98523,
	3.6013 -1.97702,
	3.62386 -1.91139,
	3.64949 -1.84577,
	3.66077 -1.81295,
	3.66692 -1.79655,
	3.66898 -1.78834,
	3.68538 -1.75553,
	3.71307 -1.6899,
	3.7223 -1.6735,
	3.72742 -1.66529,
	3.74383 -1.64889,
	3.76434 -1.61607,
	3.7787 -1.58326,
	3.78792 -1.56685,
	3.79203 -1.55865,
	3.80433 -1.54224,
	3.81254 -1.52583,
	3.83509 -1.49302,
	3.84535 -1.42739,
	3.84535 -1.39458,
	3.84535 -1.39048,
	3.81356 -1.32485,
	3.80638 -1.30844,
	3.80331 -1.30024,
	3.79305 -1.28383,
	3.76126 -1.25922,
	3.74486 -1.24897,
	3.71307 -1.21821,
	3.70794 -1.2018,
	3.70589 -1.1936,
	3.70384 -1.18949,
	3.69871 -1.15668,
	3.69359 -1.14027,
	3.68231 -1.12489,
	3.64949 -1.10336,
	3.64744 -1.10233,
	3.65052 -1.09413,
	3.65975 -1.0285,
	3.6659 -0.995689,
	3.68231 -0.930062,
	3.68743 -0.913655,
	3.68846 -0.909553,
	3.68846 -0.907502,
	3.70487 -0.895197,
	3.71307 -0.888019,
	3.72127 -0.882892,
	3.73768 -0.87879,
	3.74588 -0.876739,
	3.74896 -0.874689,
	3.75203 -0.858282,
	3.75203 -0.85418,
	3.73665 -0.821366,
	3.7346 -0.817265,
	3.75921 -0.751637,
	3.77049 -0.718824,
	3.79613 -0.653197,
	3.83509 -0.521942,
	3.84022 -0.505535,
	3.8433 -0.497332,
	3.86483 -0.464518,
	3.87509 -0.448111,
	3.88534 -0.382484,
	3.88842 -0.366077,
	3.89047 -0.357874,
	3.90995 -0.32506,
	3.9202 -0.308653,
	3.92431 -0.30045,
	3.91303 -0.267636,
	3.9079 -0.251229,
	3.89252 -0.237899,
	3.88431 -0.232772,
	3.88021 -0.229695,
	3.87816 -0.22867,
	3.86176 -0.234823,
	3.85355 -0.237899,
	3.84945 -0.238924,
	3.7951 -0.304552,
	3.77767 -0.337365,
	3.74691 -0.402993,
	3.7305 -0.435806,
	3.7264 -0.44401,
	3.70589 -0.575264,
	3.70076 -0.608078,
	3.69769 -0.624485,
	3.63924 -0.755739,
	3.62386 -0.788553,
	3.62078 -0.796756,
	3.61463 -0.803934,
	3.549 -0.800858,
	3.5408 -0.800858,
	3.50388 -0.86546,
	3.48542 -0.898273,
	3.46286 -0.963901,
	3.45671 -0.980308,
	3.42492 -0.99774,
	3.3593 -1.04593,
	3.34289 -1.05721,
	3.31008 -1.07362,
	3.30187 -1.07772,
	3.29367 -1.08388,
	3.28854 -1.09105,
	3.22291 -1.10849,
	3.20651 -1.11361,
	3.07525 -1.17309,
	3.00963 -1.20898,
	2.97681 -1.23051,
	2.91119 -1.28588,
	2.89478 -1.30127,
	2.86607 -1.33408,
	2.84658 -1.36689,
	2.84556 -1.36792,
	2.84966 -1.37612,
	2.85171 -1.38022,
	2.8353 -1.39253,
	2.8271 -1.39971,
	2.8189 -1.40483,
	2.75327 -1.41611,
	2.73686 -1.41714,
	2.73481 -1.41714,
	2.72148 -1.43355,
	2.7143 -1.44175,
	2.71123 -1.44585,
	2.67841 -1.46431,
	2.66201 -1.47559,
	2.59946 -1.54122,
	2.57177 -1.57403,
	2.56049 -1.59044,
	2.49486 -1.72169,
	2.47948 -1.7545,
	2.47128 -1.77091,
	2.45077 -1.80372,
	2.44051 -1.82013,
	2.43539 -1.82834,
	2.43231 -1.83654,
	2.43231 -1.84064,
	"/>
</Transform>

<Transform dim="6"
 xcoef=" 1.44393194892798 0.849392821205817 -0.0502738808600202 0 0 0"
 ycoef=" 0.128870868582884 -0.00684477232609148 0.950855096795244 0 0 0">
<Contour name="d14p36" hidden="false" closed="true" simplified="false" border="0 0 1" fill="0 0 1" mode="9"
 points="3.55049 -1.00617,
	3.54331 -1.01334,
	3.55049 -1.02052,
	3.55767 -1.01334,
	"/>
</Transform>

<Transform dim="6"
 xcoef=" 1.44393194892798 0.849392821205817 -0.0502738808600202 0 0 0"
 ycoef=" 0.128870868582884 -0.00684477232609148 0.950855096795244 0 0 0">
<Contour name="d14c30" hidden="false" closed="true" simplified="true" border="0 1 1" fill="0 1 1" mode="11"
 points="2.15794 -3.38974,
	2.16402 -3.4384,
	2.16402 -3.44448,
	2.199 -3.49315,
	2.21572 -3.51748,
	2.22029 -3.52356,
	2.24462 -3.53421,
	2.25678 -3.53877,
	2.26287 -3.54029,
	2.27351 -3.5479,
	2.28416 -3.54029,
	2.2872 -3.53725,
	2.28872 -3.52508,
	2.30393 -3.50075,
	2.28568 -3.47642,
	2.27807 -3.45209,
	2.26287 -3.42776,
	2.2431 -3.40342,
	2.23245 -3.39278,
	2.22029 -3.38974,
	2.20964 -3.37909,
	2.20508 -3.37301,
	2.18075 -3.37757,
	2.16858 -3.38061,
	2.1625 -3.38213,
	2.15946 -3.38213,
	2.15794 -3.38822,
	"/>
</Transform>

<Transform dim="6"
 xcoef=" 1.44393194892798 0.849392821205817 -0.0502738808600202 0 0 0"
 ycoef=" 0.128870868582884 -0.00684477232609148 0.950855096795244 0 0 0">
<Contour name="d14c30" hidden="false" closed="true" simplified="true" border="0 1 1" fill="0 1 1" mode="11"
 points="2.3656 -3.65596,
	2.39146 -3.70463,
	2.40362 -3.72896,
	2.42795 -3.74265,
	2.47662 -3.76089,
	2.47814 -3.76242,
	2.48726 -3.73808,
	2.48878 -3.73504,
	2.4827 -3.72288,
	2.47966 -3.71679,
	2.45685 -3.69246,
	2.45077 -3.68638,
	2.44924 -3.68486,
	2.44316 -3.68182,
	2.43708 -3.68182,
	2.42491 -3.67725,
	2.41275 -3.66965,
	2.39906 -3.65596,
	2.37473 -3.65444,
	2.36865 -3.65444,
	2.36712 -3.65444,
	"/>
</Transform>

<Transform dim="6"
 xcoef=" 1.44393194892798 0.849392821205817 -0.0502738808600202 0 0 0"
 ycoef=" 0.128870868582884 -0.00684477232609148 0.950855096795244 0 0 0">
<Contour name="d14cfa30" hidden="false" closed="false" simplified="false" border="0 1 1" fill="0 1 1" mode="11"
 points="2.28637 -3.52863,
	2.23142 -3.46758,
	2.16122 -3.38211,
	"/>
<Contour name="d14cfa30" hidden="false" closed="false" simplified="false" border="0 1 1" fill="0 1 1" mode="11"
 points="2.47968 -3.75247,
	2.42067 -3.70363,
	2.37183 -3.65683,
	"/>
</Transform>

<Transform dim="6"
 xcoef=" 1.44393194892798 0.849392821205817 -0.0502738808600202 0 0 0"
 ycoef=" 0.128870868582884 -0.00684477232609148 0.950855096795244 0 0 0">
<Contour name="d01" hidden="false" closed="true" simplified="true" border="1 1 0" fill="1 0.5 0" mode="11"
 points="5.5976 1.41793,
	5.6015 1.41013,
	5.61515 1.40037,
	5.621 1.39257,
	5.62295 1.37697,
	5.63466 1.34576,
	5.64441 1.28335,
	5.65026 1.25215,
	5.65221 1.23654,
	5.65221 1.23264,
	5.66781 1.21899,
	5.69902 1.20144,
	5.70682 1.19753,
	5.72827 1.16633,
	5.74193 1.15658,
	5.75753 1.15073,
	5.76533 1.15073,
	5.78093 1.14487,
	5.81214 1.13902,
	5.84335 1.13707,
	5.85895 1.13902,
	5.86675 1.14292,
	5.8804 1.15658,
	5.8843 1.16438,
	5.8843 1.17218,
	5.89211 1.17608,
	5.90771 1.17608,
	5.91551 1.17608,
	5.93111 1.18583,
	5.94087 1.20144,
	5.95062 1.21314,
	5.95842 1.21899,
	5.95842 1.22289,
	5.96427 1.23069,
	5.97012 1.24629,
	5.97597 1.2541,
	5.98182 1.2697,
	5.98377 1.2775,
	5.99353 1.2931,
	5.99353 1.297,
	6.01498 1.32821,
	6.02473 1.34381,
	6.02863 1.34771,
	6.02863 1.37892,
	6.01888 1.39257,
	6.01693 1.42378,
	6.00718 1.45499,
	6.00718 1.48619,
	6.00523 1.50179,
	5.99938 1.5174,
	5.99743 1.5252,
	5.99353 1.5291,
	5.98963 1.5447,
	5.98182 1.56031,
	5.92331 1.62077,
	5.90771 1.63637,
	5.87845 1.65783,
	5.84725 1.65978,
	5.83945 1.65783,
	5.83359 1.65002,
	5.83164 1.64222,
	5.83554 1.63442,
	5.84335 1.62662,
	5.85895 1.62077,
	5.89016 1.60126,
	5.89796 1.59541,
	5.91551 1.56421,
	5.92721 1.533,
	5.92916 1.5174,
	5.91551 1.50179,
	5.89016 1.47644,
	5.87455 1.46084,
	5.86675 1.45694,
	5.8648 1.45304,
	5.857 1.45108,
	5.80044 1.40818,
	5.78483 1.40623,
	5.75363 1.41013,
	5.73803 1.41988,
	5.73022 1.42378,
	5.71657 1.43743,
	5.70682 1.45304,
	5.70292 1.48424,
	5.70292 1.49984,
	5.69902 1.50765,
	5.69122 1.5135,
	5.67561 1.51545,
	5.66001 1.5096,
	5.64441 1.49594,
	5.63271 1.48034,
	5.6171 1.46669,
	5.61125 1.46084,
	5.6093 1.45304,
	5.59955 1.43743,
	5.5976 1.42183,
	5.5976 1.41988,
	"/>
<Contour name="d01" hidden="false" closed="true" simplified="true" border="1 1 0" fill="1 0.5 0" mode="11"
 points="5.0749 0.360821,
	5.0905 0.329615,
	5.1022 0.298409,
	5.1061 0.282805,
	5.1022 0.251599,
	5.10415 0.235996,
	5.11195 0.222344,
	5.12366 0.208691,
	5.12756 0.200889,
	5.12561 0.185286,
	5.12756 0.169683,
	5.13536 0.15408,
	5.13926 0.146279,
	5.15486 0.132626,
	5.16071 0.128725,
	5.18217 0.0975191,
	5.19192 0.066313,
	5.20557 0.0351069,
	5.20947 0.0195038,
	5.20947 0.00390077,
	5.21142 -0.00390077,
	5.22508 -0.0175534,
	5.23873 -0.025355,
	5.24653 -0.0312061,
	5.27774 -0.0312061,
	5.29334 -0.0234046,
	5.30114 -0.0195038,
	5.30504 -0.0195038,
	5.3655 0.0214542,
	5.38111 0.0292557,
	5.39671 0.0273054,
	5.42791 0.0487596,
	5.43962 0.0643626,
	5.45327 0.0955687,
	5.45912 0.111172,
	5.47862 0.140428,
	5.48838 0.15408,
	5.50398 0.163832,
	5.51763 0.177485,
	5.52153 0.185286,
	5.52153 0.193088,
	5.51568 0.208691,
	5.51178 0.216492,
	5.51373 0.247699,
	5.52348 0.310111,
	5.54884 0.368622,
	5.54884 0.372523,
	5.55274 0.376424,
	5.55859 0.392027,
	5.56834 0.40763,
	5.57419 0.411531,
	5.58785 0.427134,
	5.5976 0.442737,
	5.59955 0.473943,
	5.5976 0.489546,
	5.59175 0.505149,
	5.582 0.514901,
	5.55079 0.516851,
	5.54689 0.514901,
	5.51568 0.534405,
	5.48643 0.55976,
	5.46497 0.590966,
	5.46497 0.594867,
	5.46107 0.598767,
	5.46107 0.602668,
	5.42401 0.66508,
	5.41816 0.680684,
	5.41426 0.71189,
	5.40061 0.723592,
	5.3694 0.727493,
	5.3538 0.733344,
	5.32259 0.750897,
	5.31869 0.750897,
	5.30504 0.76455,
	5.27383 0.786004,
	5.26018 0.799657,
	5.24653 0.807458,
	5.23873 0.809409,
	5.23093 0.807458,
	5.21727 0.793806,
	5.20362 0.784054,
	5.19972 0.780153,
	5.19192 0.778203,
	5.18412 0.772352,
	5.17632 0.770401,
	5.16266 0.760649,
	5.15096 0.745046,
	5.14511 0.737245,
	5.13536 0.706039,
	5.13341 0.690435,
	5.13536 0.674832,
	5.14121 0.659229,
	5.14316 0.651428,
	5.14706 0.647527,
	5.15096 0.631924,
	5.14901 0.600718,
	5.14901 0.585115,
	5.14706 0.577313,
	5.14121 0.569512,
	5.13536 0.538306,
	5.13146 0.522703,
	5.12951 0.514901,
	5.12561 0.512951,
	5.12366 0.505149,
	5.1139 0.489546,
	5.10805 0.473943,
	5.10415 0.442737,
	5.1022 0.434935,
	5.08465 0.403729,
	5.0788 0.388126,
	5.07685 0.372523,
	5.0749 0.364722,
	5.0749 0.362771,
	"/>
</Transform>

<Transform dim="6"
 xcoef=" 1.44393194892798 0.849392821205817 -0.0502738808600202 0 0 0"
 ycoef=" 0.128870868582884 -0.00684477232609148 0.950855096795244 0 0 0">
<Contour name="d03" hidden="false" closed="true" simplified="true" border="1 0 0.5" fill="1 0 0.5" mode="11"
 points="8.16425 0.665235,
	8.18693 0.624918,
	8.19701 0.604759,
	8.20457 0.564442,
	8.20709 0.524125,
	8.20709 0.503966,
	8.21213 0.483807,
	8.20961 0.463649,
	8.21213 0.44349,
	8.21465 0.433411,
	8.22724 0.413252,
	8.24488 0.393093,
	8.25496 0.388054,
	8.26 0.383014,
	8.26504 0.383014,
	8.2852 0.367895,
	8.30536 0.357816,
	8.32552 0.355296,
	8.3356 0.355296,
	8.34064 0.365375,
	8.34316 0.370415,
	8.35072 0.362856,
	8.37088 0.355296,
	8.39103 0.352776,
	8.40111 0.355296,
	8.41119 0.375455,
	8.41119 0.395613,
	8.39859 0.435931,
	8.39103 0.456089,
	8.36584 0.496407,
	8.35324 0.516565,
	8.34568 0.536724,
	8.33308 0.554363,
	8.33308 0.559402,
	8.30032 0.59468,
	8.27764 0.634997,
	8.27512 0.645076,
	8.27008 0.650116,
	8.26252 0.670275,
	8.23732 0.708072,
	8.21969 0.720671,
	8.19953 0.723191,
	8.18945 0.723191,
	8.17937 0.718152,
	8.17433 0.718152,
	8.16677 0.708072,
	8.16425 0.667755,
	"/>
<Contour name="d03" hidden="false" closed="true" simplified="true" border="1 0 0.5" fill="1 0 0.5" mode="11"
 points="7.48893 -0.118432,
	7.49397 -0.123472,
	7.49397 -0.204106,
	7.49649 -0.224265,
	7.49901 -0.234344,
	7.49901 -0.239384,
	7.50405 -0.244424,
	7.51161 -0.284741,
	7.53933 -0.365375,
	7.53933 -0.385534,
	7.54941 -0.393093,
	7.55445 -0.398133,
	7.55949 -0.418292,
	7.56453 -0.420812,
	7.57209 -0.44097,
	7.57209 -0.44601,
	7.57713 -0.45105,
	7.59477 -0.488847,
	7.62249 -0.529164,
	7.63508 -0.546803,
	7.65272 -0.561922,
	7.66532 -0.582081,
	7.68296 -0.5972,
	7.69304 -0.604759,
	7.73336 -0.614839,
	7.77368 -0.612319,
	7.79383 -0.612319,
	7.83415 -0.622398,
	7.85431 -0.629957,
	7.86439 -0.634997,
	7.86943 -0.634997,
	7.87447 -0.640037,
	7.89463 -0.647596,
	7.91479 -0.650116,
	7.93494 -0.657676,
	7.9551 -0.660195,
	7.96518 -0.657676,
	7.97526 -0.647596,
	7.98282 -0.627438,
	7.98534 -0.617358,
	8.01558 -0.584601,
	8.03574 -0.569482,
	8.0433 -0.559402,
	8.06094 -0.549323,
	8.10125 -0.546803,
	8.12141 -0.551843,
	8.13905 -0.566962,
	8.15165 -0.58712,
	8.15417 -0.5972,
	8.16173 -0.607279,
	8.18189 -0.614839,
	8.19197 -0.617358,
	8.20205 -0.614839,
	8.20709 -0.619878,
	8.21717 -0.614839,
	8.22473 -0.604759,
	8.22221 -0.524125,
	8.22221 -0.519085,
	8.21717 -0.514045,
	8.21717 -0.509006,
	8.20961 -0.498926,
	8.18945 -0.491367,
	8.16929 -0.478768,
	8.15669 -0.458609,
	8.13653 -0.44097,
	8.12645 -0.44097,
	8.10629 -0.456089,
	8.08865 -0.493887,
	8.08109 -0.501446,
	8.07102 -0.503966,
	8.06598 -0.509006,
	8.04582 -0.516565,
	8.03574 -0.519085,
	8.01558 -0.514045,
	7.99794 -0.498926,
	7.98534 -0.478768,
	7.97778 -0.43845,
	7.97526 -0.398133,
	7.97526 -0.377974,
	7.98534 -0.337657,
	8.00046 -0.29734,
	8.01054 -0.277181,
	8.01558 -0.257023,
	8.02566 -0.239384,
	8.02566 -0.234344,
	8.0307 -0.229305,
	8.03826 -0.209146,
	8.04078 -0.188987,
	8.03826 -0.168829,
	8.03574 -0.158749,
	8.04078 -0.138591,
	8.0559 -0.118432,
	8.06598 -0.108353,
	8.07606 -0.0680354,
	8.07606 -0.0478768,
	8.06346 -0.00755949,
	8.0559 0.0125991,
	8.03826 0.0327578,
	8.02818 0.0529164,
	8.02818 0.0730751,
	8.02818 0.0831544,
	8.01054 0.123472,
	7.99794 0.14363,
	7.97778 0.161269,
	7.9677 0.166309,
	7.94754 0.168829,
	7.93746 0.173868,
	7.89715 0.178908,
	7.87699 0.176388,
	7.86691 0.173868,
	7.86187 0.173868,
	7.85683 0.168829,
	7.83667 0.161269,
	7.79635 0.158749,
	7.78627 0.15119,
	7.7636 0.113392,
	7.751 0.0932337,
	7.74596 0.0831544,
	7.74092 0.0781147,
	7.74092 0.0730751,
	7.70816 0.0403173,
	7.69808 0.030238,
	7.69304 0.0201586,
	7.6754 0.00755949,
	7.66784 0,
	7.65776 -0.00251983,
	7.64768 -0.0100793,
	7.62753 -0.00503966,
	7.61745 0.00251983,
	7.59729 0.0100793,
	7.55697 0.00755949,
	7.55193 0.00251983,
	7.54689 0.00251983,
	7.52673 -0.0125991,
	7.51917 -0.0176388,
	7.50405 -0.0377974,
	7.49649 -0.0478768,
	7.48893 -0.0680354,
	7.48893 -0.108353,
	7.48893 -0.115912,
	"/>
</Transform>

<Transform dim="6"
 xcoef=" 1.44393194892798 0.849392821205817 -0.0502738808600202 0 0 0"
 ycoef=" 0.128870868582884 -0.00684477232609148 0.950855096795244 0 0 0">
<Contour name="d03" hidden="false" closed="true" simplified="true" border="1 0 0.5" fill="1 0 0.5" mode="11"
 points="8.0181 -1.22464,
	8.02062 -1.23472,
	8.02566 -1.23976,
	8.02818 -1.24984,
	8.0559 -1.28763,
	8.09369 -1.32039,
	8.09873 -1.32039,
	8.13905 -1.34811,
	8.15669 -1.35819,
	8.16677 -1.36575,
	8.17685 -1.36827,
	8.21465 -1.39095,
	8.22473 -1.39599,
	8.2348 -1.40607,
	8.2348 -1.4111,
	8.23984 -1.41614,
	8.26 -1.41614,
	8.28016 -1.39851,
	8.28772 -1.38843,
	8.29276 -1.38339,
	8.29276 -1.37835,
	8.30032 -1.36827,
	8.30788 -1.34811,
	8.3104 -1.30779,
	8.28268 -1.26747,
	8.27008 -1.24984,
	8.26252 -1.22968,
	8.25748 -1.22464,
	8.25496 -1.21456,
	8.22221 -1.17676,
	8.18945 -1.144,
	8.17181 -1.13392,
	8.15165 -1.12888,
	8.11133 -1.12888,
	8.07102 -1.13392,
	8.05086 -1.12636,
	8.04078 -1.12132,
	8.0307 -1.12132,
	8.02314 -1.12888,
	8.0181 -1.1692,
	8.0181 -1.20952,
	8.0181 -1.2196,
	8.0181 -1.22212,
	"/>
</Transform>

<Transform dim="6"
 xcoef=" 1.44393194892798 0.849392821205817 -0.0502738808600202 0 0 0"
 ycoef=" 0.128870868582884 -0.00684477232609148 0.950855096795244 0 0 0">
<Contour name="d05" hidden="false" closed="true" simplified="true" border="1 1 0" fill="1 1 0" mode="11"
 points="6.59245 2.89261,
	6.59641 2.88865,
	6.59839 2.82534,
	6.60235 2.80951,
	6.60037 2.7462,
	6.60432 2.71454,
	6.61026 2.69871,
	6.62807 2.66903,
	6.64192 2.65716,
	6.64587 2.65321,
	6.70919 2.64727,
	6.72501 2.64133,
	6.73293 2.63936,
	6.79228 2.58989,
	6.81801 2.56021,
	6.84373 2.53449,
	6.8556 2.52064,
	6.88528 2.49492,
	6.9011 2.48107,
	6.90704 2.47316,
	6.92287 2.46327,
	6.98024 2.4138,
	7.0119 2.396,
	7.01784 2.39204,
	7.02575 2.39798,
	7.02971 2.40193,
	7.03169 2.40985,
	7.04158 2.42567,
	7.04356 2.4415,
	7.04949 2.44942,
	7.05147 2.45733,
	7.07917 2.48701,
	7.08709 2.49294,
	7.10291 2.4969,
	7.11874 2.4969,
	7.13457 2.50284,
	7.14446 2.51471,
	7.1504 2.53054,
	7.1504 2.53449,
	7.15436 2.53845,
	7.16029 2.55428,
	7.17216 2.56813,
	7.1781 2.57604,
	7.17612 2.6077,
	7.1781 2.62353,
	7.18601 2.63936,
	7.18799 2.64727,
	7.19195 2.65123,
	7.1959 2.66705,
	7.20382 2.68288,
	7.20778 2.68486,
	7.20778 2.68882,
	7.21371 2.69673,
	7.21767 2.70069,
	7.2236 2.71652,
	7.22756 2.72443,
	7.22756 2.72839,
	7.23152 2.73235,
	7.24141 2.764,
	7.27307 2.82732,
	7.28098 2.84314,
	7.28692 2.85106,
	7.30274 2.85502,
	7.31066 2.85502,
	7.32451 2.86689,
	7.32847 2.88271,
	7.32649 2.91437,
	7.32649 2.92228,
	7.31857 2.93811,
	7.31066 2.96977,
	7.3067 3.03308,
	7.3067 3.06474,
	7.29483 3.12805,
	7.29285 3.14388,
	7.28692 3.15971,
	7.28692 3.16762,
	7.28296 3.17554,
	7.28296 3.17949,
	7.279 3.18345,
	7.27505 3.19928,
	7.27505 3.21511,
	7.27109 3.23094,
	7.27109 3.24676,
	7.26713 3.26259,
	7.26515 3.27051,
	7.2612 3.27446,
	7.25724 3.30612,
	7.2513 3.32195,
	7.24141 3.33778,
	7.22756 3.3536,
	7.21173 3.3635,
	7.20382 3.37141,
	7.1959 3.38724,
	7.19195 3.39515,
	7.19195 3.39911,
	7.18601 3.40702,
	7.18403 3.41494,
	7.17414 3.42879,
	7.1682 3.4367,
	7.1682 3.44066,
	7.15831 3.45451,
	7.15238 3.47034,
	7.15238 3.47429,
	7.14842 3.47825,
	7.14248 3.50991,
	7.14446 3.52574,
	7.1504 3.54156,
	7.15238 3.54948,
	7.17216 3.57916,
	7.18008 3.59498,
	7.1781 3.61081,
	7.17018 3.62664,
	7.15633 3.64049,
	7.12468 3.6583,
	7.11478 3.67413,
	7.11281 3.68995,
	7.11083 3.69787,
	7.10093 3.7137,
	7.09698 3.71765,
	7.09698 3.72161,
	7.08313 3.73546,
	7.07324 3.74931,
	7.05741 3.7592,
	7.04949 3.76316,
	7.04158 3.76316,
	7.02575 3.75524,
	7.0119 3.7414,
	7.00794 3.73348,
	7.00992 3.70182,
	7.00992 3.686,
	7.00399 3.67017,
	6.97431 3.64247,
	6.96442 3.62664,
	6.96046 3.62071,
	6.95255 3.61279,
	6.94859 3.60883,
	6.94463 3.60883,
	6.94067 3.60488,
	6.90902 3.59894,
	6.9011 3.59696,
	6.88923 3.58311,
	6.8833 3.5752,
	6.88132 3.55937,
	6.88132 3.55541,
	6.86945 3.54156,
	6.86747 3.52574,
	6.85362 3.49606,
	6.83186 3.4644,
	6.81998 3.45055,
	6.81603 3.44264,
	6.81207 3.43868,
	6.80613 3.42285,
	6.80811 3.35954,
	6.80811 3.35163,
	6.81207 3.34371,
	6.81207 3.32788,
	6.81207 3.31997,
	6.79426 3.28831,
	6.78041 3.27644,
	6.7725 3.26853,
	6.75865 3.23687,
	6.73689 3.21115,
	6.72501 3.19532,
	6.72106 3.18741,
	6.7171 3.18543,
	6.7171 3.18147,
	6.70523 3.16564,
	6.69732 3.15179,
	6.68544 3.13597,
	6.67753 3.12014,
	6.67159 3.08848,
	6.67357 3.07265,
	6.67555 3.06474,
	6.67159 3.05682,
	6.66368 3.04891,
	6.65972 3.041,
	6.65181 3.03308,
	6.64983 3.02913,
	6.64192 3.02715,
	6.63796 3.02319,
	6.63005 3.02121,
	6.62213 3.01528,
	6.61817 3.00736,
	6.61422 3.0034,
	6.61026 2.98758,
	6.61026 2.95592,
	6.60432 2.92426,
	6.59839 2.91635,
	6.59641 2.90844,
	6.59245 2.90448,
	6.59245 2.89656,
	6.59245 2.89459,
	"/>
</Transform>

<Transform dim="6"
 xcoef=" 1.44393194892798 0.849392821205817 -0.0502738808600202 0 0 0"
 ycoef=" 0.128870868582884 -0.00684477232609148 0.950855096795244 0 0 0">
<Contour name="d05" hidden="false" closed="true" simplified="true" border="1 1 0" fill="1 1 0" mode="11"
 points="7.19195 1.11985,
	7.20778 1.08819,
	7.20975 1.07236,
	7.20184 1.04071,
	7.19986 1.00905,
	7.20382 0.977393,
	7.21173 0.961564,
	7.21767 0.929908,
	7.20778 0.898251,
	7.20778 0.882423,
	7.22954 0.81911,
	7.23547 0.803282,
	7.2335 0.787454,
	7.2236 0.771626,
	7.21767 0.755797,
	7.21569 0.724141,
	7.2058 0.692485,
	7.20382 0.676656,
	7.20975 0.645,
	7.21173 0.629172,
	7.21767 0.613343,
	7.23152 0.597515,
	7.24735 0.587623,
	7.25328 0.581687,
	7.25328 0.550031,
	7.26713 0.518374,
	7.27307 0.486718,
	7.28692 0.455061,
	7.29483 0.439233,
	7.31066 0.425383,
	7.34232 0.413512,
	7.35814 0.40362,
	7.37397 0.397684,
	7.3898 0.395705,
	7.42146 0.407577,
	7.43728 0.417469,
	7.4452 0.421426,
	7.46103 0.419448,
	7.47686 0.421426,
	7.49268 0.427362,
	7.49664 0.42934,
	7.5283 0.409555,
	7.54412 0.401641,
	7.55204 0.399663,
	7.56787 0.407577,
	7.5837 0.409555,
	7.61535 0.393727,
	7.67866 0.381856,
	7.69449 0.383834,
	7.70241 0.387791,
	7.71824 0.40362,
	7.75385 0.466932,
	7.76176 0.474847,
	7.77166 0.490675,
	7.80133 0.516396,
	7.80925 0.52431,
	7.81914 0.555966,
	7.81716 0.587623,
	7.80727 0.603451,
	7.79935 0.605429,
	7.7677 0.587623,
	7.75187 0.571794,
	7.74396 0.56388,
	7.74 0.557945,
	7.70834 0.579709,
	7.69251 0.585644,
	7.66086 0.583666,
	7.6292 0.573773,
	7.59755 0.579709,
	7.56589 0.589601,
	7.53423 0.603451,
	7.50258 0.625215,
	7.48279 0.656871,
	7.45707 0.720184,
	7.45311 0.75184,
	7.44322 0.783497,
	7.43135 0.84681,
	7.42739 0.854724,
	7.42937 0.918037,
	7.43333 0.949693,
	7.43333 0.98135,
	7.42146 1.04466,
	7.4175 1.07632,
	7.4175 1.13963,
	7.41552 1.17129,
	7.42739 1.2346,
	7.43333 1.26626,
	7.44322 1.29791,
	7.47686 1.36123,
	7.49466 1.39288,
	7.5006 1.4008,
	7.56391 1.43048,
	7.59557 1.44037,
	7.61139 1.44235,
	7.64305 1.4562,
	7.6569 1.47202,
	7.66284 1.47994,
	7.66482 1.48785,
	7.66284 1.50368,
	7.64899 1.51753,
	7.64107 1.52347,
	7.60942 1.5294,
	7.57776 1.54325,
	7.5461 1.54523,
	7.51445 1.54127,
	7.49862 1.54127,
	7.48279 1.53732,
	7.45113 1.53732,
	7.38782 1.54325,
	7.35616 1.5294,
	7.34034 1.53534,
	7.32451 1.54721,
	7.29681 1.57886,
	7.28889 1.58282,
	7.27307 1.58084,
	7.25724 1.56502,
	7.23943 1.53336,
	7.22558 1.5017,
	7.21965 1.48587,
	7.21569 1.45422,
	7.21371 1.43839,
	7.21767 1.42256,
	7.2335 1.3909,
	7.23547 1.38695,
	7.22558 1.35529,
	7.21965 1.32363,
	7.21767 1.30781,
	7.20778 1.27615,
	7.21173 1.24449,
	7.20975 1.22867,
	7.2058 1.22075,
	7.20382 1.18909,
	7.1959 1.15744,
	7.19195 1.14161,
	7.19195 1.12578,
	7.19195 1.12183,
	"/>
</Transform>

<Transform dim="6"
 xcoef=" 1.44393194892798 0.849392821205817 -0.0502738808600202 0 0 0"
 ycoef=" 0.128870868582884 -0.00684477232609148 0.950855096795244 0 0 0">
<Contour name="d09" hidden="false" closed="true" simplified="true" border="0 1 0" fill="0 1 0" mode="11"
 points="7.72884 1.58691,
	7.73057 1.57308,
	7.73748 1.55925,
	7.76168 1.53505,
	7.77551 1.52641,
	7.78934 1.52122,
	7.79626 1.51949,
	7.81008 1.50566,
	7.82391 1.49702,
	7.83083 1.49183,
	7.83601 1.478,
	7.83774 1.47109,
	7.8412 1.46763,
	7.8412 1.4538,
	7.83256 1.39849,
	7.83256 1.38466,
	7.83774 1.37083,
	7.8654 1.35008,
	7.87923 1.33798,
	7.89825 1.31551,
	7.91035 1.30168,
	7.91899 1.28785,
	7.93801 1.23253,
	7.93801 1.22562,
	7.94146 1.21871,
	7.94665 1.19105,
	7.95529 1.16339,
	7.96048 1.14956,
	7.96221 1.1219,
	7.96048 1.10807,
	7.96394 1.05275,
	7.97258 1.0251,
	7.97431 1.01127,
	7.97431 1.00435,
	7.97776 0.997437,
	7.97776 0.990522,
	7.98814 0.964592,
	7.98814 0.909275,
	7.98987 0.895446,
	7.99505 0.881616,
	7.99505 0.874702,
	7.99851 0.867787,
	7.99851 0.853958,
	8.00715 0.826299,
	8.02271 0.798641,
	8.04345 0.772711,
	8.05555 0.764068,
	8.05901 0.758882,
	8.08667 0.743324,
	8.11433 0.738138,
	8.14199 0.739866,
	8.15582 0.745052,
	8.15927 0.745052,
	8.1731 0.753696,
	8.18002 0.755424,
	8.18347 0.758882,
	8.1973 0.764068,
	8.22323 0.781354,
	8.23533 0.789997,
	8.23879 0.793455,
	8.24225 0.793455,
	8.26472 0.81247,
	8.26818 0.81247,
	8.28028 0.824571,
	8.2993 0.848772,
	8.3235 0.871244,
	8.33733 0.883345,
	8.34943 0.891988,
	8.35807 0.905818,
	8.37017 0.919647,
	8.37881 0.933476,
	8.384 0.940391,
	8.39091 0.968049,
	8.3961 0.981879,
	8.39783 0.995708,
	8.3961 1.00954,
	8.39264 1.01299,
	8.38919 1.04065,
	8.38054 1.06831,
	8.38054 1.08214,
	8.40129 1.13746,
	8.40474 1.14092,
	8.41684 1.16857,
	8.42203 1.1824,
	8.42549 1.21006,
	8.43067 1.22389,
	8.44796 1.25155,
	8.45142 1.25846,
	8.45487 1.26192,
	8.4566 1.27575,
	8.4687 1.30168,
	8.47735 1.31551,
	8.4808 1.32242,
	8.4808 1.32588,
	8.48426 1.32934,
	8.48599 1.33625,
	8.50328 1.36218,
	8.51192 1.37601,
	8.53439 1.39676,
	8.54822 1.40367,
	8.56205 1.40713,
	8.56897 1.41059,
	8.59662 1.41404,
	8.61045 1.41923,
	8.61737 1.42096,
	8.64503 1.41231,
	8.65886 1.41059,
	8.67269 1.40194,
	8.70034 1.39676,
	8.71417 1.39849,
	8.72627 1.41059,
	8.74356 1.43824,
	8.74702 1.45207,
	8.75566 1.4659,
	8.76085 1.47109,
	8.7643 1.47109,
	8.77122 1.47628,
	8.77468 1.47628,
	8.78678 1.46245,
	8.79196 1.45553,
	8.79715 1.4417,
	8.80925 1.43306,
	8.82308 1.42096,
	8.83691 1.41577,
	8.85074 1.41577,
	8.86457 1.42096,
	8.87148 1.42442,
	8.87667 1.43133,
	8.87667 1.43479,
	8.88012 1.43824,
	8.87148 1.54888,
	8.86284 1.57654,
	8.85765 1.6042,
	8.84901 1.63185,
	8.84382 1.65951,
	8.84382 1.67334,
	8.84901 1.68717,
	8.85247 1.69063,
	8.85074 1.70446,
	8.84209 1.71829,
	8.82827 1.73212,
	8.82135 1.73903,
	8.80752 1.74767,
	8.79715 1.75978,
	8.79196 1.76669,
	8.78851 1.77015,
	8.78851 1.7736,
	8.76776 1.80126,
	8.75566 1.81509,
	8.74183 1.82374,
	8.70553 1.87905,
	8.6917 1.8877,
	8.68306 1.8998,
	8.6796 1.90671,
	8.68133 1.93437,
	8.6796 1.9482,
	8.66059 1.97586,
	8.65367 1.98969,
	8.63466 2.01216,
	8.62601 2.02599,
	8.61218 2.03982,
	8.60354 2.05192,
	8.59662 2.05883,
	8.57934 2.08649,
	8.56897 2.10032,
	8.56378 2.10724,
	8.55859 2.11069,
	8.54995 2.12452,
	8.54304 2.13144,
	8.53094 2.14008,
	8.50328 2.14354,
	8.47735 2.16601,
	8.46352 2.16774,
	8.44969 2.17293,
	8.43586 2.18157,
	8.4324 2.18157,
	8.42203 2.19021,
	8.39956 2.21268,
	8.3719 2.22306,
	8.35807 2.22479,
	8.33041 2.22133,
	8.31658 2.21614,
	8.28892 2.20058,
	8.26126 2.19021,
	8.25781 2.19021,
	8.25089 2.18503,
	8.24398 2.1833,
	8.23706 2.17811,
	8.23361 2.17811,
	8.21978 2.16601,
	8.1973 2.14354,
	8.1852 2.12971,
	8.17829 2.12625,
	8.15582 2.10032,
	8.15409 2.09341,
	8.1489 2.08649,
	8.14372 2.05883,
	8.14372 2.05192,
	8.14717 2.045,
	8.14372 2.03809,
	8.1368 2.0329,
	8.13162 2.01907,
	8.11606 1.99142,
	8.09877 1.96721,
	8.0884 1.95339,
	8.06593 1.93091,
	8.05901 1.92746,
	8.05555 1.92746,
	8.04172 1.91535,
	8.04172 1.90153,
	8.03654 1.8877,
	8.03481 1.88078,
	8.00715 1.87732,
	8.00369 1.87732,
	8.00024 1.87387,
	7.99678 1.87387,
	7.98295 1.86004,
	7.95702 1.84102,
	7.94146 1.81509,
	7.92763 1.80991,
	7.89997 1.80818,
	7.87232 1.80991,
	7.85849 1.81164,
	7.85157 1.81682,
	7.83774 1.82201,
	7.81181 1.84448,
	7.8049 1.84967,
	7.79798 1.84967,
	7.79107 1.84621,
	7.77897 1.83238,
	7.77205 1.81855,
	7.77033 1.80472,
	7.77378 1.77706,
	7.77205 1.7494,
	7.76687 1.72175,
	7.76514 1.71483,
	7.75477 1.70273,
	7.74267 1.67507,
	7.73229 1.61975,
	7.72884 1.60592,
	7.72884 1.5921,
	7.72884 1.58864,
	"/>
</Transform>

<Transform dim="6"
 xcoef=" 1.44393194892798 0.849392821205817 -0.0502738808600202 0 0 0"
 ycoef=" 0.128870868582884 -0.00684477232609148 0.950855096795244 0 0 0">
<Contour name="d09" hidden="false" closed="true" simplified="true" border="0 1 0" fill="0 1 0" mode="11"
 points="7.57127 0.0573871,
	7.57318 0.0497354,
	7.57892 0.0420838,
	7.57892 0.038258,
	7.60952 0.0210419,
	7.64013 0.0153032,
	7.64778 0.0172161,
	7.65161 0.0172161,
	7.65543 0.0210419,
	7.66308 0.0229548,
	7.67839 0.0344322,
	7.69943 0.0631258,
	7.70708 0.0707774,
	7.71091 0.078429,
	7.71473 0.0803419,
	7.71856 0.0956451,
	7.72238 0.0994709,
	7.72621 0.114774,
	7.73004 0.1186,
	7.73195 0.133903,
	7.73769 0.149206,
	7.73578 0.16451,
	7.73004 0.179813,
	7.72621 0.187464,
	7.71091 0.200855,
	7.6956 0.202768,
	7.6803 0.198942,
	7.67265 0.197029,
	7.65926 0.187464,
	7.64587 0.172161,
	7.62865 0.141555,
	7.62865 0.137729,
	7.61335 0.122426,
	7.6057 0.116687,
	7.60187 0.116687,
	7.58657 0.107123,
	7.57892 0.103297,
	7.57318 0.0956451,
	7.57127 0.0650387,
	7.57127 0.0593,
	"/>
</Transform>

<Transform dim="6"
 xcoef=" 1.44393194892798 0.849392821205817 -0.0502738808600202 0 0 0"
 ycoef=" 0.128870868582884 -0.00684477232609148 0.950855096795244 0 0 0">
<Contour name="d02" hidden="false" closed="true" simplified="true" border="0.5 0 1" fill="0.5 0 1" mode="-11"
 points="6.9186 1.79185,
	6.92339 1.78707,
	6.92339 1.7775,
	6.92817 1.76793,
	6.96406 1.73683,
	6.97602 1.72008,
	6.99277 1.70334,
	7.00233 1.70094,
	7.00712 1.69616,
	7.0454 1.6818,
	7.05497 1.6818,
	7.06453 1.67702,
	7.10281 1.67463,
	7.17937 1.6507,
	7.19851 1.64831,
	7.20807 1.6507,
	7.21525 1.66027,
	7.22004 1.66506,
	7.22961 1.65788,
	7.23439 1.6531,
	7.23917 1.6531,
	7.25592 1.66984,
	7.26788 1.68898,
	7.28224 1.72726,
	7.27984 1.7464,
	7.27267 1.76554,
	7.25592 1.78228,
	7.21764 1.79424,
	7.18176 1.81577,
	7.14348 1.82295,
	7.1052 1.83491,
	7.02865 1.86601,
	7.0143 1.87797,
	6.98798 1.91386,
	6.96884 1.91625,
	6.95927 1.91386,
	6.9521 1.90668,
	6.93774 1.86841,
	6.92817 1.84927,
	6.9186 1.81099,
	6.9186 1.79424,
	"/>
<Contour name="d02" hidden="false" closed="true" simplified="true" border="0.5 0 1" fill="0.5 0 1" mode="-11"
 points="6.17459 1.01195,
	6.18894 0.995207,
	6.19851 0.98803,
	6.2033 0.983245,
	6.24158 0.971284,
	6.26071 0.968892,
	6.27985 0.971284,
	6.29899 0.980853,
	6.31813 0.995207,
	6.32531 1.00478,
	6.33009 1.04305,
	6.3277 1.06219,
	6.3277 1.07176,
	6.32291 1.08133,
	6.3277 1.11961,
	6.32531 1.13875,
	6.32052 1.14832,
	6.31095 1.15549,
	6.29181 1.15789,
	6.28224 1.15789,
	6.27268 1.1531,
	6.26789 1.1531,
	6.25114 1.13396,
	6.21526 1.05741,
	6.20808 1.04784,
	6.18894 1.03827,
	6.17937 1.03109,
	6.17459 1.02631,
	6.17459 1.01674,
	6.17459 1.01435,
	"/>
<Contour name="d02" hidden="false" closed="true" simplified="true" border="0.5 0 1" fill="0.5 0 1" mode="-11"
 points="5.81574 1.73683,
	5.82053 1.71769,
	5.83249 1.69855,
	5.84206 1.68898,
	5.8612 1.67702,
	5.87076 1.67223,
	5.87555 1.67223,
	5.87794 1.66745,
	5.88751 1.66506,
	5.90665 1.6531,
	5.91143 1.6531,
	5.94732 1.62439,
	5.95928 1.61003,
	5.97603 1.59568,
	5.98799 1.57654,
	5.99517 1.56697,
	6.00952 1.5287,
	6.0143 1.51913,
	6.0167 1.48085,
	6.01909 1.46171,
	6.02387 1.45693,
	6.02866 1.43779,
	6.03584 1.42822,
	6.03823 1.41865,
	6.04301 1.41386,
	6.05019 1.39473,
	6.05258 1.38516,
	6.05019 1.37559,
	6.0454 1.3708,
	6.04301 1.36123,
	6.03823 1.35645,
	6.04062 1.34688,
	6.05737 1.33013,
	6.09564 1.31339,
	6.11478 1.30621,
	6.11957 1.30382,
	6.13871 1.31578,
	6.15784 1.31817,
	6.17698 1.31339,
	6.18655 1.31578,
	6.20569 1.33013,
	6.24397 1.35166,
	6.26311 1.35884,
	6.30138 1.35645,
	6.31095 1.35166,
	6.33009 1.35406,
	6.34684 1.36602,
	6.35641 1.3708,
	6.3588 1.37559,
	6.39708 1.39233,
	6.41382 1.41147,
	6.44971 1.433,
	6.46885 1.44257,
	6.47363 1.44736,
	6.4832 1.44975,
	6.48559 1.45453,
	6.52387 1.46889,
	6.55975 1.4952,
	6.5765 1.51195,
	6.58368 1.53109,
	6.58846 1.54066,
	6.58846 1.55023,
	6.6076 1.56458,
	6.62195 1.58133,
	6.62913 1.60047,
	6.65305 1.63635,
	6.66262 1.65549,
	6.66741 1.67463,
	6.6698 1.7129,
	6.67459 1.72247,
	6.67459 1.73204,
	6.69612 1.76793,
	6.69851 1.7775,
	6.71286 1.79664,
	6.71765 1.80621,
	6.72722 1.81577,
	6.74396 1.85405,
	6.74875 1.87319,
	6.74875 1.87797,
	6.77746 1.90908,
	6.7942 1.92582,
	6.80377 1.9641,
	6.81095 2.04065,
	6.80856 2.05979,
	6.80138 2.07893,
	6.79899 2.0885,
	6.79659 2.09089,
	6.80377 2.16745,
	6.79899 2.20572,
	6.78942 2.244,
	6.7631 2.32055,
	6.75832 2.33969,
	6.75353 2.34448,
	6.75353 2.34926,
	6.74875 2.35405,
	6.74875 2.35883,
	6.74396 2.36362,
	6.74396 2.3684,
	6.73918 2.37319,
	6.73918 2.37797,
	6.73439 2.38276,
	6.72243 2.42103,
	6.71526 2.45931,
	6.7009 2.49759,
	6.69612 2.50237,
	6.68416 2.54065,
	6.68176 2.6172,
	6.67698 2.62677,
	6.66741 2.63395,
	6.65784 2.63395,
	6.65305 2.63395,
	6.64349 2.62677,
	6.62435 2.62438,
	6.61478 2.62916,
	6.60282 2.6483,
	6.59085 2.68658,
	6.58129 2.70572,
	6.5765 2.7105,
	6.57411 2.72007,
	6.55019 2.75835,
	6.53344 2.7727,
	6.52865 2.77749,
	6.49038 2.77988,
	6.48081 2.7751,
	6.47602 2.7751,
	6.46167 2.76074,
	6.45688 2.75117,
	6.45928 2.7129,
	6.46167 2.70333,
	6.45449 2.68419,
	6.43535 2.69376,
	6.41621 2.69376,
	6.40665 2.69376,
	6.40186 2.69376,
	6.38272 2.6794,
	6.35641 2.64113,
	6.35401 2.63156,
	6.34923 2.62677,
	6.34445 2.5885,
	6.34445 2.57893,
	6.33488 2.55979,
	6.32052 2.54065,
	6.28464 2.51194,
	6.2655 2.49759,
	6.25832 2.49041,
	6.25593 2.48563,
	6.25114 2.48563,
	6.2344 2.46888,
	6.22961 2.45931,
	6.22961 2.44974,
	6.21287 2.41146,
	6.20808 2.39232,
	6.20091 2.38276,
	6.19373 2.36362,
	6.14827 2.28706,
	6.12196 2.25118,
	6.08847 2.21529,
	6.0765 2.19855,
	6.04062 2.17223,
	6.00952 2.13635,
	5.98799 2.09807,
	5.9832 2.09328,
	5.96885 2.05501,
	5.96646 2.04544,
	5.96167 2.04065,
	5.9545 2.02151,
	5.94253 2.00238,
	5.93775 1.99281,
	5.93297 1.98802,
	5.93297 1.98324,
	5.90904 1.94735,
	5.90665 1.92821,
	5.90904 1.91864,
	5.90904 1.91386,
	5.91383 1.90908,
	5.89469 1.87319,
	5.88033 1.85644,
	5.8612 1.84687,
	5.83488 1.8086,
	5.81813 1.77032,
	5.81574 1.75118,
	5.81574 1.74161,
	5.81574 1.73922,
	"/>
</Transform>

<Transform dim="6"
 xcoef=" 1.44393194892798 0.849392821205817 -0.0502738808600202 0 0 0"
 ycoef=" 0.128870868582884 -0.00684477232609148 0.950855096795244 0 0 0">
<Contour name="d01ax29ssvr" hidden="false" closed="true" simplified="false" border="0 1 0.25098" fill="0 0 1" mode="-11"
 points="6.53441 0.148643,
	6.52306 0.13729,
	6.53441 0.125936,
	6.54577 0.13729,
	"/>
<Contour name="d01ax29ssvr" hidden="false" closed="true" simplified="false" border="0 1 0.25098" fill="0 0 1" mode="-11"
 points="6.55225 -0.0167913,
	6.5409 -0.0281446,
	6.55225 -0.039498,
	6.56361 -0.0281446,
	"/>
<Contour name="d01ax29ssvr" hidden="false" closed="true" simplified="false" border="0 1 0.25098" fill="0 0 1" mode="-11"
 points="6.49711 -0.0768018,
	6.48576 -0.0881551,
	6.49711 -0.0995084,
	6.50846 -0.0881551,
	"/>
<Contour name="d01ax29ssvr" hidden="false" closed="true" simplified="false" border="0 1 0.25098" fill="0 0 1" mode="-11"
 points="6.19219 0.127558,
	6.18084 0.116205,
	6.19219 0.104852,
	6.20355 0.116205,
	"/>
<Contour name="d01ax29ssvr" hidden="false" closed="true" simplified="false" border="0 1 0.25098" fill="0 0 1" mode="-11"
 points="6.23436 0.255689,
	6.22301 0.244335,
	6.23436 0.232982,
	6.24571 0.244335,
	"/>
</Transform>

<Transform dim="6"
 xcoef=" 1.44393194892798 0.849392821205817 -0.0502738808600202 0 0 0"
 ycoef=" 0.128870868582884 -0.00684477232609148 0.950855096795244 0 0 0">
<Contour name="d03ax19ssvr" hidden="false" closed="true" simplified="false" border="0 1 0.25098" fill="0 0 1" mode="-11"
 points="8.43438 0.710846,
	8.4239 0.700364,
	8.43438 0.689882,
	8.44486 0.700364,
	"/>
<Contour name="d03ax19ssvr" hidden="false" closed="true" simplified="false" border="0 1 0.25098" fill="0 0 1" mode="-11"
 points="8.39994 0.751276,
	8.38946 0.740794,
	8.39994 0.730312,
	8.41042 0.740794,
	"/>
<Contour name="d03ax19ssvr" hidden="false" closed="true" simplified="false" border="0 1 0.25098" fill="0 0 1" mode="-11"
 points="8.41492 0.80069,
	8.40443 0.790208,
	8.41492 0.779726,
	8.4254 0.790208,
	"/>
<Contour name="d03ax19ssvr" hidden="false" closed="true" simplified="false" border="0 1 0.25098" fill="0 0 1" mode="-11"
 points="8.47182 0.836628,
	8.46134 0.826146,
	8.47182 0.815664,
	8.4823 0.826146,
	"/>
<Contour name="d03ax19ssvr" hidden="false" closed="true" simplified="false" border="0 1 0.25098" fill="0 0 1" mode="-11"
 points="8.50177 0.812669,
	8.49128 0.802187,
	8.50177 0.791706,
	8.51225 0.802187,
	"/>
<Contour name="d03ax19ssvr" hidden="false" closed="true" simplified="false" border="0 1 0.25098" fill="0 0 1" mode="-11"
 points="8.52273 0.7947,
	8.51225 0.784218,
	8.52273 0.773737,
	8.53321 0.784218,
	"/>
<Contour name="d03ax19ssvr" hidden="false" closed="true" simplified="false" border="0 1 0.25098" fill="0 0 1" mode="-11"
 points="8.49578 0.745286,
	8.48529 0.734804,
	8.49578 0.724322,
	8.50626 0.734804,
	"/>
<Contour name="d03ax19ssvr" hidden="false" closed="true" simplified="false" border="0 1 0.25098" fill="0 0 1" mode="-11"
 points="8.52273 0.688385,
	8.51225 0.677903,
	8.52273 0.667421,
	8.53321 0.677903,
	"/>
</Transform>

<Transform dim="6"
 xcoef=" 1.44393194892798 0.849392821205817 -0.0502738808600202 0 0 0"
 ycoef=" 0.128870868582884 -0.00684477232609148 0.950855096795244 0 0 0">
<Contour name="d05ax18ssvda" hidden="false" closed="true" simplified="false" border="1 0 0" fill="0 0 1" mode="-11"
 points="7.51098 0.777374,
	7.5006 0.767002,
	7.51098 0.756629,
	7.52135 0.767002,
	"/>
<Contour name="d05ax18ssvda" hidden="false" closed="true" simplified="false" border="1 0 0" fill="0 0 1" mode="-11"
 points="7.46949 1.07965,
	7.45912 1.06927,
	7.46949 1.0589,
	7.47986 1.06927,
	"/>
<Contour name="d05ax18ssvda" hidden="false" closed="true" simplified="false" border="1 0 0" fill="0 0 1" mode="-11"
 points="7.48431 0.924064,
	7.47393 0.913692,
	7.48431 0.90332,
	7.49468 0.913692,
	"/>
<Contour name="d05ax18ssvda" hidden="false" closed="true" simplified="false" border="1 0 0" fill="0 0 1" mode="-11"
 points="7.49171 0.878131,
	7.48134 0.867759,
	7.49171 0.857387,
	7.50209 0.867759,
	"/>
<Contour name="d05ax18ssvr" hidden="false" closed="true" simplified="false" border="0 1 0.25098" fill="0 0 1" mode="-11"
 points="7.88882 1.08261,
	7.87844 1.07224,
	7.88882 1.06186,
	7.89919 1.07224,
	"/>
<Contour name="d05ax18ssvr" hidden="false" closed="true" simplified="false" border="0 1 0.25098" fill="0 0 1" mode="-11"
 points="7.90808 1.05149,
	7.89771 1.04112,
	7.90808 1.03075,
	7.91845 1.04112,
	"/>
<Contour name="d05ax18ssvr" hidden="false" closed="true" simplified="false" border="0 1 0.25098" fill="0 0 1" mode="-11"
 points="7.84288 1.1404,
	7.83251 1.13002,
	7.84288 1.11965,
	7.85325 1.13002,
	"/>
<Contour name="d05ax18ssvr" hidden="false" closed="true" simplified="false" border="0 1 0.25098" fill="0 0 1" mode="-11"
 points="7.79991 1.18485,
	7.78954 1.17448,
	7.79991 1.1641,
	7.81028 1.17448,
	"/>
<Contour name="d05ax18ssvr" hidden="false" closed="true" simplified="false" border="0 1 0.25098" fill="0 0 1" mode="-11"
 points="7.79399 1.12706,
	7.78361 1.11669,
	7.79399 1.10632,
	7.80436 1.11669,
	"/>
<Contour name="d05ax18ssvr" hidden="false" closed="true" simplified="false" border="0 1 0.25098" fill="0 0 1" mode="-11"
 points="7.75842 1.17596,
	7.74805 1.16559,
	7.75842 1.15521,
	7.7688 1.16559,
	"/>
<Contour name="d05ax18ssvr" hidden="false" closed="true" simplified="false" border="0 1 0.25098" fill="0 0 1" mode="-11"
 points="7.71101 1.18188,
	7.70064 1.17151,
	7.71101 1.16114,
	7.72138 1.17151,
	"/>
<Contour name="d05ax18ssvr" hidden="false" closed="true" simplified="false" border="0 1 0.25098" fill="0 0 1" mode="-11"
 points="7.68582 1.1078,
	7.67545 1.09743,
	7.68582 1.08705,
	7.69619 1.09743,
	"/>
<Contour name="d05ax18ssvr" hidden="false" closed="true" simplified="false" border="0 1 0.25098" fill="0 0 1" mode="-11"
 points="7.72879 1.1404,
	7.71842 1.13002,
	7.72879 1.11965,
	7.73916 1.13002,
	"/>
<Contour name="d05ax18ssvr" hidden="false" closed="true" simplified="false" border="0 1 0.25098" fill="0 0 1" mode="-11"
 points="7.72138 1.07965,
	7.71101 1.06927,
	7.72138 1.0589,
	7.73175 1.06927,
	"/>
<Contour name="d05ax18ssvr" hidden="false" closed="true" simplified="false" border="0 1 0.25098" fill="0 0 1" mode="-11"
 points="7.77028 1.06335,
	7.75991 1.05297,
	7.77028 1.0426,
	7.78065 1.05297,
	"/>
<Contour name="d05ax18ssvr" hidden="false" closed="true" simplified="false" border="0 1 0.25098" fill="0 0 1" mode="-11"
 points="7.8088 1.06483,
	7.79843 1.05446,
	7.8088 1.04408,
	7.81918 1.05446,
	"/>
<Contour name="d05ax18ssvr" hidden="false" closed="true" simplified="false" border="0 1 0.25098" fill="0 0 1" mode="-11"
 points="7.84436 1.05001,
	7.83399 1.03964,
	7.84436 1.02927,
	7.85474 1.03964,
	"/>
<Contour name="d05ax18ssvr" hidden="false" closed="true" simplified="false" border="0 1 0.25098" fill="0 0 1" mode="-11"
 points="7.8088 1.02186,
	7.79843 1.01149,
	7.8088 1.00111,
	7.81918 1.01149,
	"/>
<Contour name="d05ax18ssvr" hidden="false" closed="true" simplified="false" border="0 1 0.25098" fill="0 0 1" mode="-11"
 points="7.83547 0.978888,
	7.8251 0.968516,
	7.83547 0.958144,
	7.84585 0.968516,
	"/>
<Contour name="d05ax18ssvr" hidden="false" closed="true" simplified="false" border="0 1 0.25098" fill="0 0 1" mode="-11"
 points="7.8577 1.02186,
	7.84733 1.01149,
	7.8577 1.00111,
	7.86807 1.01149,
	"/>
<Contour name="d05ax18ssvr" hidden="false" closed="true" simplified="false" border="0 1 0.25098" fill="0 0 1" mode="-11"
 points="7.90067 0.977406,
	7.8903 0.967034,
	7.90067 0.956662,
	7.91104 0.967034,
	"/>
<Contour name="d05ax18ssvr" hidden="false" closed="true" simplified="false" border="0 1 0.25098" fill="0 0 1" mode="-11"
 points="7.86066 0.929991,
	7.85029 0.919619,
	7.86066 0.909247,
	7.87104 0.919619,
	"/>
<Contour name="d05ax18ssvr" hidden="false" closed="true" simplified="false" border="0 1 0.25098" fill="0 0 1" mode="-11"
 points="7.90956 0.909247,
	7.89919 0.898875,
	7.90956 0.888503,
	7.91993 0.898875,
	"/>
<Contour name="d05ax18ssvr" hidden="false" closed="true" simplified="false" border="0 1 0.25098" fill="0 0 1" mode="-11"
 points="7.86807 0.873686,
	7.8577 0.863314,
	7.86807 0.852942,
	7.87844 0.863314,
	"/>
<Contour name="d05ax18ssvr" hidden="false" closed="true" simplified="false" border="0 1 0.25098" fill="0 0 1" mode="-11"
 points="7.8088 0.924064,
	7.79843 0.913692,
	7.8088 0.90332,
	7.81918 0.913692,
	"/>
<Contour name="d05ax18ssvr" hidden="false" closed="true" simplified="false" border="0 1 0.25098" fill="0 0 1" mode="-11"
 points="7.80436 0.864795,
	7.79399 0.854423,
	7.80436 0.844051,
	7.81473 0.854423,
	"/>
<Contour name="d05ax18ssvr" hidden="false" closed="true" simplified="false" border="0 1 0.25098" fill="0 0 1" mode="-11"
 points="7.7851 0.898875,
	7.77472 0.888503,
	7.7851 0.878131,
	7.79547 0.888503,
	"/>
<Contour name="d05ax18ssvr" hidden="false" closed="true" simplified="false" border="0 1 0.25098" fill="0 0 1" mode="-11"
 points="7.76435 0.95518,
	7.75398 0.944808,
	7.76435 0.934436,
	7.77472 0.944808,
	"/>
<Contour name="d05ax18ssvr" hidden="false" closed="true" simplified="false" border="0 1 0.25098" fill="0 0 1" mode="-11"
 points="7.75546 0.990742,
	7.74509 0.98037,
	7.75546 0.969998,
	7.76583 0.98037,
	"/>
<Contour name="d05ax18ssvr" hidden="false" closed="true" simplified="false" border="0 1 0.25098" fill="0 0 1" mode="-11"
 points="7.71397 0.975925,
	7.7036 0.965553,
	7.71397 0.95518,
	7.72434 0.965553,
	"/>
<Contour name="d05ax18ssvr" hidden="false" closed="true" simplified="false" border="0 1 0.25098" fill="0 0 1" mode="-11"
 points="7.69619 1.00408,
	7.68582 0.993705,
	7.69619 0.983333,
	7.70656 0.993705,
	"/>
<Contour name="d05ax18ssvr" hidden="false" closed="true" simplified="false" border="0 1 0.25098" fill="0 0 1" mode="-11"
 points="7.65619 1.00556,
	7.64581 0.995187,
	7.65619 0.984815,
	7.66656 0.995187,
	"/>
<Contour name="d05ax18ssvr" hidden="false" closed="true" simplified="false" border="0 1 0.25098" fill="0 0 1" mode="-11"
 points="7.66211 0.974443,
	7.65174 0.964071,
	7.66211 0.953699,
	7.67248 0.964071,
	"/>
<Contour name="d05ax18ssvr" hidden="false" closed="true" simplified="false" border="0 1 0.25098" fill="0 0 1" mode="-11"
 points="7.631 0.94629,
	7.62062 0.935918,
	7.631 0.925546,
	7.64137 0.935918,
	"/>
<Contour name="d05ax18ssvr" hidden="false" closed="true" simplified="false" border="0 1 0.25098" fill="0 0 1" mode="-11"
 points="7.61025 0.995187,
	7.59988 0.984815,
	7.61025 0.974443,
	7.62062 0.984815,
	"/>
<Contour name="d05ax18ssvr" hidden="false" closed="true" simplified="false" border="0 1 0.25098" fill="0 0 1" mode="-11"
 points="7.58951 0.949254,
	7.57914 0.938882,
	7.58951 0.928509,
	7.59988 0.938882,
	"/>
<Contour name="d05ax18ssvr" hidden="false" closed="true" simplified="false" border="0 1 0.25098" fill="0 0 1" mode="-11"
 points="7.55691 0.918137,
	7.54654 0.907765,
	7.55691 0.897393,
	7.56728 0.907765,
	"/>
<Contour name="d05ax18ssvr" hidden="false" closed="true" simplified="false" border="0 1 0.25098" fill="0 0 1" mode="-11"
 points="7.51987 0.910729,
	7.50949 0.900357,
	7.51987 0.889985,
	7.53024 0.900357,
	"/>
<Contour name="d05ax18ssvr" hidden="false" closed="true" simplified="false" border="0 1 0.25098" fill="0 0 1" mode="-11"
 points="7.52579 0.961107,
	7.51542 0.950735,
	7.52579 0.940363,
	7.53617 0.950735,
	"/>
<Contour name="d05ax18ssvr" hidden="false" closed="true" simplified="false" border="0 1 0.25098" fill="0 0 1" mode="-11"
 points="7.50949 1.0263,
	7.49912 1.01593,
	7.50949 1.00556,
	7.51987 1.01593,
	"/>
<Contour name="d05ax18ssvr" hidden="false" closed="true" simplified="false" border="0 1 0.25098" fill="0 0 1" mode="-11"
 points="7.53765 1.03964,
	7.52728 1.02927,
	7.53765 1.01889,
	7.54802 1.02927,
	"/>
<Contour name="d05ax18ssvr" hidden="false" closed="true" simplified="false" border="0 1 0.25098" fill="0 0 1" mode="-11"
 points="7.52728 1.08261,
	7.5169 1.07224,
	7.52728 1.06186,
	7.53765 1.07224,
	"/>
<Contour name="d05ax18ssvr" hidden="false" closed="true" simplified="false" border="0 1 0.25098" fill="0 0 1" mode="-11"
 points="7.58506 1.06927,
	7.57469 1.0589,
	7.58506 1.04853,
	7.59543 1.0589,
	"/>
<Contour name="d05ax18ssvr" hidden="false" closed="true" simplified="false" border="0 1 0.25098" fill="0 0 1" mode="-11"
 points="7.57765 1.14336,
	7.56728 1.13299,
	7.57765 1.12262,
	7.58803 1.13299,
	"/>
<Contour name="d05ax18ssvr" hidden="false" closed="true" simplified="false" border="0 1 0.25098" fill="0 0 1" mode="-11"
 points="7.52135 1.1404,
	7.51098 1.13002,
	7.52135 1.11965,
	7.53172 1.13002,
	"/>
<Contour name="d05ax18ssvr" hidden="false" closed="true" simplified="false" border="0 1 0.25098" fill="0 0 1" mode="-11"
 points="7.74064 0.889985,
	7.73027 0.879613,
	7.74064 0.869241,
	7.75102 0.879613,
	"/>
<Contour name="d05ax18ssvr" hidden="false" closed="true" simplified="false" border="0 1 0.25098" fill="0 0 1" mode="-11"
 points="7.70953 0.858868,
	7.69916 0.848496,
	7.70953 0.838124,
	7.7199 0.848496,
	"/>
<Contour name="d05ax18ssvr" hidden="false" closed="true" simplified="false" border="0 1 0.25098" fill="0 0 1" mode="-11"
 points="7.75398 0.824789,
	7.74361 0.814417,
	7.75398 0.804045,
	7.76435 0.814417,
	"/>
<Contour name="d05ax18ssvr" hidden="false" closed="true" simplified="false" border="0 1 0.25098" fill="0 0 1" mode="-11"
 points="7.7925 0.812935,
	7.78213 0.802563,
	7.7925 0.792191,
	7.80288 0.802563,
	"/>
<Contour name="d05ax18ssvr" hidden="false" closed="true" simplified="false" border="0 1 0.25098" fill="0 0 1" mode="-11"
 points="7.82658 0.793673,
	7.81621 0.783301,
	7.82658 0.772928,
	7.83696 0.783301,
	"/>
<Contour name="d05ax18ssvr" hidden="false" closed="true" simplified="false" border="0 1 0.25098" fill="0 0 1" mode="-11"
 points="7.76139 0.778855,
	7.75102 0.768483,
	7.76139 0.758111,
	7.77176 0.768483,
	"/>
<Contour name="d05ax18ssvr" hidden="false" closed="true" simplified="false" border="0 1 0.25098" fill="0 0 1" mode="-11"
 points="7.73768 0.743294,
	7.72731 0.732922,
	7.73768 0.72255,
	7.74805 0.732922,
	"/>
<Contour name="d05ax18ssvr" hidden="false" closed="true" simplified="false" border="0 1 0.25098" fill="0 0 1" mode="-11"
 points="7.76583 0.719586,
	7.75546 0.709214,
	7.76583 0.698842,
	7.77621 0.709214,
	"/>
<Contour name="d05ax18ssvr" hidden="false" closed="true" simplified="false" border="0 1 0.25098" fill="0 0 1" mode="-11"
 points="7.68286 0.68847,
	7.67248 0.678098,
	7.68286 0.667726,
	7.69323 0.678098,
	"/>
<Contour name="d05ax18ssvr" hidden="false" closed="true" simplified="false" border="0 1 0.25098" fill="0 0 1" mode="-11"
 points="7.56876 0.734404,
	7.55839 0.724032,
	7.56876 0.71366,
	7.57914 0.724032,
	"/>
<Contour name="d05ax18ssvr" hidden="false" closed="true" simplified="false" border="0 1 0.25098" fill="0 0 1" mode="-11"
 points="7.55839 0.775892,
	7.54802 0.76552,
	7.55839 0.755148,
	7.56876 0.76552,
	"/>
<Contour name="d05ax18ssvr" hidden="false" closed="true" simplified="false" border="0 1 0.25098" fill="0 0 1" mode="-11"
 points="7.59395 0.743294,
	7.58358 0.732922,
	7.59395 0.72255,
	7.60433 0.732922,
	"/>
<Contour name="d05ax18ssvr" hidden="false" closed="true" simplified="false" border="0 1 0.25098" fill="0 0 1" mode="-11"
 points="7.62359 0.771447,
	7.61322 0.761075,
	7.62359 0.750703,
	7.63396 0.761075,
	"/>
<Contour name="d05ax18ssvr" hidden="false" closed="true" simplified="false" border="0 1 0.25098" fill="0 0 1" mode="-11"
 points="7.67989 0.784782,
	7.66952 0.77441,
	7.67989 0.764038,
	7.69027 0.77441,
	"/>
<Contour name="d05ax18ssvr" hidden="false" closed="true" simplified="false" border="0 1 0.25098" fill="0 0 1" mode="-11"
 points="7.70508 0.814417,
	7.69471 0.804045,
	7.70508 0.793673,
	7.71545 0.804045,
	"/>
<Contour name="d05ax18ssvr" hidden="false" closed="true" simplified="false" border="0 1 0.25098" fill="0 0 1" mode="-11"
 points="7.66063 0.838124,
	7.65026 0.827752,
	7.66063 0.81738,
	7.671 0.827752,
	"/>
<Contour name="d05ax18ssvr" hidden="false" closed="true" simplified="false" border="0 1 0.25098" fill="0 0 1" mode="-11"
 points="7.5984 0.820344,
	7.58803 0.809972,
	7.5984 0.799599,
	7.60877 0.809972,
	"/>
<Contour name="d05ax18ssvr" hidden="false" closed="true" simplified="false" border="0 1 0.25098" fill="0 0 1" mode="-11"
 points="7.59692 0.848496,
	7.58654 0.838124,
	7.59692 0.827752,
	7.60729 0.838124,
	"/>
<Contour name="d05ax18ssvr" hidden="false" closed="true" simplified="false" border="0 1 0.25098" fill="0 0 1" mode="-11"
 points="7.62803 0.869241,
	7.61766 0.858868,
	7.62803 0.848496,
	7.6384 0.858868,
	"/>
<Contour name="d05ax18ssvr" hidden="false" closed="true" simplified="false" border="0 1 0.25098" fill="0 0 1" mode="-11"
 points="7.66359 0.895912,
	7.65322 0.885539,
	7.66359 0.875167,
	7.67397 0.885539,
	"/>
<Contour name="d05ax18ssvr" hidden="false" closed="true" simplified="false" border="0 1 0.25098" fill="0 0 1" mode="-11"
 points="7.70805 0.929991,
	7.69767 0.919619,
	7.70805 0.909247,
	7.71842 0.919619,
	"/>
<Contour name="d05ax18ssvr" hidden="false" closed="true" simplified="false" border="0 1 0.25098" fill="0 0 1" mode="-11"
 points="7.79399 0.768483,
	7.78361 0.758111,
	7.79399 0.747739,
	7.80436 0.758111,
	"/>
<Contour name="d05ax18ssvr" hidden="false" closed="true" simplified="false" border="0 1 0.25098" fill="0 0 1" mode="-11"
 points="7.69916 1.04705,
	7.68878 1.03668,
	7.69916 1.0263,
	7.70953 1.03668,
	"/>
</Transform>

<Transform dim="6"
 xcoef=" 1.44393194892798 0.849392821205817 -0.0502738808600202 0 0 0"
 ycoef=" 0.128870868582884 -0.00684477232609148 0.950855096795244 0 0 0">
<Contour name="d05ax19ssvr" hidden="false" closed="true" simplified="false" border="0 1 0.25098" fill="0 0 1" mode="-11"
 points="7.61124 4.28988,
	7.60218 4.28082,
	7.61124 4.27176,
	7.6203 4.28082,
	"/>
</Transform>

<Transform dim="6"
 xcoef=" 1.44393194892798 0.849392821205817 -0.0502738808600202 0 0 0"
 ycoef=" 0.128870868582884 -0.00684477232609148 0.950855096795244 0 0 0">
<Contour name="d09ax17ssvr" hidden="false" closed="true" simplified="false" border="0 1 0.25098" fill="0 0 1" mode="-11"
 points="8.64296 1.11754,
	8.63378 1.10836,
	8.64296 1.09917,
	8.65215 1.10836,
	"/>
<Contour name="d09ax17ssvr" hidden="false" closed="true" simplified="false" border="0 1 0.25098" fill="0 0 1" mode="-11"
 points="8.62722 1.06111,
	8.61803 1.05193,
	8.62722 1.04274,
	8.6364 1.05193,
	"/>
<Contour name="d09ax17ssvr" hidden="false" closed="true" simplified="false" border="0 1 0.25098" fill="0 0 1" mode="-11"
 points="8.59441 1.09392,
	8.58522 1.08474,
	8.59441 1.07555,
	8.6036 1.08474,
	"/>
<Contour name="d09ax17ssvr" hidden="false" closed="true" simplified="false" border="0 1 0.25098" fill="0 0 1" mode="-11"
 points="8.56685 1.0913,
	8.55767 1.08211,
	8.56685 1.07292,
	8.57604 1.08211,
	"/>
<Contour name="d09ax17ssvr" hidden="false" closed="true" simplified="false" border="0 1 0.25098" fill="0 0 1" mode="-11"
 points="8.46187 1.13198,
	8.45268 1.12279,
	8.46187 1.11361,
	8.47105 1.12279,
	"/>
<Contour name="d09ax17ssvr" hidden="false" closed="true" simplified="false" border="0 1 0.25098" fill="0 0 1" mode="-11"
 points="8.48024 1.22384,
	8.47105 1.21465,
	8.48024 1.20547,
	8.48943 1.21465,
	"/>
</Transform>

<Transform dim="6"
 xcoef=" 1.44393194892798 0.849392821205817 -0.0502738808600202 0 0 0"
 ycoef=" 0.128870868582884 -0.00684477232609148 0.950855096795244 0 0 0">
<Contour name="d03ax17b2c01" hidden="false" closed="true" simplified="true" border="0 1 0" fill="0 1 0" mode="-9"
 points="8.80174 -1.76593,
	8.81247 -1.78309,
	8.82749 -1.79597,
	8.83607 -1.79597,
	8.84036 -1.79597,
	8.84465 -1.79168,
	8.85324 -1.78953,
	8.86396 -1.77451,
	8.86611 -1.75734,
	8.86396 -1.74876,
	8.8704 -1.74018,
	8.86826 -1.70585,
	8.88113 -1.67152,
	8.88757 -1.65435,
	8.88757 -1.64577,
	8.89186 -1.64147,
	8.89615 -1.60714,
	8.90044 -1.58998,
	8.8983 -1.55565,
	8.88971 -1.52131,
	8.88542 -1.48698,
	8.88113 -1.46982,
	8.86826 -1.4548,
	8.85967 -1.44836,
	8.85538 -1.44836,
	8.84894 -1.45694,
	8.84465 -1.46123,
	8.84036 -1.4784,
	8.84036 -1.51273,
	8.84036 -1.5299,
	8.84465 -1.53848,
	8.84251 -1.60714,
	8.84251 -1.61573,
	8.83392 -1.63289,
	8.82105 -1.70156,
	8.81676 -1.71872,
	8.80603 -1.73589,
	8.80174 -1.74447,
	8.80174 -1.76164,
	8.80174 -1.76378,
	"/>
</Transform>

<Transform dim="6"
 xcoef=" 1.45393194892798 0.849392821205817 -0.0502738808600202 0 0 0"
 ycoef=" 0.118870868582884 -0.00684477232609148 0.950855096795244 0 0 0">
<Contour name="d03ax17b2cfa01" hidden="false" closed="true" simplified="true" border="0 1 0" fill="0 1 0" mode="-9"
 points="8.80174 -1.76593,
	8.81247 -1.78309,
	8.82749 -1.79597,
	8.83607 -1.79597,
	8.84036 -1.79597,
	8.84465 -1.79168,
	8.85324 -1.78953,
	8.86396 -1.77451,
	8.86611 -1.75734,
	8.86396 -1.74876,
	8.8704 -1.74018,
	8.86826 -1.70585,
	8.88113 -1.67152,
	8.88757 -1.65435,
	8.88757 -1.64577,
	8.89186 -1.64147,
	8.89615 -1.60714,
	8.90044 -1.58998,
	8.8983 -1.55565,
	8.88971 -1.52131,
	8.88542 -1.48698,
	8.88113 -1.46982,
	8.86826 -1.4548,
	8.85967 -1.44836,
	8.85538 -1.44836,
	8.84894 -1.45694,
	8.84465 -1.46123,
	8.84036 -1.4784,
	8.84036 -1.51273,
	8.84036 -1.5299,
	8.84465 -1.53848,
	8.84251 -1.60714,
	8.84251 -1.61573,
	8.83392 -1.63289,
	8.82105 -1.70156,
	8.81676 -1.71872,
	8.80603 -1.73589,
	8.80174 -1.74447,
	8.80174 -1.76164,
	8.80174 -1.76378,
	"/>
</Transform>

<Transform dim="6"
 xcoef=" 1.44393194892798 0.849392821205817 -0.0502738808600202 0 0 0"
 ycoef=" 0.128870868582884 -0.00684477232609148 0.950855096795244 0 0 0">
<Contour name="d01SER" hidden="false" closed="true" simplified="true" border="0 1 0" fill="0 1 0" mode="-9"
 points="5.15627 0.694837,
	5.16785 0.683257,
	5.19102 0.668781,
	5.19681 0.668781,
	5.2026 0.662991,
	5.21418 0.665886,
	5.21707 0.689047,
	5.21997 0.700628,
	5.21997 0.706418,
	5.23734 0.726684,
	5.22865 0.749845,
	5.22286 0.761426,
	5.1997 0.764321,
	5.18812 0.761426,
	5.17654 0.752741,
	5.15627 0.706418,
	5.15627 0.697733,
	"/>
</Transform>

<Transform dim="6"
 xcoef=" 1.44393194892798 0.849392821205817 -0.0502738808600202 0 0 0"
 ycoef=" 0.128870868582884 -0.00684477232609148 0.950855096795244 0 0 0">
<Contour name="d03SER" hidden="false" closed="true" simplified="true" border="0 1 0" fill="0 1 0" mode="-9"
 points="7.891 -0.435716,
	7.91238 -0.454427,
	7.93377 -0.4571,
	7.94446 -0.449081,
	7.9498 -0.438389,
	7.95515 -0.433042,
	7.95248 -0.42235,
	7.9498 -0.417004,
	7.95515 -0.395619,
	7.9605 -0.390273,
	7.9605 -0.368888,
	7.94713 -0.347503,
	7.94179 -0.342157,
	7.93109 -0.342157,
	7.9204 -0.347503,
	7.89902 -0.390273,
	7.891 -0.411658,
	7.891 -0.433042,
	"/>
<Contour name="d03SER" hidden="false" closed="true" simplified="true" border="0 1 0" fill="0 1 0" mode="-9"
 points="7.70923 -0.550659,
	7.71724 -0.572044,
	7.72794 -0.580063,
	7.74932 -0.585409,
	7.75467 -0.585409,
	7.76803 -0.564024,
	7.76001 -0.521255,
	7.75467 -0.515909,
	7.75199 -0.505216,
	7.74398 -0.497197,
	7.73328 -0.494524,
	7.72259 -0.497197,
	7.71457 -0.507889,
	7.70923 -0.529274,
	7.70923 -0.547986,
	"/>
<Contour name="d03SER" hidden="false" closed="true" simplified="true" border="0 1 0" fill="0 1 0" mode="-9"
 points="7.51944 -0.187117,
	7.52211 -0.19781,
	7.5328 -0.205829,
	7.54349 -0.203156,
	7.55151 -0.195136,
	7.55419 -0.184444,
	7.54617 -0.173752,
	7.53547 -0.168405,
	7.52478 -0.168405,
	7.51944 -0.171079,
	7.51944 -0.181771,
	7.51944 -0.184444,
	"/>
<Contour name="d03SER" hidden="false" closed="true" simplified="true" border="0 1 0" fill="0 1 0" mode="-9"
 points="7.88565 0.0561351,
	7.90436 0.0427696,
	7.90971 0.0427696,
	7.91505 0.0374234,
	7.93644 0.0374234,
	7.94713 0.0400965,
	7.95248 0.0614813,
	7.94713 0.0721737,
	7.92575 0.0855393,
	7.90436 0.0828662,
	7.89367 0.0775199,
	7.88565 0.0668275,
	7.88565 0.0588082,
	"/>
</Transform>

<Transform dim="6"
 xcoef=" 1.44393194892798 0.849392821205817 -0.0502738808600202 0 0 0"
 ycoef=" 0.128870868582884 -0.00684477232609148 0.950855096795244 0 0 0">
<Contour name="d05SER" hidden="false" closed="true" simplified="true" border="0 1 0" fill="0 1 0" mode="-9"
 points="6.61371 2.7887,
	6.62091 2.7815,
	6.6461 2.72393,
	6.65329 2.70953,
	6.66049 2.70234,
	6.66769 2.70234,
	6.67488 2.69514,
	6.70367 2.68795,
	6.71806 2.68795,
	6.73246 2.68075,
	6.76124 2.68075,
	6.79003 2.68795,
	6.80442 2.69514,
	6.81162 2.69514,
	6.82601 2.72393,
	6.82601 2.7815,
	6.81882 2.81029,
	6.80082 2.83548,
	6.78643 2.84987,
	6.73606 2.88225,
	6.72166 2.89665,
	6.71447 2.89665,
	6.71087 2.90384,
	6.68208 2.91464,
	6.66769 2.91464,
	6.65329 2.90384,
	6.62091 2.84627,
	6.61371 2.81748,
	6.61371 2.7923,
	"/>
<Contour name="d05SER" hidden="false" closed="true" simplified="true" border="0 1 0" fill="0 1 0" mode="-9"
 points="6.98794 3.23489,
	6.99513 3.2205,
	7.00233 3.2133,
	7.03112 3.2097,
	7.0599 3.2133,
	7.08509 3.23489,
	7.09229 3.24209,
	7.0743 3.27087,
	7.04551 3.27447,
	7.01672 3.26727,
	6.99154 3.24928,
	6.98794 3.23849,
	"/>
</Transform>

<Transform dim="6"
 xcoef=" 1.44393194892798 0.849392821205817 -0.0502738808600202 0 0 0"
 ycoef=" 0.128870868582884 -0.00684477232609148 0.950855096795244 0 0 0">
<Contour name="d05SER" hidden="false" closed="true" simplified="true" border="0 1 0" fill="0 1 0" mode="-9"
 points="7.15706 3.12694,
	7.17505 3.09815,
	7.22902 3.06217,
	7.24342 3.05138,
	7.25061 3.04778,
	7.26141 3.05857,
	7.26141 3.11615,
	7.25421 3.17372,
	7.25421 3.18811,
	7.25421 3.19531,
	7.24702 3.2025,
	7.24702 3.2097,
	7.23262 3.22409,
	7.20384 3.23489,
	7.18944 3.23129,
	7.18225 3.23129,
	7.17145 3.2169,
	7.17505 3.2025,
	7.20024 3.17732,
	7.21463 3.16652,
	7.22183 3.16652,
	7.22902 3.15213,
	7.22902 3.12334,
	7.20024 3.13414,
	7.17505 3.15213,
	7.16066 3.14853,
	7.15706 3.13414,
	7.15706 3.13054,
	"/>
<Contour name="d05SER" hidden="false" closed="true" simplified="true" border="0 1 0" fill="0 1 0" mode="-9"
 points="7.15346 2.88225,
	7.17145 2.85707,
	7.18585 2.84987,
	7.19304 2.84987,
	7.20024 2.84267,
	7.22902 2.84267,
	7.25781 2.84987,
	7.283 2.87146,
	7.29379 2.90025,
	7.29739 2.92903,
	7.2866 2.95782,
	7.26141 2.97941,
	7.23262 2.9902,
	7.20384 2.98661,
	7.17865 2.96861,
	7.15346 2.91104,
	7.15346 2.88585,
	"/>
</Transform>

<Transform dim="6"
 xcoef=" 1.44393194892798 0.849392821205817 -0.0502738808600202 0 0 0"
 ycoef=" 0.128870868582884 -0.00684477232609148 0.950855096795244 0 0 0">
<Contour name="d03p20" hidden="false" closed="true" simplified="false" border="0 1 1" fill="0 1 1" mode="-9"
 points="7.9661 -0.524612,
	7.97754 -0.536051,
	7.93178 -0.581807,
	7.94322 -0.593247,
	7.98898 -0.54749,
	8.00042 -0.558929,
	8.00042 -0.524612,
	"/>
</Transform>

<Transform dim="6"
 xcoef=" 1.44393194892798 0.849392821205817 -0.0502738808600202 0 0 0"
 ycoef=" 0.128870868582884 -0.00684477232609148 0.950855096795244 0 0 0">
<Contour name="d05SER" hidden="false" closed="true" simplified="true" border="0 1 0" fill="0 1 0" mode="-9"
 points="7.26395 1.24705,
	7.26845 1.22904,
	7.2797 1.21103,
	7.28871 1.21328,
	7.31572 1.24705,
	7.32922 1.28081,
	7.33373 1.28532,
	7.33823 1.30332,
	7.34273 1.30783,
	7.33148 1.32583,
	7.31572 1.34159,
	7.30671 1.34159,
	7.29771 1.33709,
	7.29096 1.31908,
	7.2842 1.31008,
	7.2842 1.30557,
	7.27295 1.28757,
	7.2662 1.26956,
	7.26395 1.25155,
	7.26395 1.2493,
	"/>
</Transform>

<Transform dim="6"
 xcoef=" 1.44393194892798 0.849392821205817 -0.0502738808600202 0 0 0"
 ycoef=" 0.128870868582884 -0.00684477232609148 0.950855096795244 0 0 0">
<Contour name="d05SER" hidden="false" closed="true" simplified="true" border="0 1 0" fill="0 1 0" mode="-9"
 points="7.27395 1.24705,
	7.27845 1.22904,
	7.2897 1.21103,
	7.29871 1.21328,
	7.32572 1.24705,
	7.33922 1.28081,
	7.34373 1.28532,
	7.34823 1.30332,
	7.35273 1.30783,
	7.34148 1.32583,
	7.32572 1.34159,
	7.31671 1.34159,
	7.30771 1.33709,
	7.30096 1.31908,
	7.2942 1.31008,
	7.2942 1.30557,
	7.28295 1.28757,
	7.2762 1.26956,
	7.27395 1.25155,
	7.27395 1.2493,
	"/>
</Transform>

<Transform dim="6"
 xcoef=" 1.44393194892798 0.849392821205817 -0.0502738808600202 0 0 0"
 ycoef=" 0.128870868582884 -0.00684477232609148 0.950855096795244 0 0 0">
<Contour name="mito05_MW_KH(bad)" hidden="false" closed="false" simplified="false" border="1 1 0" fill="1 1 0.502" mode="-9"
 points="4.11712 3.64923,
	4.40174 3.62381,
	"/>
</Transform>

<Transform dim="6"
 xcoef=" 0.819086376934132 0.92054301021948 -0.0253074636328197 0 0 0"
 ycoef=" 0.0587512244924833 -0.0100599397554865 1.00738844656026 0 0 0">
<Contour name="d14p32" hidden="false" closed="true" simplified="false" border="0.5 0 1" fill="0.5 0 1" mode="13"
 points="3.04144 -2.17826,
	3.03646 -2.17984,
	3.04135 -2.18147,
	3.03793 -2.18628,
	3.04295 -2.18308,
	3.04446 -2.18791,
	3.04624 -2.18309,
	3.05107 -2.18632,
	3.04793 -2.18149,
	3.05291 -2.17989,
	3.04802 -2.17828,
	3.05145 -2.17347,
	3.04642 -2.17666,
	3.04492 -2.17184,
	3.04314 -2.17665,
	3.0383 -2.17343,
	"/>
</Transform>

<Transform dim="0"
 xcoef=" 0 1 0 0 0 0"
 ycoef=" 0 0 1 0 0 0">
<Contour name="d01ax29" comment="LK bouton trace named after cfa" hidden="false" closed="true" simplified="true" border="0 1 1" fill="0.502 1 1" mode="-9"
 points="5.49978 -0.039528,
	5.51415 -0.154518,
	5.51595 -0.183266,
	5.51415 -0.212014,
	5.50697 -0.240761,
	5.50337 -0.247948,
	5.50158 -0.276696,
	5.50697 -0.334191,
	5.50697 -0.341378,
	5.51236 -0.355752,
	5.51415 -0.362939,
	5.51954 -0.370126,
	5.51954 -0.377313,
	5.5465 -0.40606,
	5.55907 -0.420434,
	5.58782 -0.438401,
	5.70281 -0.472539,
	5.76031 -0.474336,
	5.77468 -0.474336,
	5.78905 -0.470742,
	5.8178 -0.452775,
	5.83038 -0.441995,
	5.85194 -0.413247,
	5.85553 -0.40606,
	5.88069 -0.377313,
	5.93818 -0.325208,
	5.95256 -0.316224,
	5.97771 -0.287476,
	6.00646 -0.264119,
	6.03521 -0.244355,
	6.04239 -0.238965,
	6.04419 -0.210217,
	6.04419 -0.20303,
	6.05497 -0.174282,
	6.06216 -0.145535,
	6.06395 -0.0880396,
	6.06395 -0.059292,
	6.06755 -0.0305444,
	6.06575 -0.0233574,
	6.06755 -0.019764,
	6.06934 -0.0215607,
	6.07473 0.00718691,
	6.07473 0.0646822,
	6.07473 0.079056,
	6.06575 0.107804,
	6.05497 0.165299,
	6.05138 0.194046,
	6.04958 0.20842,
	6.03161 0.237168,
	6.03161 0.244355,
	6.02802 0.247948,
	6.01903 0.305444,
	6.01364 0.334191,
	6.01185 0.362939,
	6.00825 0.377313,
	5.99208 0.40606,
	5.97052 0.434808,
	5.95256 0.463555,
	5.93099 0.492303,
	5.8735 0.539018,
	5.84475 0.558782,
	5.83038 0.567766,
	5.82319 0.573156,
	5.79444 0.573156,
	5.78007 0.573156,
	5.75132 0.565969,
	5.72437 0.537221,
	5.71 0.524644,
	5.69023 0.495897,
	5.66328 0.467149,
	5.64352 0.438401,
	5.63094 0.424028,
	5.61477 0.39528,
	5.59141 0.366532,
	5.57884 0.353955,
	5.57345 0.339581,
	5.57165 0.325208,
	5.56446 0.310834,
	5.55368 0.29646,
	5.54829 0.282086,
	5.5465 0.267712,
	5.54111 0.253338,
	5.54111 0.138348,
	5.53751 0.123974,
	5.52493 0.0952265,
	5.50876 0.0377313,
	5.49978 -0.019764,
	5.49978 -0.0341378,
	5.49978 -0.0377313,
	"/>
</Transform>

<Transform dim="6"
 xcoef=" 0.377810761391902 0.909655865227806 0.00467265811907465 0 0 0"
 ycoef=" 4.50363471534556 -0.0503720655454944 0.775855177827038 0 0 0">
<Image mag="0.00220626" contrast="1" brightness="0" red="true" green="true" blue="true"
 src="FPNCT.183.jpg" />
<Contour name="domain1" hidden="false" closed="true" simplified="false" border="1 0 1" fill="1 0 1" mode="11"
 points="0 0,
	4096 0,
	4096 4096,
	0 4096,
	"/>
</Transform>

<Transform dim="0"
 xcoef=" 0 1 0 0 0 0"
 ycoef=" 0 0 1 0 0 0">
<Contour name="d05ax18" comment="LK bouton trace named after cfa" hidden="false" closed="true" simplified="true" border="0 1 1" fill="0.502 1 1" mode="-9"
 points="7.11385 1.07887,
	7.11982 1.04069,
	7.12221 1.03115,
	7.12459 0.95479,
	7.12817 0.935701,
	7.12936 0.897522,
	7.12936 0.878432,
	7.12817 0.87366,
	7.12459 0.868887,
	7.11863 0.830708,
	7.11982 0.811618,
	7.12221 0.802074,
	7.12698 0.792529,
	7.13652 0.75435,
	7.14129 0.73526,
	7.14129 0.725715,
	7.16158 0.649357,
	7.16874 0.611178,
	7.17232 0.592088,
	7.1747 0.582543,
	7.17947 0.572998,
	7.18186 0.568226,
	7.19021 0.558681,
	7.19976 0.555102,
	7.20453 0.555102,
	7.21407 0.551523,
	7.21885 0.551523,
	7.23794 0.545557,
	7.27612 0.541978,
	7.42883 0.534819,
	7.46701 0.533626,
	7.47656 0.532433,
	7.4861 0.536012,
	7.52428 0.562261,
	7.54337 0.576578,
	7.55291 0.58135,
	7.572 0.595667,
	7.5899 0.613564,
	7.60064 0.632653,
	7.61496 0.651743,
	7.63166 0.670833,
	7.66984 0.704239,
	7.68535 0.722136,
	7.69251 0.741226,
	7.70325 0.760315,
	7.70921 0.76986,
	7.7116 0.779405,
	7.71398 0.784177,
	7.72353 0.790143,
	7.74381 0.828322,
	7.75574 0.866501,
	7.76171 0.885591,
	7.76529 0.90468,
	7.76648 0.942859,
	7.76051 0.981039,
	7.74978 1.01922,
	7.73665 1.09558,
	7.73069 1.11467,
	7.72711 1.12421,
	7.72353 1.1433,
	7.72233 1.18148,
	7.71398 1.25784,
	7.70802 1.27693,
	7.69012 1.31511,
	7.68416 1.32465,
	7.66865 1.34374,
	7.64598 1.38192,
	7.63762 1.40101,
	7.63405 1.41055,
	7.63166 1.41533,
	7.62927 1.43442,
	7.62689 1.44396,
	7.61615 1.46305,
	7.61376 1.46782,
	7.59467 1.48095,
	7.57558 1.49169,
	7.55649 1.50004,
	7.51831 1.51316,
	7.49923 1.52151,
	7.46105 1.52271,
	7.44196 1.52151,
	7.43241 1.51793,
	7.42287 1.51078,
	7.41451 1.50123,
	7.40378 1.46305,
	7.399 1.44396,
	7.39781 1.43919,
	7.39423 1.43561,
	7.39304 1.43561,
	7.38707 1.43322,
	7.38469 1.43322,
	7.37991 1.42964,
	7.37753 1.42726,
	7.35844 1.4201,
	7.33935 1.41891,
	7.32026 1.4201,
	7.31549 1.42129,
	7.31429 1.42129,
	7.23674 1.39027,
	7.2272 1.3855,
	7.21169 1.36641,
	7.17351 1.32823,
	7.15203 1.29005,
	7.14607 1.27096,
	7.14249 1.25187,
	7.13056 1.21369,
	7.12221 1.17551,
	7.11743 1.15642,
	7.11505 1.14688,
	7.11385 1.1087,
	7.11385 1.08961,
	7.11385 1.08007,
	"/>
</Transform>

</Section>